EUROPEAN CLIMATE ASSESSMENT & DATASET (ECA&D), file created on: 20-01-2022
THESE DATA CAN BE USED FOR NON-COMMERCIAL RESEARCH AND EDUCATION PROVIDED THAT THE FOLLOWING SOURCE IS ACKNOWLEDGED: 

Klein Tank, A.M.G. and Coauthors, 2002. Daily dataset of 20th-century surface
air temperature and precipitation series for the European Climate Assessment.
Int. J. of Climatol., 22, 1441-1453.
Data and metadata available at http://www.ecad.eu

FILE FORMAT (MISSING VALUE CODE = -999999):

THIS FILE HOLDS DATA FOR STATION POLAND                                   WIELUN                                   (STAID:    924)
LATITUDE: dd:mm:ss +51:12:37
LONGITUDE: ddd:mm:ss +018:33:24
ELEVATION: m  199

DATA IS FOR INDEX Days with TN > 90th percentile of daily min temp (warm nights) (TN90p) with unit 0.01 No of days

01-06 SOUID: Source identifier
08-11 YEAR : YYYY
13-20 ANNUAL DATA VALUES
21-28 WINTER HALF YEAR DATA VALUES
29-36 SUMMER HALF YEAR DATA VALUES
37-44 WINTER (DJF) DATA VALUES
45-52 SPRING (MAM) DATA VALUES
53-60 SUMMER (JJA) DATA VALUES
61-68 AUTUMN (SON) DATA VALUES
69-76 JANUARY DATA VALUES
etc. 
157-164 DECEMBER DATA VALUES

924    1961 4500    -999999 2100    -999999 1600    1000    900     100     600     900     600     100     300     200     500     400     500     0       300     
924    1962 2800    1600    1900    1000    1300    700     100     700     0       100     900     300     500     200     0       0       100     0       0       
924    1963 3600    100     2400    0       1000    1200    1400    0       0       0       800     200     200     400     600     200     100     1100    0       
924    1964 2400    1300    1600    100     200     1100    900     0       100     0       200     0       600     300     200     300     0       600     100     
924    1965 1200    800     1000    100     200     600     300     0       0       100     0       100     200     100     300     300     0       0       100     
924    1966 4500    1700    1400    1400    700     900     1500    300     1000    300     300     100     100     600     200     100     1300    100     100     
924    1967 4800    2700    2000    600     1000    1200    1900    0       500     700     200     100     400     400     400     500     1300    100     200     
924    1968 4400    2900    2500    900     1500    1200    1000    400     300     600     500     400     500     300     400     400     100     500     0       
924    1969 3200    700     2200    100     1200    1000    900     100     0       0       500     700     300     700     0       0       0       900     0       
924    1970 2800    900     1500    0       600     600     1200    0       0       0       500     100     200     300     100     300     300     600     400     
924    1971 4500    2100    2700    900     1900    1100    200     500     0       300     400     1200    0       300     800     0       100     100     800     
924    1972 3100    1400    2100    1000    800     1200    700     0       200     200     400     200     400     600     200     300     100     300     200     
924    1973 1700    1100    900     400     600     300     400     0       200     300     100     200     0       100     200     300     0       100     200     
924    1974 3800    2100    1200    1500    500     1000    400     400     900     500     0       0       100     0       900     200     0       200     600     
924    1975 4900    2800    2300    2100    800     1200    1300    1300    200     500     0       300     600     300     300     800     500     0       100     
924    1976 2700    1400    1000    800     200     700     900     500     200     100     100     0       300     400     0       200     200     500     200     
924    1977 5000    2900    1800    1000    2000    800     1200    300     500     1200    200     600     800     0       0       200     500     500     200     
924    1978 1800    1800    600     600     400     300     600     100     300     200     100     100     100     100     100     100     200     300     100     
924    1979 4200    900     2400    100     1300    1100    900     0       0       300     0       1000    900     0       200     300     400     200     900     
924    1980 2900    1800    1000    1100    100     900     900     100     100     100     0       0       300     300     300     100     200     600     800     
924    1981 5000    2800    3100    1200    1400    1700    1500    0       400     800     200     400     900     400     400     800     300     400     0       
924    1982 3600    1300    1900    300     800     800     1500    200     100     300     200     300     200     400     200     600     200     700     200     
924    1983 5800    3200    3000    1700    2100    900     1100    1500    0       600     600     900     200     500     200     600     400     100     200     
924    1984 2500    1100    1200    600     400     500     1100    300     100     0       200     200     100     200     200     300     500     300     100     
924    1985 4800    1200    2800    300     1600    1000    900     0       200     100     700     800     200     200     600     300     500     100     1100    
924    1986 3300    2200    2200    1500    1200    1000    500     400     0       100     600     500     300     300     400     100     0       400     200     
924    1987 3200    1000    1200    400     200     900     1000    0       200     200     0       0       100     500     300     300     500     200     900     
924    1988 5000    3400    2200    2700    700     1100    700     1000    800     0       100     600     300     600     200     400     300     0       700     
924    1989 7400    3100    3100    2300    1200    1600    2000    900     700     500     700     0       100     700     800     800     1200    0       1000    
924    1990 5000    5400    1100    3400    1300    500     700     1100    1300    800     200     300     200     200     100     100     200     400     100     
924    1991 4400    2400    2200    1200    800     1400    1100    1000    100     600     200     0       100     800     500     600     400     100     0       
924    1992 4500    1900    2900    1100    800     2300    200     700     400     300     300     200     0       900     1400    100     0       100     100     
924    1993 4000    1700    1700    1200    1000    500     1100    1100    0       400     400     200     100     200     200     600     400     100     300     
924    1994 6200    2800    3200    1600    1200    1900    1200    1200    100     700     300     200     500     400     1000    800     100     300     600     
924    1995 5300    2800    2800    2100    1000    1800    1000    300     1200    300     500     200     200     1000    600     300     700     0       0       
924    1996 3300    1000    1800    300     700     1100    1200    200     100     0       400     300     600     200     300     0       500     700     0       
924    1997 3800    2500    1400    800     1100    500     1000    0       800     500     100     500     300     100     100     300     300     400     400     
924    1998 7400    4200    3700    3100    1900    1700    700     1300    1400    400     1000    500     600     600     500     500     200     0       400     
924    1999 6200    2200    3600    1400    1400    1900    1800    800     200     600     500     300     400     1100    400     900     600     300     100     
924    2000 8300    2500    3900    1000    2600    1800    2300    100     800     600     1400    600     900     300     600     100     1300    900     700     
924    2001 5400    4400    2700    1700    1400    1800    1200    400     600     500     300     600     0       800     1000    0       1200    0       0       
924    2002 9000    4000    5200    2100    2500    2900    1500    900     1200    700     500     1300    600     1300    1000    500     200     800     0       
924    2003 5500    1400    4000    200     1600    2400    1000    200     0       200     300     1100    700     900     800     200     100     700     300     
924    2004 5000    2700    2000    1100    1200    1300    1700    200     600     800     100     300     100     400     800     300     1100    300     0       
924    2005 4700    2600    3100    1000    1200    1400    1000    1000    0       200     300     700     300     600     500     700     300     0       100     
924    2006 8100    700     5000    200     1000    3500    2400    0       100     200     600     200     1000    1900    600     700     700     1000    1100    
924    2007 8000    6000    4100    3700    1800    2800    100     2100    500     600     200     1000    900     1000    900     100     0       0       700     
924    2008 6900    3200    2700    2800    600     1800    2000    1200    900     400     100     100     400     600     800     700     400     900     400     
924    2009 5700    2100    3700    600     900     2500    1700    200     0       200     500     200     500     1100    900     500     100     1100    400     
924    2010 5000    2200    3300    500     1200    2600    1100    0       100     500     200     500     500     1300    800     0       0       1100    0       
924    2011 5800    2800    3200    1300    1000    2100    800     900     400     400     300     300     800     500     800     500     300     0       600     
924    2012 7300    2900    4300    1700    2300    2600    1100    800     300     900     400     1000    500     1300    800     300     300     500     200     
924    2013 6600    1700    3800    900     1400    2400    1400    500     200     0       700     700     800     700     900     0       900     500     700     
924    2014 10200   4600    4700    2400    2300    2300    3000    1000    700     800     600     900     400     1200    700     900     1200    900     900     
924    2015 8400    4400    4300    1900    900     3300    1600    700     300     400     400     100     400     1100    1800    500     200     900     1600    
924    2016 7600    4500    4700    3200    1700    2200    1600    400     1200    200     900     600     600     1000    600     1000    300     300     500     
924    2017 6500    2800    3300    1100    2000    2200    1100    0       600     1100    500     400     500     500     1200    200     700     200     600     
924    2018 11300   3000    7900    1700    3200    3800    2600    1000    100     400     1600    1200    1400    900     1500    1300    300     1000    600     
924    2019 10700   3800    5300    1600    1800    3900    2700    100     900     900     700     200     1900    700     1300    500     1200    1000    1300    
924    2020 9500    6200    4600    3300    1000    3500    2400    800     1200    700     100     200     1300    700     1500    800     1000    600     600     
924    2021 6500    3600    3600    1400    900     2700    1600    300     500     600     100     200     1000    1300    400     600     500     500     500     
