EUROPEAN CLIMATE ASSESSMENT & DATASET (ECA&D), file created on: 20-01-2022
THESE DATA CAN BE USED FOR NON-COMMERCIAL RESEARCH AND EDUCATION PROVIDED THAT THE FOLLOWING SOURCE IS ACKNOWLEDGED: 

Klein Tank, A.M.G. and Coauthors, 2002. Daily dataset of 20th-century surface
air temperature and precipitation series for the European Climate Assessment.
Int. J. of Climatol., 22, 1441-1453.
Data and metadata available at http://www.ecad.eu

FILE FORMAT (MISSING VALUE CODE = -999999):

THIS FILE HOLDS DATA FOR STATION RUSSIAN FEDERATION                       DZHALINDA                                (STAID:   8053)
LATITUDE: dd:mm:ss +53:28:00
LONGITUDE: ddd:mm:ss +123:54:00
ELEVATION: m  266

DATA IS FOR INDEX Days with TN > 90th percentile of daily min temp (warm nights) (TN90p) with unit 0.01 No of days

01-06 SOUID: Source identifier
08-11 YEAR : YYYY
13-20 ANNUAL DATA VALUES
21-28 WINTER HALF YEAR DATA VALUES
29-36 SUMMER HALF YEAR DATA VALUES
37-44 WINTER (DJF) DATA VALUES
45-52 SPRING (MAM) DATA VALUES
53-60 SUMMER (JJA) DATA VALUES
61-68 AUTUMN (SON) DATA VALUES
69-76 JANUARY DATA VALUES
etc. 
157-164 DECEMBER DATA VALUES

8053   1942 -999999 -999999 2400    -999999 800     1200    500     -999999 -999999 0       400     400     400     400     400     400     100     0       600     
8053   1943 4700    1800    2400    1000    2000    400     1900    100     300     700     1200    100     200     0       200     700     400     800     0       
8053   1944 4800    2700    1700    1300    900     700     900     800     500     200     500     200     0       200     500     300     0       600     1000    
8053   1945 5200    -999999 3100    -999999 800     2000    1200    600     600     0       400     400     1100    400     500     300     600     300     0       
8053   1946 2900    1300    2200    100     1900    600     100     0       100     300     900     700     100     400     100     0       100     0       200     
8053   1947 7100    1600    2500    1100    2000    800     2800    400     500     400     700     900     100     600     100     100     2000    700     600     
8053   1948 -999999 4400    -999999 1100    1000    1200    -999999 500     0       600     300     100     400     500     300     700     -999999 1100    400     
8053   1949 -999999 -999999 -999999 1200    900     -999999 -999999 600     200     600     200     100     100     0       300     300     1000    -999999 1300    
8053   1950 -999999 -999999 -999999 1600    -999999 -999999 -999999 200     100     200     400     300     100     -999999 200     300     100     0       0       
8053   1951 -999999 -999999 -999999 -999999 500     -999999 -999999 0       -999999 0       500     0       0       100     0       700     200     -999999 500     
8053   1952 -999999 -999999 -999999 -999999 400     -999999 -999999 -999999 -999999 200     200     0       -999999 -999999 -999999 -999999 -999999 400     200     
8053   1953 -999999 -999999 -999999 -999999 -999999 -999999 -999999 -999999 -999999 -999999 1000    600     -999999 500     100     200     0       900     -999999 
8053   1954 3500    -999999 1800    -999999 800     1000    800     100     200     0       700     100     300     200     500     0       500     300     600     
8053   1955 -999999 -999999 1900    2300    600     900     -999999 1600    100     0       200     400     200     300     400     400     200     -999999 300     
8053   1956 4900    -999999 1200    1800    500     800     900     600     900     300     100     100     500     300     0       200     0       700     1200    
8053   1957 2600    3100    1200    2000    800     600     200     600     200     400     100     300     300     100     200     200     0       0       200     
8053   1958 1600    400     1300    400     200     900     300     0       200     0       0       200     0       600     300     200     100     0       0       
8053   1959 -999999 -999999 -999999 -999999 -999999 -999999 1300    -999999 -999999 -999999 -999999 -999999 -999999 0       100     300     0       1000    500     
8053   1960 -999999 1500    1200    500     200     900     -999999 0       0       0       0       200     600     100     200     100     0       -999999 600     
8053   1961 -999999 -999999 1300    -999999 600     400     1100    0       0       100     300     200     100     300     0       400     100     600     200     
8053   1962 2500    1500    1800    600     700     900     500     400     0       200     200     300     200     200     500     400     100     0       0       
8053   1963 -999999 1400    -999999 700     600     -999999 -999999 500     200     600     0       0       0       -999999 500     300     400     700     300     
8053   1964 4900    3000    2300    1900    900     1100    1000    100     1500    0       400     500     200     700     200     300     600     100     300     
8053   1965 -999999 1400    1600    400     900     900     600     100     0       300     400     200     0       400     500     100     400     100     -999999 
8053   1966 -999999 -999999 -999999 -999999 300     -999999 -999999 -999999 0       0       100     200     100     0       -999999 -999999 0       -999999 1200    
8053   1967 7000    -999999 3100    1800    1200    1600    3000    400     200     500     400     300     600     700     300     800     1400    800     600     
8053   1968 -999999 -999999 1600    1800    -999999 1100    -999999 400     800     -999999 300     200     800     200     100     0       400     0       100     
8053   1969 -999999 -999999 -999999 -999999 800     -999999 -999999 -999999 -999999 300     0       500     500     -999999 500     -999999 200     200     700     
8053   1970 -999999 1800    1000    1000    400     900     -999999 300     0       400     0       0       100     800     0       100     400     200     100     
8053   1971 -999999 -999999 -999999 -999999 -999999 -999999 1400    100     0       -999999 300     -999999 -999999 400     600     700     0       700     300     
8053   1972 -999999 -999999 -999999 -999999 -999999 -999999 -999999 0       -999999 400     600     -999999 300     200     300     0       -999999 200     100     
8053   1973 3600    -999999 1800    -999999 1200    600     800     700     300     500     300     400     300     100     200     500     200     100     0       
8053   1974 -999999 -999999 800     700     -999999 500     400     200     500     -999999 200     100     100     0       400     0       0       400     100     
8053   1975 5100    1900    2000    1200    1500    700     700     800     300     300     700     500     600     0       100     100     200     400     1100    
8053   1976 2300    2400    1400    1700    700     400     500     500     100     100     500     100     0       300     100     400     0       100     100     
8053   1977 2200    700     1600    500     1400    200     100     300     100     100     600     700     200     0       0       100     0       0       100     
8053   1978 3000    700     1400    400     700     1000    1000    0       300     300     100     300     200     200     600     0       400     600     0       
8053   1979 -999999 1000    2200    0       600     1500    -999999 0       0       0       300     300     800     600     100     100     200     -999999 300     
8053   1980 5200    -999999 2600    800     1200    1600    1500    200     300     600     300     300     200     500     900     400     1100    0       400     
8053   1981 5500    3500    1600    2200    900     800     1600    1700    100     200     400     300     600     100     100     100     400     1100    400     
8053   1982 1800    2500    900     1000    400     300     200     200     400     0       400     0       0       100     200     200     0       0       300     
8053   1983 6300    2300    3100    1600    1300    1900    1700    800     500     700     100     500     300     300     1300    600     500     600     100     
8053   1984 4700    2200    2700    1100    800     1500    900     600     400     0       100     700     100     1100    300     400     300     200     500     
8053   1985 3600    1200    1900    600     900     500     1800    0       100     100     700     100     400     0       100     600     400     800     300     
8053   1986 4900    2500    2700    1300    400     1800    1400    100     900     0       100     300     400     1100    300     500     800     100     300     
8053   1987 2300    1600    1200    500     500     800     700     200     0       200     200     100     0       400     400     100     400     200     100     
8053   1988 5600    1800    2900    800     1100    1500    1600    200     500     400     200     500     900     400     200     700     600     300     700     
8053   1989 4000    3600    1500    1900    1400    700     500     500     700     800     100     500     0       0       700     200     200     100     200     
8053   1990 6100    2600    4000    700     3500    2000    100     200     300     1600    1000    900     1400    200     400     100     0       0       0       
8053   1991 5400    900     3500    0       1500    2200    1000    0       0       900     500     100     0       1500    700     700     200     100     700     
8053   1992 3900    2500    1400    1300    1400    900     400     500     100     900     100     400     200     300     400     0       100     300     600     
8053   1993 5000    2800    2200    1900    1700    700     900     1100    200     500     200     1000    500     0       200     300     100     500     400     
8053   1994 4100    1700    2000    500     1400    900     1600    0       100     600     100     700     200     600     100     300     1000    300     100     
8053   1995 3600    2400    1900    1000    300     1700    400     300     600     100     200     0       200     500     1000    0       300     100     300     
8053   1996 3700    1800    1300    1300    800     600     1000    100     900     100     200     500     0       300     300     0       500     500     300     
8053   1997 5500    2100    3100    700     2400    600     2000    200     200     400     1400    600     100     300     200     500     1100    400     100     
8053   1998 4100    2800    2300    600     900     2000    400     200     300     700     200     0       300     800     900     100     200     100     300     
8053   1999 6000    1500    3700    1200    1200    2100    1100    400     500     0       400     800     800     700     600     400     100     600     700     
8053   2000 3700    3000    1600    2100    1000    800     500     500     900     200     400     400     400     200     200     0       200     300     0       
8053   2001 8000    1700    4300    1100    900     3200    1300    400     700     100     0       800     1600    1100    500     300     200     800     1500    
8053   2002 4300    3400    2800    1800    1000    2400    400     0       300     600     200     200     1100    500     800     0       300     100     200     
8053   2003 5300    1500    3000    400     1800    1200    1200    200     0       700     600     500     300     500     400     700     300     200     900     
8053   2004 -999999 1700    -999999 1000    300     -999999 -999999 100     0       200     100     0       0       -999999 -999999 300     -999999 -999999 -999999 
8053   2005 7500    -999999 3900    -999999 1700    1800    1700    1100    500     400     500     800     800     800     200     800     400     500     700     
8053   2006 5800    3300    3000    2100    600     2000    1300    1000    400     300     0       300     400     1200    400     700     0       600     500     
8053   2007 6500    2400    4100    1400    2100    1700    1800    900     0       400     900     800     800     500     400     700     400     700     0       
8053   2008 6200    3000    2900    1400    1100    2200    1000    1100    300     500     400     200     800     400     1000    100     900     0       500     
8053   2009 6800    2800    3700    1700    1100    2400    1900    1200    0       200     600     300     1000    700     700     400     700     800     200     
8053   2010 6000    3100    3600    1600    1400    2000    1200    500     900     0       200     1200    600     1000    400     200     300     700     0       
8053   2011 9400    3500    4800    1100    3700    2100    1900    1000    100     1400    1100    1200    400     500     1200    400     700     800     600     
8053   2012 6000    3700    3600    1900    1500    2100    800     400     900     300     0       1200    1100    900     100     300     200     300     300     
8053   2013 5300    900     3900    300     2500    800     1700    0       0       100     400     2000    300     300     200     700     300     700     300     
8053   2014 6700    2600    4700    500     3500    1900    800     100     100     1100    1400    1000    1200    200     500     400     400     0       300     
8053   2015 5300    1900    2600    700     1200    1700    1700    0       400     800     100     300     800     500     400     500     300     900     300     
8053   2016 7300    4700    2500    2600    1500    1200    2300    1900    400     900     500     100     800     100     300     700     600     1000    0       
8053   2017 5800    4100    2100    800     2400    1200    1300    600     200     1700    600     100     700     0       500     200     300     800     100     
8053   2018 7900    2500    4100    1300    1200    2500    2300    600     600     100     500     600     2000    0       500     500     1800    0       700     
8053   2019 -999999 -999999 -999999 1800    -999999 -999999 -999999 400     700     -999999 500     -999999 -999999 -999999 -999999 -999999 -999999 -999999 -999999 
