EUROPEAN CLIMATE ASSESSMENT & DATASET (ECA&D), file created on: 20-01-2022
THESE DATA CAN BE USED FOR NON-COMMERCIAL RESEARCH AND EDUCATION PROVIDED THAT THE FOLLOWING SOURCE IS ACKNOWLEDGED: 

Klein Tank, A.M.G. and Coauthors, 2002. Daily dataset of 20th-century surface
air temperature and precipitation series for the European Climate Assessment.
Int. J. of Climatol., 22, 1441-1453.
Data and metadata available at http://www.ecad.eu

FILE FORMAT (MISSING VALUE CODE = -999999):

THIS FILE HOLDS DATA FOR STATION SWEDEN                                   KATTERJAKK                               (STAID:   3540)
LATITUDE: dd:mm:ss +68:25:18
LONGITUDE: ddd:mm:ss +018:10:10
ELEVATION: m  515

DATA IS FOR INDEX Days with TN > 90th percentile of daily min temp (warm nights) (TN90p) with unit 0.01 No of days

01-06 SOUID: Source identifier
08-11 YEAR : YYYY
13-20 ANNUAL DATA VALUES
21-28 WINTER HALF YEAR DATA VALUES
29-36 SUMMER HALF YEAR DATA VALUES
37-44 WINTER (DJF) DATA VALUES
45-52 SPRING (MAM) DATA VALUES
53-60 SUMMER (JJA) DATA VALUES
61-68 AUTUMN (SON) DATA VALUES
69-76 JANUARY DATA VALUES
etc. 
157-164 DECEMBER DATA VALUES

3540   1904 -999999 -999999 -999999 -999999 -999999 -999999 200     -999999 -999999 -999999 -999999 -999999 -999999 -999999 0       200     0       0       0       
3540   1905 1800    600     600     500     100     600     0       500     0       100     0       0       0       600     0       0       0       0       600     
3540   1906 3200    1100    2200    1100    900     600     1100    400     100     0       400     500     0       400     200     700     300     100     100     
3540   1907 3000    1900    800     500     1400    400     600     200     200     1000    400     0       400     0       0       0       100     500     200     
3540   1908 2800    1600    900     600     500     700     1000    400     0       400     100     0       0       200     500     100     800     100     200     
3540   1909 2500    2700    700     1800    200     400     100     1100    500     0       200     0       0       0       400     100     0       0       200     
3540   1910 3000    1500    1600    1200    700     700     600     600     400     300     200     200     200     0       500     500     100     0       0       
3540   1911 3300    1100    1900    500     1600    600     -999999 200     300     500     300     800     100     200     300     -999999 100     300     0       
3540   1912 2400    600     1800    200     400     1400    400     200     0       0       100     300     800     100     500     0       200     200     0       
3540   1913 3100    1000    2100    500     1100    900     400     0       500     100     800     200     0       700     200     200     0       200     200     
3540   1914 2900    1100    1700    800     800     700     600     600     0       100     700     0       0       700     0       300     100     200     200     
3540   1915 1300    700     600     400     0       500     -999999 200     0       0       0       0       0       400     100     100     -999999 500     0       
3540   1916 3800    1600    2100    1000    400     1700    700     700     300     100     300     0       200     1500    0       100     0       600     0       
3540   1917 2900    1900    1100    1100    200     1100    400     1000    100     200     0       0       0       0       1100    0       100     300     100     
3540   1918 4100    2300    1200    800     1300    1000    900     300     400     1100    200     0       0       1000    0       0       100     800     200     
3540   1919 2100    1600    1500    700     700     800     100     400     100     0       0       700     300     500     0       0       100     0       0       
3540   1920 6300    1600    2300    400     2300    400     2300    0       400     1100    900     300     100     300     0       700     800     800     900     
3540   1921 2800    3700    1100    1400    1700    100     200     100     400     700     800     200     0       0       100     0       0       200     300     
3540   1922 4200    1400    3100    1200    1300    1400    600     500     400     0       500     800     700     500     200     400     200     0       0       
3540   1923 2600    1900    600     200     1900    200     100     100     100     1500    400     0       0       200     0       0       0       100     200     
3540   1924 3500    700     1700    500     200     1500    700     300     0       100     0       100     0       800     700     100     100     500     800     
3540   1925 3200    2700    1600    1900    900     900     300     1100    0       200     600     100     0       800     100     0       0       300     0       
3540   1926 2400    1000    800     300     700     300     800     200     100     400     200     100     0       100     200     200     0       600     300     
3540   1927 4800    1800    3100    1000    200     2700    600     0       700     200     0       0       300     1800    600     400     100     100     600     
3540   1928 3600    1800    2000    1200    900     1000    900     100     500     400     400     100     100     0       900     500     100     300     200     
3540   1929 3200    2400    900     1100    1500    0       300     700     200     900     100     500     0       0       0       300     0       0       500     
3540   1930 6600    1900    4700    1700    1500    3400    400     500     700     200     600     700     300     1500    1600    0       400     0       100     
3540   1931 3500    1200    1500    300     1100    900     500     200     0       500     200     400     0       800     100     0       0       500     800     
3540   1932 4600    3500    800     2400    800     600     400     1100    500     600     200     0       0       600     0       0       0       400     1200    
3540   1933 5100    3000    2300    2000    600     1800    1200    800     0       600     0       0       400     600     800     500     0       700     700     
3540   1934 8600    2800    6400    1800    1200    3500    2700    900     200     300     200     700     300     1700    1500    2000    200     500     100     
3540   1935 2900    2400    600     800     900     400     500     600     100     900     0       0       0       0       400     200     100     200     400     
3540   1936 5300    900     3900    400     1000    2300    1400    0       0       200     300     500     900     700     700     800     0       600     600     
3540   1937 7500    1500    6000    900     1200    4600    1000    300     0       0       600     600     800     1800    2000    200     500     300     400     
3540   1938 6300    2700    3000    1400    700     2000    2200    200     800     500     100     100     200     1500    300     800     800     600     400     
3540   1939 4600    2100    3100    500     300     2200    1500    100     0       200     0       100     200     1000    1000    800     100     600     500     
3540   1940 4800    2300    2700    1600    1400    700     900     800     300     0       100     1300    500     100     100     600     300     0       700     
3540   1941 4400    2000    2700    1300    800     1900    900     600     0       400     0       400     0       1300    600     400     200     300     200     
3540   1942 2500    1200    1300    500     1000    300     600     100     200     200     600     200     0       0       300     200     0       400     300     
3540   1943 4700    2000    1800    600     1300    1000    1300    0       300     1000    0       300     300     400     300     500     300     500     800     
3540   1944 3700    2600    1800    1300    600     700     1500    300     200     500     100     0       200     300     200     1000    400     100     400     
3540   1945 3900    1600    2500    600     1200    1300    1000    100     100     500     400     300     0       900     400     500     100     400     200     
3540   1946 6600    1800    3600    1000    900     1500    2300    800     0       300     300     300     300     400     800     1500    200     600     1100    
3540   1947 4200    2600    2900    1700    600     1800    800     600     0       100     200     300     800     600     400     600     200     0       400     
3540   1948 4400    1500    2300    500     1800    1100    900     0       100     800     600     400     400     700     0       200     0       700     500     
3540   1949 4900    2600    2200    1400    900     600     2400    600     300     500     300     100     0       200     400     1200    300     900     100     
3540   1950 4900    2400    2800    700     1300    1700    1100    600     0       500     400     400     200     300     1200    300     700     100     200     
3540   1951 4000    1300    1800    300     200     1200    2100    100     0       200     0       0       0       0       1200    600     1400    100     400     
3540   1952 1600    2400    1000    900     800     200     100     400     100     0       700     100     100     100     0       0       0       100     0       
3540   1953 5700    1200    2700    200     1400    1800    1600    200     0       900     300     200     700     200     900     400     600     600     700     
3540   1954 3900    2800    2300    900     1500    1200    300     100     100     700     100     700     0       1100    100     300     0       0       700     
3540   1955 2200    1200    1500    1000    300     800     800     300     0       200     100     0       0       100     700     600     0       200     0       
3540   1956 3000    900     1400    400     500     1000    500     400     0       300     100     100     300     700     0       200     100     200     600     
3540   1957 3900    1500    2200    1000    800     1300    1200    300     100     200     600     0       100     1200    0       300     100     800     200     
3540   1958 4600    1400    2800    400     300     2200    1900    0       200     100     100     100     200     700     1300    400     400     1100    0       
3540   1959 7700    5300    2600    2200    3000    1200    1300    500     1700    1600    700     700     200     400     600     0       600     700     0       
3540   1960 7300    2800    5600    400     2800    3300    600     100     300     1100    500     1200    300     1600    1400    600     0       0       200     
3540   1961 6100    1700    2700    900     800     1700    2700    300     400     800     0       0       500     1100    100     1000    1200    500     200     
3540   1962 2500    2800    800     1100    500     200     700     400     500     0       500     0       0       100     100     100     100     500     200     
3540   1963 6900    1900    4600    800     3300    800     1500    400     200     500     900     1900    0       100     700     1000    200     300     700     
3540   1964 5600    3400    1500    2300    1300    800     1400    1500    100     600     200     500     0       400     400     0       900     500     500     
3540   1965 2700    2400    1400    900     400     600     1300    0       400     100     300     0       0       0       600     500     700     100     0       
3540   1966 2400    1000    1600    100     300     1400    300     100     0       100     200     0       1100    200     100     0       0       300     300     
3540   1967 4400    1200    2600    500     1100    900     2200    0       200     400     500     200     100     100     700     1000    0       1200    0       
3540   1968 4000    2000    1300    400     500     300     1700    200     200     400     100     0       100     0       200     900     100     700     1100    
3540   1969 3300    2300    2600    1200    500     2400    200     0       100     300     200     0       500     300     1600    0       200     0       100     
3540   1970 4200    700     2100    500     500     1500    900     400     0       0       0       500     600     700     200     100     400     400     900     
3540   1971 3100    2300    1200    1400    600     500     900     400     100     100     100     400     200     0       300     200     400     300     600     
3540   1972 5000    2400    2600    1400    500     2400    200     700     100     300     200     0       1000    1000    400     0       100     100     1100    
3540   1973 2300    2800    700     1900    700     700     0       700     100     700     0       0       0       700     0       0       0       0       100     
3540   1974 5400    1800    3200    700     2800    1200    800     200     400     1100    1000    700     800     300     100     300     200     300     0       
3540   1975 3600    2400    500     1200    900     100     1400    300     900     700     0       200     0       100     0       200     400     800     0       
3540   1976 2500    2100    1300    900     900     300     200     100     800     0       100     800     200     0       100     100     0       100     200     
3540   1977 1800    800     400     300     400     400     600     0       100     400     0       0       0       300     100     0       0       600     300     
3540   1978 3100    1000    1900    400     500     1200    900     100     0       0       0       500     400     600     200     200     100     600     400     
3540   1979 2500    1600    1700    700     200     1600    200     100     200     200     0       0       500     300     800     100     0       100     200     
3540   1980 4500    800     3700    700     1100    2300    600     100     400     0       600     500     1100    400     800     300     200     100     0       
3540   1981 2600    900     2000    500     1700    300     100     400     100     100     800     800     0       100     200     100     0       0       0       
3540   1982 3800    1700    800     1400    700     400     900     400     1000    300     400     0       0       200     200     0       500     400     400     
3540   1983 3400    1700    2700    800     1400    400     1100    0       400     0       800     600     200     200     0       900     100     100     100     
3540   1984 4900    1100    3100    800     1800    1200    800     100     600     100     500     1200    800     0       400     200     600     0       400     
3540   1985 2800    1700    1600    800     500     1200    500     400     0       300     0       200     200     300     700     200     100     200     200     
3540   1986 3800    1800    1700    800     1300    1100    600     0       600     700     400     200     700     400     0       0       100     500     200     
3540   1987 2800    1800    300     1200    100     200     1300    700     300     0       100     0       0       200     0       0       1300    0       200     
3540   1988 3400    1900    2100    600     300     1100    1300    300     100     0       200     100     100     900     100     700     400     200     300     
3540   1989 4600    2800    1600    1500    1600    500     700     1100    100     700     700     200     100     0       400     200     0       500     600     
3540   1990 6200    2700    3000    1600    1900    1400    1200    400     600     600     1000    300     300     100     1000    300     700     200     700     
3540   1991 4700    3500    1200    2100    1100    500     700     1300    100     500     600     0       0       200     300     100     400     200     1000    
3540   1992 5500    3900    2200    2400    1500    800     1000    1100    300     900     200     400     800     0       0       800     100     100     800     
3540   1993 2700    2800    700     2100    900     200     300     500     800     500     200     200     0       200     0       100     0       200     0       
3540   1994 3300    800     1400    400     1100    500     700     0       400     200     500     400     0       100     400     0       200     500     600     
3540   1995 2800    2200    1200    900     900     600     600     300     0       600     100     200     200     200     200     300     100     200     400     
3540   1996 2700    1800    1300    1100    400     1100    400     700     0       400     0       0       0       100     1000    200     100     100     100     
3540   1997 5400    1400    2800    700     700     1700    1300    400     200     500     0       200     300     800     600     900     200     200     1100    
3540   1998 3700    2700    2000    1500    1200    1300    500     400     0       800     300     100     100     900     300     300     100     100     300     
3540   1999 5400    1300    2900    600     1300    1400    2300    100     200     500     700     100     900     300     200     700     300     1300    100     
3540   2000 5600    3400    1900    1100    1100    700     2500    700     300     700     0       400     0       500     200     800     1600    100     300     
3540   2001 5900    2900    3200    1200    800     1000    2400    600     300     0       500     300     400     200     400     1400    600     400     800     
3540   2002 9100    3600    6400    1900    3200    3700    400     1100    0       700     1200    1300    1500    800     1400    200     0       200     700     
3540   2003 8000    3300    4300    2000    2200    2500    1800    0       1300    1100    500     600     0       1500    1000    700     100     1000    200     
3540   2004 6800    2900    3700    900     2000    1800    1700    0       700     900     400     700     0       1000    800     800     200     700     600     
3540   2005 6500    2500    3600    1100    1300    2600    1900    200     300     500     800     0       400     1400    800     200     800     900     200     
3540   2006 6900    3500    4100    1500    1500    1700    1900    1000    300     300     500     700     300     200     1200    1200    200     500     500     
3540   2007 5500    2200    2600    600     1400    2000    900     0       100     900     500     0       700     900     400     100     600     200     1100    
3540   2008 3300    2700    1500    1700    1100    300     500     300     300     200     300     600     300     0       0       300     100     100     800     
3540   2009 5800    2000    4500    1500    1900    1900    1100    400     300     300     700     900     100     500     1300    1000    100     0       200     
3540   2010 2800    1000    1300    900     700     100     1000    500     200     0       200     500     0       0       100     500     500     0       300     
3540   2011 8600    1600    4700    600     1800    2000    4000    300     0       500     1100    200     800     400     800     1400    700     1900    500     
3540   2012 1700    4000    700     700     800     600     100     0       200     700     100     0       0       100     500     0       0       100     0       
3540   2013 6600    900     5200    700     1900    2200    1600    300     400     100     700     1100    1100    600     500     1200    300     100     200     
3540   2014 7000    1900    5000    400     1600    3600    1400    0       200     1100    400     100     900     2100    600     900     0       500     200     
3540   2015 6700    2400    3300    700     2100    1000    2700    100     400     1200    700     200     0       0       1000    1400    700     600     400     
3540   2016 7500    2600    4300    500     2300    1200    2200    100     0       800     400     1100    100     900     200     1600    400     200     1700    
3540   2017 3300    4100    1200    3000    800     700     300     900     400     500     200     100     300     300     100     200     0       100     200     
3540   2018 6700    300     4100    200     1500    1800    2900    0       0       0       500     1000    100     1100    600     800     400     1700    500     
3540   2019 5000    4500    2700    1900    1700    1200    600     800     600     500     900     300     100     400     700     300     0       300     100     
3540   2020 4600    2100    1200    1100    1100    500     1900    700     300     700     400     0       100     200     200     300     700     900     100     
3540   2021 4300    3100    1700    700     1200    1200    1100    400     200     800     300     100     500     400     300     100     600     400     200     
