EUROPEAN CLIMATE ASSESSMENT & DATASET (ECA&D), file created on: 20-01-2022
THESE DATA CAN BE USED FOR NON-COMMERCIAL RESEARCH AND EDUCATION PROVIDED THAT THE FOLLOWING SOURCE IS ACKNOWLEDGED: 

Klein Tank, A.M.G. and Coauthors, 2002. Daily dataset of 20th-century surface
air temperature and precipitation series for the European Climate Assessment.
Int. J. of Climatol., 22, 1441-1453.
Data and metadata available at http://www.ecad.eu

FILE FORMAT (MISSING VALUE CODE = -999999):

THIS FILE HOLDS DATA FOR STATION GEORGIA                                  BABUSHERA                                (STAID:  20095)
LATITUDE: dd:mm:ss +42:52:00
LONGITUDE: ddd:mm:ss +041:07:59
ELEVATION: m    6

DATA IS FOR INDEX Days with TN > 90th percentile of daily min temp (warm nights) (TN90p) with unit 0.01 No of days

01-06 SOUID: Source identifier
08-11 YEAR : YYYY
13-20 ANNUAL DATA VALUES
21-28 WINTER HALF YEAR DATA VALUES
29-36 SUMMER HALF YEAR DATA VALUES
37-44 WINTER (DJF) DATA VALUES
45-52 SPRING (MAM) DATA VALUES
53-60 SUMMER (JJA) DATA VALUES
61-68 AUTUMN (SON) DATA VALUES
69-76 JANUARY DATA VALUES
etc. 
157-164 DECEMBER DATA VALUES

20095  1955 4400    -999999 1600    -999999 400     800     1600    500     900     100     0       300     400     300     100     500     800     300     200     
20095  1956 1900    1700    1200    600     200     900     400     300     100     0       200     0       200     0       700     100     200     100     0       
20095  1957 5100    700     3300    300     1400    900     2300    200     100     100     500     800     300     0       600     1100    800     400     200     
20095  1958 3200    2400    1800    900     1600    500     200     500     200     300     400     900     400     0       100     0       200     0       200     
20095  1959 2100    1100    1000    900     300     700     400     700     0       0       200     100     100     600     0       0       100     300     0       
20095  1960 2700    1500    1000    900     400     800     400     500     400     200     200     0       300     400     100     0       200     200     200     
20095  1961 3200    1100    1700    500     800     1100    300     0       300     200     300     300     700     100     300     0       100     200     700     
20095  1962 5100    2500    1800    1400    1200    1000    1300    500     200     800     300     100     0       600     400     400     700     200     900     
20095  1963 4700    3900    1800    2800    600     700     1000    1000    900     200     200     200     100     600     0       700     200     100     500     
20095  1964 2200    1200    1600    800     600     800     500     0       300     100     300     200     500     300     0       300     0       200     0       
20095  1965 3700    800     1900    300     700     1400    600     100     200     300     400     0       600     200     600     100     0       500     700     
20095  1966 9200    5100    3400    3900    1700    2200    1500    2000    1200    700     600     400     500     600     1100    200     300     1000    600     
20095  1967 2000    2200    500     900     400     0       1200    300     0       0       0       400     0       0       0       100     400     700     100     
20095  1968 3900    1600    1900    400     1500    300     1500    200     100     100     0       1400    0       100     200     200     200     1100    300     
20095  1969 3000    2000    1600    500     600     700     900     200     0       200     200     200     300     100     300     500     200     200     600     
20095  1970 4600    2900    1800    1900    1800    500     800     500     800     600     500     700     100     300     100     100     400     300     200     
20095  1971 4300    1900    2900    800     1000    1000    1500    400     200     400     100     500     0       400     600     1300    0       200     200     
20095  1972 4800    700     3300    300     1300    1900    1500    0       100     200     900     200     600     600     700     300     1200    0       0       
20095  1973 2000    1800    300     500     200     200     900     100     400     100     100     0       100     100     0       0       800     100     200     
20095  1974 3100    1400    900     200     300     700     2000    0       0       300     0       0       400     0       300     200     1200    600     100     
20095  1975 4900    2500    3700    200     1900    2000    900     100     0       500     1000    400     1200    500     300     300     200     400     0       
20095  1976 1600    800     800     200     400     300     400     200     0       0       400     0       0       200     100     100     300     0       300     
20095  1977 2400    1600    1100    1300    400     400     600     100     900     0       400     0       0       0       400     300     0       300     0       
20095  1978 2900    1800    900     800     900     300     700     300     500     700     200     0       200     100     0       400     300     0       200     
20095  1979 6800    2600    3600    1500    2400    1600    1500    600     700     800     700     900     300     300     1000    400     600     500     0       
20095  1980 3200    1400    1700    100     300     1500    500     0       100     200     100     0       300     1000    200     100     0       400     800     
20095  1981 5900    2500    2500    1800    600     1800    1400    600     400     300     200     100     500     900     400     400     900     100     1100    
20095  1982 2100    2400    1200    1300    900     300     600     100     100     100     600     200     100     0       200     100     500     0       100     
20095  1983 4100    1300    2700    400     1500    1500    500     100     200     400     300     800     400     1000    100     100     100     300     300     
20095  1984 3700    2400    1700    1100    1600    400     900     700     100     900     300     400     300     100     0       600     300     0       0       
20095  1985 4200    2000    1700    1200    1500    600     900     1000    200     500     0       1000    300     0       300     100     100     700     0       
20095  1986 5300    2200    3700    1000    600     2200    1500    400     600     400     200     0       500     600     1100    1300    0       200     0       
20095  1987 2900    900     1300    600     500     800     700     400     200     100     200     200     300     200     300     100     200     400     300     
20095  1988 2000    1400    1100    600     500     800     200     0       300     200     100     200     300     200     300     0       100     100     200     
20095  1989 2200    500     2100    300     1000    900     200     0       100     0       500     500     200     300     400     200     0       0       0       
20095  1990 4100    400     2100    300     700     1200    1300    100     200     100     600     0       500     700     0       300     200     800     600     
20095  1991 4300    1900    3400    700     1000    2500    600     100     0       200     600     200     800     900     800     100     500     0       100     
20095  1992 -999999 900     -999999 200     400     500     -999999 0       100     200     200     0       500     0       0       -999999 -999999 -999999 -999999 
