EUROPEAN CLIMATE ASSESSMENT & DATASET (ECA&D), file created on: 20-01-2022
THESE DATA CAN BE USED FOR NON-COMMERCIAL RESEARCH AND EDUCATION PROVIDED THAT THE FOLLOWING SOURCE IS ACKNOWLEDGED: 

Klein Tank, A.M.G. and Coauthors, 2002. Daily dataset of 20th-century surface
air temperature and precipitation series for the European Climate Assessment.
Int. J. of Climatol., 22, 1441-1453.
Data and metadata available at http://www.ecad.eu

FILE FORMAT (MISSING VALUE CODE = -999999):

THIS FILE HOLDS DATA FOR STATION SWEDEN                                   TRUBADUREN                               (STAID:   5293)
LATITUDE: dd:mm:ss +57:36:00
LONGITUDE: ddd:mm:ss +011:38:24
ELEVATION: m    1

DATA IS FOR INDEX Days with TN > 90th percentile of daily min temp (warm nights) (TN90p) with unit 0.01 No of days

01-06 SOUID: Source identifier
08-11 YEAR : YYYY
13-20 ANNUAL DATA VALUES
21-28 WINTER HALF YEAR DATA VALUES
29-36 SUMMER HALF YEAR DATA VALUES
37-44 WINTER (DJF) DATA VALUES
45-52 SPRING (MAM) DATA VALUES
53-60 SUMMER (JJA) DATA VALUES
61-68 AUTUMN (SON) DATA VALUES
69-76 JANUARY DATA VALUES
etc. 
157-164 DECEMBER DATA VALUES

5293   1927 -999999 -999999 -999999 -999999 -999999 -999999 -999999 -999999 -999999 -999999 -999999 -999999 -999999 -999999 -999999 -999999 -999999 -999999 -999999 
5293   1928 -999999 -999999 -999999 -999999 -999999 -999999 -999999 -999999 -999999 -999999 -999999 -999999 -999999 -999999 -999999 -999999 -999999 -999999 -999999 
5293   1929 -999999 -999999 -999999 -999999 -999999 -999999 -999999 -999999 -999999 -999999 -999999 -999999 -999999 -999999 -999999 -999999 -999999 -999999 -999999 
5293   1930 -999999 -999999 -999999 -999999 -999999 -999999 -999999 -999999 -999999 -999999 -999999 -999999 -999999 -999999 -999999 -999999 -999999 -999999 -999999 
5293   1931 -999999 -999999 -999999 -999999 -999999 -999999 -999999 -999999 -999999 -999999 -999999 -999999 -999999 -999999 -999999 -999999 -999999 -999999 -999999 
5293   1932 -999999 -999999 -999999 -999999 -999999 -999999 -999999 -999999 -999999 -999999 -999999 -999999 -999999 -999999 -999999 -999999 -999999 -999999 -999999 
5293   1933 -999999 -999999 -999999 -999999 -999999 -999999 -999999 -999999 -999999 -999999 -999999 -999999 -999999 -999999 -999999 -999999 -999999 -999999 -999999 
5293   1934 -999999 -999999 -999999 -999999 -999999 -999999 -999999 -999999 -999999 -999999 -999999 -999999 -999999 -999999 -999999 -999999 -999999 -999999 -999999 
5293   1935 -999999 -999999 -999999 -999999 -999999 -999999 -999999 -999999 -999999 -999999 -999999 -999999 -999999 -999999 -999999 -999999 -999999 -999999 -999999 
5293   1936 -999999 -999999 -999999 -999999 -999999 -999999 -999999 -999999 -999999 -999999 -999999 -999999 -999999 -999999 -999999 -999999 -999999 -999999 -999999 
5293   1937 -999999 -999999 -999999 -999999 -999999 -999999 -999999 -999999 -999999 -999999 -999999 -999999 -999999 -999999 -999999 -999999 -999999 -999999 -999999 
5293   1938 -999999 -999999 -999999 -999999 -999999 -999999 -999999 -999999 -999999 -999999 -999999 -999999 -999999 -999999 -999999 -999999 -999999 -999999 -999999 
5293   1939 -999999 -999999 -999999 -999999 -999999 -999999 -999999 -999999 -999999 -999999 -999999 -999999 -999999 -999999 -999999 -999999 -999999 -999999 -999999 
5293   1940 -999999 -999999 -999999 -999999 -999999 -999999 -999999 -999999 -999999 -999999 -999999 -999999 -999999 -999999 -999999 -999999 -999999 -999999 -999999 
5293   1941 -999999 -999999 -999999 -999999 -999999 1200    0       -999999 -999999 -999999 -999999 0       200     800     200     0       0       0       200     
5293   1942 1600    200     1000    200     100     600     700     0       0       0       100     0       0       0       600     300     100     300     200     
5293   1943 3900    2600    1700    1500    1700    700     100     0       1300    700     1000    0       100     500     100     0       100     0       100     
5293   1944 3100    1500    1700    1400    0       1700    100     900     400     0       0       0       0       500     1200    0       0       100     0       
5293   1945 3700    1100    2200    200     1700    1000    800     0       200     800     900     0       0       700     300     300     400     100     0       
5293   1946 1600    900     1200    400     1100    100     0       100     300     0       700     400     0       100     0       0       0       0       0       
5293   1947 4700    0       3900    0       600     2100    2000    0       0       0       0       600     600     500     1000    1200    700     100     0       
5293   1948 3900    800     3300    0       2200    800     400     0       0       0       1600    600     100     500     200     300     0       100     500     
5293   1949 5800    2400    2900    2300    600     700     2500    500     1300    0       200     400     -999999 700     0       1600    600     300     200     
5293   1950 2100    1600    1300    400     1300    300     300     0       200     300     500     500     0       0       300     0       300     0       0       
5293   1951 1400    300     500     0       0       100     700     0       0       0       0       0       0       0       100     400     0       300     600     
5293   1952 600     1200    300     900     200     100     0       100     200     0       100     100     0       100     0       0       0       0       0       
5293   1953 3500    300     1400    200     400     1100    1400    200     0       100     300     0       700     400     0       0       700     700     400     
5293   1954 1200    1900    700     500     300     0       500     100     0       0       0       300     0       0       0       400     0       100     300     
5293   1955 3800    400     3100    300     0       2300    1300    0       0       0       0       0       0       900     1400    800     500     0       200     
5293   1956 1300    700     300     200     100     200     400     0       0       0       100     0       100     100     0       0       300     100     600     
5293   1957 1700    1300    800     900     400     400     600     200     100     0       400     0       0       400     0       0       100     500     0       
5293   1958 3200    600     1700    0       0       800     2300    0       0       0       0       0       300     500     0       900     1300    100     100     
5293   1959 7200    2800    5000    700     2200    2800    1600    0       600     700     1100    400     100     1100    1600    700     500     400     0       
5293   1960 2800    1200    2300    300     600     800     900     300     0       0       0       600     300     0       500     900     0       0       200     
5293   1961 6100    2700    2300    1000    2800    600     1900    0       800     1700    900     200     600     0       0       600     1200    100     0       
5293   1962 900     1500    300     200     300     0       400     100     100     0       300     0       0       0       0       0       400     0       0       
5293   1963 1900    400     1300    0       600     600     700     0       0       0       0       600     300     300     0       100     200     400     0       
5293   1964 2000    1000    700     400     600     100     500     100     300     0       300     300     100     0       0       0       0       500     400     
5293   1965 500     900     300     400     0       0       500     0       0       0       0       0       0       0       0       300     100     100     0       
5293   1966 1900    200     1300    0       200     1100    400     0       0       0       100     100     800     300     0       0       400     0       200     
5293   1967 3200    1600    600     400     1100    300     1200    0       200     800     100     200     0       300     0       0       600     600     400     
5293   1968 4600    2100    3800    600     1100    1800    1500    100     100     300     700     100     600     200     1000    1200    300     0       0       
5293   1969 4000    300     3500    0       0       2400    1600    0       0       0       0       0       900     300     1200    1100    500     0       0       
5293   1970 1400    500     1100    0       0       1000    200     0       0       0       0       0       900     100     0       100     100     0       200     
5293   1971 3700    400     1300    300     700     600     700     0       100     0       0       700     100     400     100     0       400     300     1600    
5293   1972 3000    2400    1800    1600    700     1200    200     0       0       100     400     200     100     1100    0       0       0       200     900     
5293   1973 3700    2700    2000    1600    1200    1600    200     100     600     900     0       300     500     800     300     100     0       100     0       
5293   1974 2500    600     1200    500     500     200     800     100     400     0       400     100     0       0       200     500     0       300     500     
5293   1975 6700    2200    3600    1800    600     2000    1800    1200    100     100     0       500     100     0       1900    1100    400     300     1000    
5293   1976 3600    2200    2700    1500    400     2300    400     200     300     0       100     300     0       1200    1100    0       0       400     0       
5293   1977 2400    400     900     0       200     600     1300    0       0       0       0       200     300     300     0       100     600     600     300     
5293   1978 3600    1600    1700    400     500     1200    1800    100     0       0       0       500     600     200     400     0       300     1500    0       
5293   1979 700     1800    200     0       100     100     0       0       0       0       0       100     100     0       0       0       0       0       500     
5293   1980 2400    500     1500    500     400     1000    400     0       0       0       100     300     300     500     200     100     0       300     600     
5293   1981 2800    1100    2200    800     1000    300     1300    0       200     0       400     600     0       200     100     900     200     200     0       
5293   1982 5700    400     3800    0       900     1900    2600    0       0       0       700     200     300     700     900     1000    300     1300    300     
5293   1983 6200    4700    2900    2500    1400    1800    700     2200    0       600     700     100     100     1200    500     300     200     200     100     
5293   1984 2600    500     1200    100     400     800     1000    0       0       0       0       400     0       0       800     0       600     400     400     
5293   1985 1200    1400    500     400     400     100     500     0       0       0       0       400     100     0       0       0       500     0       200     
5293   1986 2200    700     1100    200     500     600     500     0       0       0       0       500     400     200     0       0       0       500     600     
5293   1987 1300    1100    400     600     400     0       400     0       0       0       200     200     0       0       0       0       300     100     500     
5293   1988 7200    2800    4200    2300    1500    1700    1300    1100    700     100     600     800     1000    700     0       1100    0       200     900     
5293   1989 13600   8700    3800    6400    3800    1400    2500    2900    2600    2100    900     800     500     800     100     700     1100    700     400     
5293   1990 12600   9100    4800    4900    5300    1800    900     1900    2600    2400    1800    1100    100     400     1300    100     300     500     100     
5293   1991 6800    1800    4500    600     1900    1800    2000    400     100     400     1500    0       0       800     1000    1200    300     500     600     
5293   1992 10400   6200    4600    3900    3400    2400    500     1400    1900    1500    400     1500    1700    500     200     300     0       200     800     
5293   1993 5100    3100    2800    2200    3400    100     0       800     600     700     1000    1700    100     0       0       0       0       0       200     
5293   1994 6700    1100    4100    600     2100    2500    900     400     0       500     1100    500     0       1700    800     0       100     800     800     
5293   1995 7700    3600    4300    2300    1100    2900    2200    100     1400    400     600     100     300     700     1900    700     1400    100     0       
5293   1996 2500    1500    2000    0       600     1200    700     0       0       0       500     100     0       0       1200    200     200     300     0       
5293   1997 8400    2800    5600    1300    1800    3600    1700    0       1300    1000    700     100     300     900     2400    1200    400     100     0       
5293   1998 -999999 -999999 -999999 -999999 2100    -999999 700     -999999 -999999 500     700     900     -999999 0       0       600     100     0       0       
5293   1999 -999999 1800    -999999 1100    2400    -999999 4000    1000    100     600     1600    200     0       -999999 300     2400    600     1000    300     
5293   2000 11300   5100    -999999 2900    3800    300     -999999 1000    1600    600     1700    1500    100     100     100     -999999 1500    1500    1600    
5293   2001 -999999 5900    -999999 2800    -999999 -999999 2600    500     700     100     -999999 300     -999999 -999999 -999999 0       2000    600     0       
5293   2002 -999999 -999999 -999999 -999999 -999999 -999999 -999999 400     -999999 900     700     -999999 -999999 -999999 2300    -999999 -999999 0       0       
5293   2003 8800    -999999 6500    500     1000    3900    2600    500     0       200     600     200     300     1400    2200    1800    300     500     800     
5293   2004 7000    2500    4300    1100    2700    1500    1500    0       300     600     1100    1000    0       0       1500    700     500     300     1000    
5293   2005 8200    3200    3700    2300    1200    1300    3900    1300    0       100     1000    100     0       900     400     1300    1300    1300    500     
5293   2006 -999999 3100    7700    500     1000    4200    -999999 0       -999999 0       100     900     300     2500    1400    2500    -999999 -999999 -999999 
5293   2007 9100    -999999 4500    -999999 4000    1800    600     1800    500     1500    1900    600     800     100     900     200     200     200     400     
5293   2008 10700   5100    4800    3500    3600    2200    1600    1300    1800    1200    1200    1200    900     1000    300     200     900     500     200     
5293   2009 7200    1800    5700    300     2700    1900    2500    100     0       100     2300    300     500     700     700     1200    100     1200    0       
5293   2010 4100    1500    3700    0       1700    1900    500     0       0       200     1000    500     100     1300    500     300     200     0       0       
5293   2011 7500    200     5700    0       3100    1800    2100    0       0       0       2400    700     400     900     500     800     300     1000    500     
5293   2012 5900    4000    2700    1400    2800    600     1600    500     400     1300    500     1000    0       200     400     600     300     700     0       
5293   2013 6800    1100    3000    100     1100    1200    2700    100     0       0       0       1100    100     600     500     700     900     1100    1700    
5293   2014 12900   7800    5700    3500    4700    2600    3500    700     1100    2300    1600    800     300     1700    600     700     1700    1100    300     
5293   2015 8400    5700    2700    1800    2400    1000    2000    600     900     1100    1300    0       0       300     700     400     400     1200    1500    
5293   2016 9100    4500    6700    2300    3500    1500    2500    300     500     600     1800    1100    600     600     300     2300    0       200     800     
5293   2017 6200    3000    2200    1900    2600    100     1600    500     600     900     1300    400     0       0       100     400     800     400     800     
5293   2018 10400   2400    7700    1200    2900    4100    2500    400     0       0       500     2400    1100    2000    1000    700     900     900     500     
5293   2019 10000   5400    4500    2400    3300    1800    1800    300     1600    1200    1800    300     300     700     800     600     700     500     1200    
5293   2020 15000   8300    5500    5800    2800    3000    3600    2500    2100    1300    1500    0       1300    200     1500    1000    1100    1500    1000    
5293   2021 8400    4900    4300    1300    2000    1900    3600    100     200     1000    800     200     100     1800    0       1400    1200    1000    600     
