EUROPEAN CLIMATE ASSESSMENT & DATASET (ECA&D), file created on: 20-01-2022
THESE DATA CAN BE USED FOR NON-COMMERCIAL RESEARCH AND EDUCATION PROVIDED THAT THE FOLLOWING SOURCE IS ACKNOWLEDGED: 

Klein Tank, A.M.G. and Coauthors, 2002. Daily dataset of 20th-century surface
air temperature and precipitation series for the European Climate Assessment.
Int. J. of Climatol., 22, 1441-1453.
Data and metadata available at http://www.ecad.eu

FILE FORMAT (MISSING VALUE CODE = -999999):

THIS FILE HOLDS DATA FOR STATION SWEDEN                                   KARESUANDO                               (STAID:   1409)
LATITUDE: dd:mm:ss +68:26:31
LONGITUDE: ddd:mm:ss +022:27:01
ELEVATION: m  330

DATA IS FOR INDEX Days with TN > 90th percentile of daily min temp (warm nights) (TN90p) with unit 0.01 No of days

01-06 SOUID: Source identifier
08-11 YEAR : YYYY
13-20 ANNUAL DATA VALUES
21-28 WINTER HALF YEAR DATA VALUES
29-36 SUMMER HALF YEAR DATA VALUES
37-44 WINTER (DJF) DATA VALUES
45-52 SPRING (MAM) DATA VALUES
53-60 SUMMER (JJA) DATA VALUES
61-68 AUTUMN (SON) DATA VALUES
69-76 JANUARY DATA VALUES
etc. 
157-164 DECEMBER DATA VALUES

1409   1882 4500    -999999 2500    -999999 400     1700    1100    700     500     200     100     100     200     300     1200    600     500     0       100     
1409   1883 3800    1300    1600    600     1000    500     1400    200     300     200     300     500     400     0       100     300     100     1000    400     
1409   1884 2500    2800    400     1200    500     0       1100    300     500     500     0       0       0       0       0       400     200     500     100     
1409   1885 2100    2300    300     1400    300     200     100     300     1000    200     100     0       0       0       200     0       0       100     200     
1409   1886 3200    1500    1000    800     700     900     900     100     500     600     100     0       0       600     300     0       400     500     100     
1409   1887 2500    2600    600     1700    200     300     300     800     800     0       100     100     0       100     200     100     0       200     100     
1409   1888 1100    700     400     400     200     100     200     200     100     100     0       100     0       0       100     200     0       0       300     
1409   1889 2900    300     800     300     400     0       1900    0       0       0       100     300     0       0       0       400     600     900     600     
1409   1890 2800    3500    800     1400    800     500     200     300     500     600     0       200     100     0       400     100     0       100     500     
1409   1891 2400    1600    0       1500    0       0       1000    0       1000    0       0       0       0       0       0       0       700     300     400     
1409   1892 1100    1700    300     400     300     0       800     0       0       300     0       0       0       0       0       300     0       500     0       
1409   1893 1600    500     700     0       200     500     300     0       0       0       100     100     0       0       500     0       300     0       600     
1409   1894 4500    1900    2700    1200    2000    1100    600     100     500     400     700     900     400     100     600     0       100     500     200     
1409   1895 1800    1200    600     600     400     200     600     200     200     0       0       400     100     0       100     0       300     300     200     
1409   1896 1900    1300    700     500     200     300     900     100     200     200     0       0       0       300     0       400     100     400     200     
1409   1897 2900    800     1600    300     1200    0       1500    100     0       0       200     1000    0       0       0       400     600     500     100     
1409   1898 1300    1800    500     700     0       200     400     500     100     0       0       0       100     0       100     300     0       100     100     
1409   1899 1300    300     700     200     0       400     800     100     0       0       0       0       0       400     0       300     0       500     0       
1409   1900 1300    700     300     100     300     0       800     100     0       100     200     0       0       0       0       100     0       700     100     
1409   1901 3800    1900    1700    1000    400     1200    1200    900     0       200     100     100     400     600     200     300     900     0       100     
1409   1902 1400    1100    100     200     0       100     300     0       100     0       0       0       0       0       100     0       0       300     900     
1409   1903 2100    2200    200     1400    600     0       400     300     200     500     100     0       0       0       0       100     0       300     600     
1409   1904 2400    1900    1100    1200    1200    100     400     600     0       400     800     0       0       0       100     200     200     0       100     
1409   1905 2300    1300    1000    800     600     700     100     500     200     300     200     100     100     500     100     0       0       100     200     
1409   1906 2600    1000    1100    900     800     200     600     400     300     0       400     400     0       0       200     100     300     200     300     
1409   1907 3600    1800    1100    600     1400    400     1100    0       300     700     700     0       300     0       100     0       100     1000    400     
1409   1908 1900    1900    700     800     100     500     600     400     0       0       100     0       0       300     200     100     500     0       300     
1409   1909 1900    1400    600     900     0       600     400     500     100     0       0       0       0       100     500     0       400     0       300     
1409   1910 3400    1900    1500    1400    800     600     500     200     900     100     400     300     300     100     200     200     0       300     400     
1409   1911 4000    1100    2300    800     500     1000    1200    400     0       0       100     400     100     300     600     800     100     300     900     
1409   1912 2000    1500    1700    900     200     1700    100     0       0       200     0       0       500     400     800     0       0       100     0       
1409   1913 2500    600     1600    500     500     1000    400     0       500     0       400     100     0       800     200     100     0       300     100     
1409   1914 2800    1300    1600    800     400     1100    400     400     300     200     200     0       100     600     400     300     0       100     200     
1409   1915 2200    500     1400    400     300     1000    700     100     100     0       200     100     0       900     100     100     100     500     0       
1409   1916 2400    1500    1000    900     200     800     200     400     500     0       200     0       0       500     300     0       0       200     300     
1409   1917 1600    900     1100    700     0       1100    100     300     100     0       0       0       0       100     1000    0       100     0       0       
1409   1918 2800    1000    500     500     500     200     1500    200     300     400     100     0       0       200     0       200     100     1200    100     
1409   1919 1800    1700    1400    400     300     1000    200     300     0       0       0       300     300     700     0       100     100     0       0       
1409   1920 5000    1500    2000    300     2300    200     1400    100     200     1100    700     500     200     0       0       600     200     600     800     
1409   1921 3000    2200    2100    1300    1300    900     0       200     300     100     700     500     200     0       700     0       0       0       300     
1409   1922 2800    600     2400    600     500     1200    800     0       300     0       100     400     700     200     300     700     0       100     0       
1409   1923 2600    1700    500     1100    600     100     400     1000    100     500     100     0       0       0       100     300     100     0       400     
1409   1924 3600    800     2200    700     300     1200    1100    300     0       0       100     200     0       300     900     700     300     100     700     
1409   1925 -999999 -999999 -999999 -999999 -999999 -999999 -999999 -999999 -999999 -999999 -999999 -999999 -999999 -999999 -999999 -999999 -999999 -999999 -999999 
1409   1926 -999999 -999999 -999999 -999999 -999999 -999999 -999999 -999999 -999999 -999999 -999999 -999999 -999999 -999999 -999999 -999999 -999999 -999999 -999999 
1409   1927 -999999 -999999 -999999 -999999 -999999 -999999 -999999 -999999 -999999 -999999 -999999 -999999 -999999 -999999 -999999 -999999 -999999 -999999 -999999 
1409   1928 -999999 -999999 -999999 -999999 -999999 -999999 -999999 -999999 -999999 -999999 -999999 -999999 -999999 -999999 -999999 -999999 -999999 -999999 -999999 
1409   1929 -999999 -999999 -999999 -999999 -999999 -999999 -999999 -999999 -999999 -999999 -999999 -999999 -999999 -999999 -999999 -999999 -999999 -999999 -999999 
1409   1930 5100    -999999 2100    -999999 900     1500    1000    700     400     400     300     200     100     500     900     100     500     400     600     
1409   1931 4300    2600    1100    1200    700     800     1200    100     500     500     0       200     0       500     300     100     100     1000    1000    
1409   1932 4900    4100    1300    2700    500     900     900     1000    700     300     200     0       0       600     300     200     0       700     900     
1409   1933 3400    3200    900     2200    300     700     600     900     400     300     0       0       300     300     100     200     0       400     500     
1409   1934 5700    2700    3400    1800    1200    1500    1400    1100    200     500     100     600     0       800     700     1200    100     100     300     
1409   1935 3700    1800    800     1000    800     500     1100    500     200     600     200     0       0       500     0       100     200     800     600     
1409   1936 5200    1700    3000    700     500     2200    1400    100     0       0       300     200     1000    400     800     300     0       1100    1000    
1409   1937 6200    2700    4500    1600    1800    2200    1300    600     0       0       1000    800     600     600     1000    500     500     300     300     
1409   1938 7700    3000    2700    1800    700     1800    2400    500     1000    400     200     100     100     1200    500     600     800     1000    1300    
1409   1939 3300    3700    2000    1800    200     1400    1100    100     400     100     100     0       300     300     800     500     100     500     100     
1409   1940 4000    900     2900    300     1000    1300    1100    200     0       0       100     900     600     0       700     600     300     200     400     
1409   1941 2900    1600    1500    700     700     1200    600     300     0       400     100     200     0       600     600     0       100     500     100     
1409   1942 3000    1100    2000    300     1200    800     500     0       200     200     800     200     100     100     600     200     100     200     300     
1409   1943 4300    1500    2100    700     1000    1300    800     200     200     500     200     300     400     500     400     300     100     400     800     
1409   1944 5100    2900    1700    2100    400     700     2200    800     500     300     0       100     100     100     500     900     700     600     500     
1409   1945 4600    2600    3000    1000    800     2000    1000    0       500     300     400     100     0       1400    600     500     100     400     300     
1409   1946 4500    1400    2100    900     100     1200    1400    600     0       0       0       100     500     200     500     800     200     400     1200    
1409   1947 3200    2600    2000    1900    500     1300    400     700     0       100     200     200     600     400     300     300     100     0       300     
1409   1948 5500    1600    2500    700     2200    700     1500    200     200     800     900     500     300     400     0       400     200     900     700     
1409   1949 6100    3700    1700    2300    1000    400     2500    800     800     300     500     200     0       200     200     600     400     1500    600     
1409   1950 4600    3700    2200    1500    1000    1000    1000    700     200     300     700     0       500     0       500     500     500     0       700     
1409   1951 3600    1500    1600    800     200     900     2000    0       100     200     0       0       0       0       900     700     900     400     400     
1409   1952 1300    2000    600     700     600     0       300     300     0       0       500     100     0       0       0       0       0       300     100     
1409   1953 6500    1700    2300    300     1300    1900    2100    200     0       1100    200     0       1000    100     800     200     700     1200    1000    
1409   1954 3100    3500    1400    1100    1200    600     400     100     0       500     200     500     0       500     100     100     0       300     800     
1409   1955 2000    1400    1400    1100    100     600     800     200     100     0       100     0       0       100     500     700     0       100     200     
1409   1956 2000    1000    1000    500     700     600     200     300     0       400     0       300     300     300     0       100     0       100     200     
1409   1957 3100    800     1700    600     500     1300    800     200     200     100     400     0       100     1100    100     0       0       800     100     
1409   1958 2500    1200    1200    300     100     900     1300    0       200     100     0       0       100     500     300     300     100     900     0       
1409   1959 6800    3900    2100    1600    2300    1100    1000    400     1200    1300    500     500     500     500     100     0       200     800     800     
1409   1960 4800    3000    3400    1200    2200    1500    500     200     200     800     600     800     200     1100    200     500     0       0       200     
1409   1961 6400    800     3200    500     300     2400    3100    100     200     300     0       0       1100    800     500     800     1600    700     300     
1409   1962 1800    3100    700     800     600     100     500     300     200     0       500     100     100     0       0       0       300     200     100     
1409   1963 6400    1700    4300    700     2900    1000    1200    500     100     500     600     1800    300     100     600     900     200     100     700     
1409   1964 4000    2500    1100    1900    600     800     1100    1200    0       300     100     200     100     200     500     0       600     500     300     
1409   1965 -999999 1900    -999999 800     500     -999999 900     200     300     0       500     0       0       -999999 400     300     500     100     0       
1409   1966 2900    800     1800    200     500     1300    400     200     0       0       300     200     1000    300     0       0       0       400     500     
1409   1967 5000    2000    2900    900     1000    1700    1900    0       400     700     300     0       300     100     1300    900     0       1000    0       
1409   1968 2900    1500    700     200     500     400     600     0       200     300     200     0       100     200     100     100     0       500     1200    
1409   1969 1400    1900    1000    1300    200     900     100     0       100     100     100     0       200     0       700     0       0       100     100     
1409   1970 4200    600     2200    200     600     1500    1400    100     0       300     0       300     900     600     0       400     400     600     600     
1409   1971 2100    2500    400     1400    300     100     600     600     200     100     0       200     0       0       100     100     400     100     300     
1409   1972 4700    2100    2600    1200    800     2000    200     700     200     400     400     0       400     900     700     200     0       0       800     
1409   1973 2500    2100    1100    1600    600     1000    0       700     100     500     100     0       0       1000    0       0       0       0       100     
1409   1974 5900    1800    3700    1500    1100    2100    1200    900     500     300     700     100     900     500     700     800     100     300     100     
1409   1975 4300    2500    1400    1600    1500    100     1100    500     1000    500     200     800     0       100     0       300     300     500     100     
1409   1976 2300    1200    900     400     800     100     200     0       300     0       200     600     0       0       100     0       0       200     900     
1409   1977 2400    1900    700     1300    400     700     600     200     200     400     0       0       200     300     200     0       0       600     300     
1409   1978 3100    1500    1700    500     900     1000    800     200     0       400     100     400     300     400     300     200     300     300     200     
1409   1979 3600    1700    2200    400     1300    1200    600     100     100     700     300     300     200     100     900     400     0       200     300     
1409   1980 3600    800     2900    600     600     1900    800     0       300     0       200     400     1300    400     200     400     300     100     0       
1409   1981 1900    800     1200    300     700     400     500     300     0       100     200     400     100     300     0       200     100     200     0       
1409   1982 4000    2000    1300    1200    1200    400     700     300     900     500     300     400     0       400     0       200     300     200     500     
1409   1983 3800    1800    2700    1200    1400    500     1100    200     500     100     800     500     200     200     100     900     100     100     100     
1409   1984 4400    1600    2200    1300    1400    800     500     300     900     100     300     1000    400     0       400     100     400     0       500     
1409   1985 3000    1400    1600    600     500     1300    900     100     0       400     0       100     100     800     400     200     300     400     200     
1409   1986 4300    2400    1900    500     2500    600     900     200     100     1200    600     700     500     100     0       0       300     600     0       
1409   1987 2600    1400    500     500     200     0       1800    500     0       0       100     100     0       0       0       300     1500    0       100     
1409   1988 4600    2900    2700    1100    700     1300    1400    500     500     300     400     0       300     800     200     1000    300     100     200     
1409   1989 7100    3000    3000    1700    2600    700     1500    1100    400     900     1200    500     200     0       500     600     0       900     800     
1409   1990 5700    3800    2700    2300    2100    1100    200     0       1500    600     1100    400     200     100     800     100     100     0       800     
1409   1991 3700    2100    1700    1800    1000    800     300     800     200     200     800     0       100     100     600     100     200     0       600     
1409   1992 6400    3500    2600    2300    1800    600     1400    1100    600     1000    200     600     600     0       0       1200    0       200     900     
1409   1993 3900    2600    1700    2200    1000    900     300     400     900     200     200     600     0       300     600     0       0       300     400     
1409   1994 2900    1200    1600    700     1400    400     200     0       300     200     900     300     0       100     300     0       100     100     600     
1409   1995 3100    2500    1100    1400    900     800     500     400     400     900     0       0       300     100     400     300     100     100     100     
1409   1996 3600    1600    1200    1100    300     900     1100    900     100     300     0       0       100     100     700     300     500     300     300     
1409   1997 4900    2000    2900    700     800     1500    1400    200     200     500     0       300     300     600     600     1100    100     200     800     
1409   1998 3400    1900    1800    1000    1200    900     500     200     0       600     400     200     0       500     400     300     200     0       600     
1409   1999 4100    1500    2300    1100    800     1100    1600    400     100     200     600     0       700     400     0       600     200     800     100     
1409   2000 6200    1900    2400    600     1200    1000    3000    200     300     300     300     600     100     700     200     500     1400    1100    500     
1409   2001 6500    4500    3500    1900    1000    1200    2000    1100    300     100     400     500     0       300     900     1400    100     500     900     
1409   2002 5200    2700    3700    1700    2400    1600    100     600     200     400     1300    700     400     300     900     100     0       0       300     
1409   2003 6100    2300    2900    1400    1900    1900    800     0       1100    900     400     600     0       1100    800     0       200     600     400     
1409   2004 5200    2300    3100    700     1700    1200    1400    200     100     800     400     500     0       500     700     1000    100     300     600     
1409   2005 5100    2200    2500    1400    900     1700    1600    600     200     400     500     0       200     300     1200    300     800     500     100     
1409   2006 6300    2500    3800    900     1800    1500    1700    500     300     300     800     700     500     200     800     800     100     800     500     
1409   2007 4300    2400    1800    600     1400    1100    800     100     0       900     500     0       100     400     600     200     400     200     900     
1409   2008 3000    3000    600     2100    700     100     200     500     700     300     100     300     100     0       0       100     100     0       800     
1409   2009 5100    1900    2600    1600    1200    1100    1800    600     200     200     700     300     0       200     900     500     0       1300    200     
1409   2010 3900    2200    2600    900     1200    900     1000    700     0       0       700     500     0       500     400     500     500     0       100     
1409   2011 7900    1500    4300    500     1700    1800    2800    200     200     500     900     300     500     600     700     1300    500     1000    1200    
1409   2012 2100    3100    1000    1200    800     300     900     0       0       400     300     100     0       100     200     300     300     300     100     
1409   2013 6300    1300    5200    700     1800    2200    1300    100     500     0       700     1100    900     600     700     1200    100     0       400     
1409   2014 8000    3800    3300    2500    1700    2500    1000    500     1600    1200    500     0       400     1400    700     300     500     200     700     
1409   2015 6700    3700    3300    1700    2400    900     1900    200     800     1300    800     300     0       100     800     1300    200     400     500     
1409   2016 7600    2700    4400    1200    2800    1100    1900    300     400     900     1100    800     100     800     200     1400    100     400     1100    
1409   2017 4000    3400    1600    2300    900     800     800     400     800     600     200     100     300     200     300     500     100     200     300     
1409   2018 5800    1000    3500    700     1200    1700    2100    0       400     0       100     1100    100     900     700     600     200     1300    400     
1409   2019 4200    2600    2800    800     1100    1400    800     100     300     300     500     300     200     200     1000    600     0       200     500     
1409   2020 5700    1900    1800    1200    900     1000    2000    300     400     500     400     0       100     400     500     400     700     900     1100    
1409   2021 3600    3400    1900    1100    1000    1400    900     0       0       700     300     0       400     600     400     200     500     200     300     
