EUROPEAN CLIMATE ASSESSMENT & DATASET (ECA&D), file created on: 20-01-2022
THESE DATA CAN BE USED FOR NON-COMMERCIAL RESEARCH AND EDUCATION PROVIDED THAT THE FOLLOWING SOURCE IS ACKNOWLEDGED: 

Klein Tank, A.M.G. and Coauthors, 2002. Daily dataset of 20th-century surface
air temperature and precipitation series for the European Climate Assessment.
Int. J. of Climatol., 22, 1441-1453.
Data and metadata available at http://www.ecad.eu

FILE FORMAT (MISSING VALUE CODE = -999999):

THIS FILE HOLDS DATA FOR STATION RUSSIAN FEDERATION                       YUBILEJNAYA                              (STAID:   8055)
LATITUDE: dd:mm:ss +70:46:00
LONGITUDE: ddd:mm:ss +136:13:00
ELEVATION: m   23

DATA IS FOR INDEX Days with TN > 90th percentile of daily min temp (warm nights) (TN90p) with unit 0.01 No of days

01-06 SOUID: Source identifier
08-11 YEAR : YYYY
13-20 ANNUAL DATA VALUES
21-28 WINTER HALF YEAR DATA VALUES
29-36 SUMMER HALF YEAR DATA VALUES
37-44 WINTER (DJF) DATA VALUES
45-52 SPRING (MAM) DATA VALUES
53-60 SUMMER (JJA) DATA VALUES
61-68 AUTUMN (SON) DATA VALUES
69-76 JANUARY DATA VALUES
etc. 
157-164 DECEMBER DATA VALUES

8055   1936 -999999 -999999 2700    -999999 1100    1100    1400    -999999 0       400     300     400     100     900     100     900     0       500     200     
8055   1937 6500    2500    3100    2000    700     2200    1100    900     900     0       100     600     300     1100    800     200     400     500     700     
8055   1938 5000    2600    1500    1500    400     900     2100    700     100     200     200     0       400     300     200     400     200     1500    800     
8055   1939 3400    3500    1400    1400    400     900     1300    400     200     400     0       0       200     100     600     500     300     500     200     
8055   1940 3900    2600    1600    1400    1100    900     500     1000    200     400     500     200     500     400     0       0       0       500     200     
8055   1941 4300    1000    2600    500     100     2100    1000    100     200     0       100     0       0       1400    700     400     500     100     800     
8055   1942 3300    2200    1900    1600    800     1000    500     800     0       0       400     400     100     100     800     100     0       400     200     
8055   1943 6400    2400    2800    600     3200    900     1800    300     100     1400    1100    700     0       0       900     100     900     800     100     
8055   1944 4400    3100    2100    1100    1000    700     1200    800     200     300     200     500     100     100     500     700     0       500     500     
8055   1945 4800    2000    2800    1000    1600    1500    1200    300     200     500     200     900     500     700     300     200     800     200     0       
8055   1946 2000    1000    1600    0       800     700     500     0       0       0       300     500     500     200     0       100     200     200     0       
8055   1947 5300    1700    1300    500     1600    300     2800    200     300     800     800     0       100     200     0       200     2100    500     100     
8055   1948 4200    4000    1400    600     1600    500     1200    100     400     800     800     0       100     0       400     100     400     700     400     
8055   1949 -999999 3300    2200    1300    2200    200     -999999 400     500     900     700     600     0       100     100     700     1000    -999999 700     
8055   1950 -999999 -999999 500     -999999 200     300     0       -999999 -999999 0       100     100     300     0       0       0       0       0       0       
8055   1951 2800    0       1200    0       0       600     1600    0       0       0       0       0       200     100     300     600     800     200     600     
8055   1952 3400    2100    2500    600     1100    1500    700     0       0       500     400     200     500     400     600     400     200     100     100     
8055   1953 3700    1600    2000    700     1200    1200    400     300     300     600     200     400     500     400     300     200     100     100     300     
8055   1954 5600    1800    2200    1100    1500    1200    1500    600     200     500     500     500     400     200     600     0       1100    400     600     
8055   1955 3300    3200    1800    1700    200     800     1000    1000    100     0       0       200     100     100     600     800     100     100     200     
8055   1956 3700    2000    700     1300    500     500     1300    500     600     500     0       0       300     200     0       200     100     1000    300     
8055   1957 2600    2300    1100    1000    600     700     300     500     200     200     100     300     400     200     100     0       0       300     300     
8055   1958 1400    600     1100    300     200     600     600     0       0       0       200     0       0       300     300     300     300     0       0       
8055   1959 4500    2200    1900    700     1600    1100    900     200     500     1200    100     300     700     200     200     400     100     400     200     
8055   1960 2200    900     1700    400     200     1400    400     100     100     0       0       200     700     400     300     100     0       300     0       
8055   1961 2000    400     600     0       400     200     1400    0       0       100     0       300     0       200     0       100     300     1000    0       
8055   1962 2000    1700    500     400     300     200     900     300     100     0       300     0       0       0       200     0       600     300     200     
8055   1963 4300    3100    1000    1100    1200    800     1100    300     600     1100    100     0       200     400     200     100     400     600     300     
8055   1964 3500    3100    1300    2000    600     800     200     100     1600    100     100     400     500     100     200     0       200     0       200     
8055   1965 4400    800     2800    300     800     2200    1200    100     0       300     400     100     400     1100    700     100     400     700     100     
8055   1966 2300    1300    1100    200     200     600     1000    100     0       0       100     100     200     0       400     300     0       700     400     
8055   1967 5100    1900    2500    900     1400    500     2400    100     400     300     600     500     400     100     0       900     800     700     300     
8055   1968 6100    4800    2800    2600    2200    1000    600     900     1400    700     700     800     500     300     200     300     300     0       0       
8055   1969 3500    1000    -999999 700     -999999 1800    300     700     0       0       0       -999999 600     400     800     0       300     0       600     
8055   1970 4000    1500    2000    1000    600     1200    1200    300     100     200     0       400     300     500     400     400     500     300     600     
8055   1971 6100    2400    3900    1200    1100    2200    1900    300     300     400     0       700     200     700     1300    1000    500     400     300     
8055   1972 2300    1600    1200    500     900     300     800     200     0       200     500     200     0       300     0       200     600     0       100     
8055   1973 5000    2500    2000    1600    500     1300    1300    800     700     300     100     100     100     900     300     500     700     100     400     
8055   1974 3000    1400    2400    500     800     1700    300     100     0       100     300     400     600     800     300     0       0       300     100     
8055   1975 5900    1900    1800    1000    1400    600     1600    600     300     600     700     100     200     0       400     400     300     900     1400    
8055   1976 3000    3400    2200    1700    1400    700     600     300     0       500     700     200     300     400     0       600     0       0       0       
8055   1977 4100    400     3100    400     1900    1200    400     200     200     0       900     1000    700     400     100     0       300     100     200     
8055   1978 2900    1300    1100    400     1000    600     800     0       200     500     500     0       300     0       300     0       100     700     300     
8055   1979 1100    1300    400     500     400     0       0       100     100     0       0       400     0       0       0       0       0       0       500     
8055   1980 3500    1000    2300    1000    0       1200    1600    200     300     0       0       0       200     100     900     1100    500     0       200     
8055   1981 5600    2600    2900    1900    1800    1300    400     1500    200     200     700     900     700     100     500     0       100     300     400     
8055   1982 2900    1500    1700    1100    600     700     500     100     600     0       600     0       0       500     200     400     100     0       400     
8055   1983 5200    1600    2600    1300    600     1400    1700    400     500     200     0       400     0       600     800     800     600     300     600     
8055   1984 2600    2400    1100    1500    900     100     400     900     0       0       400     500     0       0       100     100     100     200     300     
8055   1985 5000    1400    2800    600     1200    1100    2100    0       300     500     600     100     800     200     100     1000    600     500     300     
8055   1986 2200    1800    1100    500     500     700     700     0       200     200     200     100     500     100     100     100     500     100     100     
8055   1987 2300    1200    1600    500     100     1400    400     400     0       100     0       0       100     700     600     200     100     100     0       
8055   1988 4700    900     2900    200     1300    1500    1200    100     100     500     700     100     600     900     0       600     300     300     500     
8055   1989 4000    2900    1100    1000    1400    600     700     100     400     1300    0       100     100     200     300     400     0       300     800     
8055   1990 7200    3900    4000    1700    4400    1400    400     200     700     1900    900     1600    900     0       500     100     100     200     100     
8055   1991 8100    1700    4700    1000    1400    3400    1400    800     100     400     500     500     200     1500    1700    300     600     500     1000    
8055   1992 2600    3500    900     1900    1000    400     0       500     400     500     100     400     0       200     200     0       0       0       300     
8055   1993 4200    2100    1800    1600    1400    800     700     900     400     500     400     500     400     100     300     100     300     300     0       
8055   1994 4400    1100    2100    300     500     1100    1900    200     100     200     100     200     600     400     100     700     600     600     600     
8055   1995 5800    3900    2400    2300    600     2000    1000    400     1300    400     0       200     900     300     800     200     400     400     500     
8055   1996 -999999 -999999 -999999 -999999 -999999 -999999 -999999 -999999 -999999 -999999 -999999 -999999 -999999 -999999 -999999 -999999 -999999 -999999 -999999 
8055   1997 -999999 -999999 -999999 -999999 -999999 -999999 -999999 -999999 -999999 -999999 -999999 -999999 -999999 -999999 -999999 -999999 -999999 -999999 -999999 
8055   1998 -999999 -999999 -999999 -999999 -999999 -999999 400     -999999 -999999 -999999 -999999 -999999 -999999 -999999 200     200     0       200     100     
8055   1999 2900    700     1700    400     300     1300    300     200     100     100     0       200     700     0       600     200     100     0       700     
8055   2000 -999999 2500    -999999 2300    -999999 1200    500     700     900     100     300     -999999 500     400     300     100     300     100     100     
8055   2001 -999999 -999999 2300    400     -999999 2000    -999999 300     0       -999999 0       300     200     1400    400     0       -999999 700     600     
8055   2002 4000    -999999 2700    700     700     2200    700     100     0       200     400     100     600     200     1400    0       400     300     300     
8055   2003 5900    2800    2400    1000    1500    1200    1900    500     200     1100    200     200     100     500     600     800     400     700     600     
8055   2004 2300    1800    1300    600     300     700     800     0       0       100     0       200     0       200     500     400     0       400     500     
8055   2005 6700    1500    4000    800     2000    1300    2500    200     100     300     1000    700     500     500     300     1000    800     700     600     
8055   2006 5400    3100    2600    1600    600     1000    2000    400     600     0       0       600     300     400     300     1000    0       1000    800     
8055   2007 9000    3300    5600    1700    2700    2400    2300    800     100     600     900     1200    1100    600     700     1100    500     700     700     
8055   2008 5900    3400    3600    1200    2100    2500    600     400     100     1000    300     800     0       500     2000    0       500     100     200     
8055   2009 4900    2500    2500    1500    1100    1300    1200    1300    0       400     600     100     500     100     700     500     200     500     0       
8055   2010 6600    1600    4100    800     1400    2700    1500    600     200     100     700     600     800     1200    700     100     100     1300    200     
8055   2011 6700    3300    3300    400     3000    1800    900     200     0       1500    1400    100     400     1000    400     0       400     500     800     
8055   2012 6800    3400    3900    2400    1700    1700    1600    800     800     100     200     1400    800     500     400     600     400     600     200     
8055   2013 4800    1200    2900    200     1900    800     1300    0       0       0       300     1600    300     100     400     200     700     400     800     
8055   2014 8200    3100    6200    1300    3200    2800    1600    300     200     700     1800    700     700     500     1600    900     700     0       100     
8055   2015 6800    3000    3100    800     1700    1800    2600    0       700     1500    100     100     400     600     800     1100    400     1100    0       
8055   2016 7700    3100    3200    1100    1200    1200    3800    1100    0       500     300     400     500     200     500     1300    1600    900     400     
8055   2017 7800    5700    2500    1300    -999999 600     1900    800     100     1900    -999999 100     200     0       400     300     200     1400    900     
8055   2018 7800    3800    3400    2000    1500    1800    3100    600     500     200     800     500     800     100     900     300     2200    600     300     
8055   2019 -999999 -999999 -999999 1200    -999999 -999999 -999999 400     500     -999999 1200    -999999 -999999 -999999 -999999 -999999 -999999 -999999 -999999 
