EUROPEAN CLIMATE ASSESSMENT & DATASET (ECA&D), file created on: 20-01-2022
THESE DATA CAN BE USED FOR NON-COMMERCIAL RESEARCH AND EDUCATION PROVIDED THAT THE FOLLOWING SOURCE IS ACKNOWLEDGED: 

Klein Tank, A.M.G. and Coauthors, 2002. Daily dataset of 20th-century surface
air temperature and precipitation series for the European Climate Assessment.
Int. J. of Climatol., 22, 1441-1453.
Data and metadata available at http://www.ecad.eu

FILE FORMAT (MISSING VALUE CODE = -999999):

THIS FILE HOLDS DATA FOR STATION SWEDEN                                   BYGDSILJUM                               (STAID:   6733)
LATITUDE: dd:mm:ss +64:20:59
LONGITUDE: ddd:mm:ss +020:30:00
ELEVATION: m  150

DATA IS FOR INDEX Days with TN > 90th percentile of daily min temp (warm nights) (TN90p) with unit 0.01 No of days

01-06 SOUID: Source identifier
08-11 YEAR : YYYY
13-20 ANNUAL DATA VALUES
21-28 WINTER HALF YEAR DATA VALUES
29-36 SUMMER HALF YEAR DATA VALUES
37-44 WINTER (DJF) DATA VALUES
45-52 SPRING (MAM) DATA VALUES
53-60 SUMMER (JJA) DATA VALUES
61-68 AUTUMN (SON) DATA VALUES
69-76 JANUARY DATA VALUES
etc. 
157-164 DECEMBER DATA VALUES

6733   1953 -999999 -999999 -999999 -999999 -999999 -999999 1400    -999999 -999999 -999999 -999999 -999999 -999999 -999999 -999999 100     600     700     1400    
6733   1954 3700    3300    2200    1800    800     1100    500     400     0       200     0       600     0       700     400     500     0       0       900     
6733   1955 3700    1600    2400    1300    400     1700    1100    100     300     300     100     0       0       700     1000    600     300     200     100     
6733   1956 2000    1200    1000    300     900     400     100     200     0       400     100     400     200     200     0       100     0       0       400     
6733   1957 5600    2000    2800    1700    1000    1600    1200    900     400     300     500     200     0       1300    300     500     100     600     500     
6733   1958 4000    1400    2000    700     300     1400    2100    0       200     0       100     200     300     300     800     300     500     1300    0       
6733   1959 7100    4100    3000    1100    2900    1100    1200    300     800     1200    700     1000    100     200     800     200     500     500     800     
6733   1960 4700    2000    4000    1000    900     2000    1200    0       200     0       200     700     400     1000    600     1100    0       100     400     
6733   1961 8600    2800    3500    1800    1300    2300    3400    100     1300    900     100     300     1500    700     100     800     2200    400     200     
6733   1962 3100    3200    1200    600     1200    0       1000    400     0       0       1100    100     0       0       0       0       600     400     500     
6733   1963 4900    2200    3400    800     2100    1100    1000    200     100     400     400     1300    200     100     800     600     300     100     400     
6733   1964 4100    2000    1000    1500    800     300     1500    1100    0       100     500     200     0       0       300     0       900     600     400     
6733   1965 3300    2800    2100    800     800     500     1600    400     0       500     200     100     100     0       400     1300    200     100     0       
6733   1966 3600    400     2500    0       500     2000    700     0       0       100     200     200     1300    600     100     100     0       600     400     
6733   1967 4700    1900    2100    700     900     1000    2500    100     200     600     200     100     0       200     800     800     300     1400    0       
6733   1968 3700    2600    2100    300     1400    800     700     100     200     600     600     200     400     200     200     500     0       200     500     
6733   1969 2900    1100    2400    900     300     2100    100     400     0       0       300     0       400     400     1300    0       100     0       0       
6733   1970 -999999 100     -999999 0       0       -999999 900     0       0       0       0       0       -999999 200     300     200     200     500     700     
6733   1971 3300    2400    1500    1700    600     800     600     700     300     0       100     500     200     100     500     100     200     300     300     
6733   1972 5000    1600    2700    600     1000    2100    100     300     0       500     400     100     500     1400    200     100     0       0       1500    
6733   1973 5300    3900    2400    3100    1300    1900    200     1500    100     800     200     300     400     1300    200     0       0       200     300     
6733   1974 3300    1500    1700    1100    700     900     600     500     300     200     400     100     500     400     0       300     0       300     300     
6733   1975 4600    2800    1600    2300    900     600     1100    800     1200    200     200     500     200     200     200     300     300     500     0       
6733   1976 1800    1000    900     200     400     500     500     0       200     0       0       400     100     0       400     0       0       500     200     
6733   1977 2700    1900    500     700     700     400     300     400     100     700     0       0       100     200     100     100     100     100     800     
6733   1978 1600    1700    800     900     800     300     400     100     0       600     100     100     0       100     200     300     0       100     0       
6733   1979 2200    500     1100    100     500     900     200     0       100     300     0       200     300     100     500     0       0       200     500     
6733   1980 2300    800     1900    500     300     1400    400     0       0       100     200     0       700     200     500     300     100     0       200     
6733   1981 2200    600     1600    500     1000    400     500     300     0       0       200     800     0       400     0       200     200     100     0       
6733   1982 2400    1600    800     600     1000    400     200     200     400     700     200     100     100     200     100     100     0       100     200     
6733   1983 4200    1500    2600    1200    1300    700     1000    400     600     200     400     700     100     300     300     800     100     100     200     
6733   1984 4600    500     3100    300     2300    800     700     100     0       0       800     1500    200     200     400     0       400     300     700     
6733   1985 1200    1400    700     700     100     400     700     0       0       0       0       100     0       0       400     200     400     100     0       
6733   1986 2900    1300    1000    200     1100    500     900     0       200     600     300     200     500     0       0       0       100     800     200     
6733   1987 2100    1400    400     300     400     200     1300    0       100     200     100     100     0       100     100     0       1000    300     100     
6733   1988 5700    2800    3900    1400    800     2500    800     500     800     100     400     300     800     1400    300     700     100     0       300     
6733   1989 6600    2800    2600    2100    1800    900     1600    1000    800     600     800     400     0       500     400     500     0       1100    500     
6733   1990 5500    4000    2100    2200    1700    700     700     100     1600    700     300     700     0       100     600     400     300     0       700     
6733   1991 4700    1900    2800    1300    1200    1800    600     500     100     300     600     300     0       700     1100    100     0       500     500     
6733   1992 5000    3400    2200    2000    2200    500     400     900     600     900     100     1200    500     0       0       400     0       0       400     
6733   1993 4100    1700    2300    1300    2200    500     300     200     700     400     600     1200    0       400     100     0       0       300     200     
6733   1994 3600    600     2200    300     800     1200    700     100     0       0       600     200     100     600     500     200     100     400     800     
6733   1995 3900    2100    2000    1500    600     1400    900     300     400     100     300     200     700     100     600     100     500     300     300     
6733   1996 2600    1600    1800    800     500     1100    400     500     0       0       500     0       200     100     800     200     100     100     100     
6733   1997 5700    1400    3800    700     700     2800    1100    400     200     500     100     100     200     1200    1400    800     100     200     500     
6733   1998 5300    2300    2600    1500    1500    900     1400    600     400     500     300     700     200     500     200     700     300     400     500     
6733   1999 5700    2400    2500    1100    1300    1200    2400    400     200     600     500     200     500     600     100     600     200     1600    200     
6733   2000 8100    3400    2800    1300    2000    900     3200    700     400     300     500     1200    300     500     100     200     1500    1500    900     
6733   2001 5900    5300    3400    2300    1000    1300    1900    900     500     0       400     600     300     600     400     1100    400     400     300     
6733   2002 8000    3900    5200    2400    2800    2900    200     1200    900     700     1100    1000    800     800     1300    200     0       0       0       
6733   2003 7000    1800    4600    700     2600    3000    500     0       700     1100    500     1000    100     1800    1100    100     0       400     200     
6733   2004 4800    1500    2800    700     1200    1400    1100    100     400     400     100     700     100     0       1300    600     0       500     600     
6733   2005 6600    1900    3500    1200    900     2300    2700    400     200     200     300     400     400     1000    900     500     900     1300    100     
6733   2006 8000    3100    4500    700     1300    2200    2700    400     200     200     300     800     400     800     1000    1200    400     1100    1200    
6733   2007 5000    3600    2800    1500    1900    1300    500     200     100     600     800     500     400     100     800     200     300     0       -999999 
6733   2008 -999999 3400    -999999 -999999 2200    800     -999999 800     700     600     500     1100    200     200     400     -999999 -999999 -999999 -999999 
