EUROPEAN CLIMATE ASSESSMENT & DATASET (ECA&D), file created on: 20-01-2022
THESE DATA CAN BE USED FOR NON-COMMERCIAL RESEARCH AND EDUCATION PROVIDED THAT THE FOLLOWING SOURCE IS ACKNOWLEDGED: 

Klein Tank, A.M.G. and Coauthors, 2002. Daily dataset of 20th-century surface
air temperature and precipitation series for the European Climate Assessment.
Int. J. of Climatol., 22, 1441-1453.
Data and metadata available at http://www.ecad.eu

FILE FORMAT (MISSING VALUE CODE = -999999):

THIS FILE HOLDS DATA FOR STATION GERMANY                                  KLEINMACHNOW                             (STAID:   4291)
LATITUDE: dd:mm:ss +52:24:18
LONGITUDE: ddd:mm:ss +013:14:00
ELEVATION: m   42

DATA IS FOR INDEX Days with TN > 90th percentile of daily min temp (warm nights) (TN90p) with unit 0.01 No of days

01-06 SOUID: Source identifier
08-11 YEAR : YYYY
13-20 ANNUAL DATA VALUES
21-28 WINTER HALF YEAR DATA VALUES
29-36 SUMMER HALF YEAR DATA VALUES
37-44 WINTER (DJF) DATA VALUES
45-52 SPRING (MAM) DATA VALUES
53-60 SUMMER (JJA) DATA VALUES
61-68 AUTUMN (SON) DATA VALUES
69-76 JANUARY DATA VALUES
etc. 
157-164 DECEMBER DATA VALUES

4291   1876 8000    -999999 4300    -999999 1000    3200    1700    0       1000    400     600     0       1300    800     1100    500     1200    0       1100    
4291   1877 7700    4100    4700    2500    1100    3800    1200    700     700     400     400     300     1500    700     1600    200     200     800     200     
4291   1878 8400    2900    5400    1400    2200    2500    2400    100     1100    500     900     800     800     100     1600    1200    800     400     100     
4291   1879 5400    1900    4500    700     900     2300    1600    100     500     0       200     700     700     100     1500    1300    300     0       0       
4291   1880 6600    1300    4600    500     1600    2500    1600    200     300     500     800     300     600     900     1000    1000    100     500     400     
4291   1881 3700    1100    2700    400     600     1700    1400    0       0       100     0       500     600     900     200     500     0       900     0       
4291   1882 4100    2700    2000    1200    1100    1100    500     400     800     600     100     400     300     400     400     400     0       100     200     
4291   1883 1600    800     1000    700     100     400     600     200     300     0       0       100     100     200     100     500     100     0       0       
4291   1884 2100    1200    500     1000    300     300     0       400     600     100     0       200     0       300     0       0       0       0       500     
4291   1885 2000    900     1300    900     500     700     300     0       400     0       400     100     500     100     100     100     200     0       100     
4291   1886 2600    500     2100    100     1100    700     700     0       0       200     500     400     100     100     500     500     200     0       100     
4291   1887 2600    500     1900    200     600     1100    800     0       100     100     500     0       0       800     300     300     0       500     0       
4291   1888 3700    1000    2000    400     600     1200    1400    400     0       100     0       500     600     100     500     300     400     700     100     
4291   1889 6600    1700    5900    500     3200    2600    400     100     300     100     600     2500    1900    400     300     200     100     100     0       
4291   1890 5600    1900    3100    500     2400    1300    1400    500     0       1200    300     900     100     200     1000    600     600     200     0       
4291   1891 4100    1200    2400    200     700     1200    1800    0       200     200     0       500     600     400     200     700     1000    100     200     
4291   1892 4600    2000    3600    700     1100    1900    900     100     400     200     200     700     600     100     1200    800     100     0       200     
4291   1893 5600    1300    3100    800     900     2200    1600    0       600     400     100     400     400     1000    800     400     1000    200     300     
4291   1894 4000    2800    2500    1400    1500    1200    200     400     700     200     800     500     200     900     100     0       0       200     0       
4291   1895 6000    300     4500    0       1300    2500    2200    0       0       100     1000    200     900     800     800     800     500     900     0       
4291   1896 4100    2600    2600    300     1300    1800    700     0       300     900     300     100     1200    600     0       400     300     0       0       
4291   1897 4400    1300    3200    500     1300    2000    600     0       500     500     500     300     1000    300     700     400     0       200     0       
4291   1898 6000    1600    3000    1200    1100    1400    1500    800     400     200     500     400     400     0       1000    700     500     300     800     
4291   1899 6100    3500    2800    2400    1000    1800    1600    600     1000    300     300     400     100     1000    700     300     300     1000    100     
4291   1900 4500    2200    3100    900     600     2100    800     300     500     0       400     200     300     1200    600     400     300     100     200     
4291   1901 5700    600     4400    200     1400    2400    1700    0       0       0       700     700     600     900     900     600     900     200     200     
4291   1902 3300    2800    1700    1300    600     1000    500     1100    0       400     0       200     600     100     300     500     0       0       100     
4291   1903 5800    2200    2800    1400    1700    1400    1400    700     600     800     100     800     400     400     600     500     500     400     0       
4291   1904 5000    1300    3400    400     1200    1800    1100    200     200     0       600     600     500     600     700     400     400     300     500     
4291   1905 6800    2500    4800    1200    1500    3100    1000    100     600     600     200     700     1700    1000    400     800     0       200     500     
4291   1906 7500    2000    4600    1400    2200    2100    2300    600     300     400     800     1000    700     700     700     700     600     1000    0       
4291   1907 4800    2500    2300    900     1000    900     1800    700     200     0       100     900     500     0       400     400     1200    200     200     
4291   1908 2900    2500    2000    1100    400     1500    100     0       900     0       0       400     700     600     200     100     0       0       0       
4291   1909 1500    100     1000    100     200     600     500     100     0       0       100     100     200     0       400     200     300     0       100     
4291   1910 3600    1400    2400    1000    1100    1200    200     300     600     100     300     700     1100    0       100     200     0       0       200     
4291   1911 4400    1400    2700    1100    1000    1800    700     300     600     300     400     300     100     800     900     200     300     200     0       
4291   1912 2400    1900    500     700     800     400     200     100     600     700     100     0       100     300     0       0       200     0       300     
4291   1913 3900    1600    1500    700     1800    400     800     0       400     700     700     400     200     0       200     0       200     600     500     
4291   1914 4100    1900    2800    800     700     2200    500     0       300     300     400     0       500     1300    400     200     100     200     400     
4291   1915 2000    1200    1200    800     300     1000    0       300     100     100     100     100     600     400     0       0       0       0       300     
4291   1916 2300    1300    900     1100    800     300     400     700     100     200     100     500     200     0       100     0       400     0       0       
4291   1917 3200    800     2000    400     500     1300    900     400     0       0       0       500     900     100     300     200     200     500     100     
4291   1918 4000    1800    1800    1100    1300    200     1100    400     600     0       900     400     0       100     100     300     500     300     400     
4291   1919 2900    2500    1200    1200    600     600     900     400     400     500     100     0       300     0       300     500     400     0       0       
4291   1920 4600    2200    2500    900     2700    200     700     600     300     900     1100    700     0       200     0       500     100     100     100     
4291   1921 4800    2400    2100    1800    1400    900     500     1400    300     400     300     700     300     300     300     200     300     0       300     
4291   1922 2600    1800    1200    800     1500    400     0       100     400     700     400     400     100     300     0       0       0       0       200     
4291   1923 3000    1200    1400    1000    700     700     700     400     400     200     100     400     100     600     0       200     500     0       100     
4291   1924 1800    900     1300    200     900     300     400     100     0       200     100     600     200     0       100     300     100     0       100     
4291   1925 4000    2000    1700    1800    600     1100    400     700     1000    100     0       500     100     700     300     100     200     100     200     
4291   1926 4900    2100    2200    1600    800     1000    1300    400     1000    200     400     200     100     900     0       600     100     600     400     
4291   1927 3900    2800    1400    1100    1100    1000    1100    500     200     1000    0       100     0       600     400     300     400     400     0       
4291   1928 2900    1600    1400    600     900     600     800     200     400     200     500     200     100     400     100     100     200     500     0       
4291   1929 2700    700     1700    0       500     800     800     0       0       0       100     400     100     400     300     400     200     200     600     
4291   1930 2000    1200    1400    800     600     600     600     200     0       0       500     100     300     200     100     200     0       400     0       
4291   1931 2100    400     2000    0       1000    1000    0       0       0       0       0       1000    0       500     500     0       0       0       100     
4291   1932 3800    400     3300    400     700     2000    800     200     100     0       0       700     200     900     900     600     200     0       0       
4291   1933 2000    700     1300    200     600     500     700     0       200     300     200     100     100     300     100     500     200     0       0       
4291   1934 5300    1200    2800    800     1300    900     1500    100     700     200     400     700     500     300     100     800     400     300     800     
4291   1935 3900    3200    1900    1900    1300    1000    500     300     800     600     500     200     800     200     0       200     200     100     0       
4291   1936 2600    800     1600    400     600     1000    400     200     200     100     300     200     700     300     0       100     200     100     200     
4291   1937 3300    1300    2100    900     1100    1000    500     400     300     100     500     500     600     100     300     100     200     200     0       
4291   1938 4000    1500    1600    600     600     1300    1500    500     100     500     100     0       100     0       1200    200     500     800     0       
4291   1939 4900    2500    3100    1100    500     1800    1300    800     300     100     400     0       400     200     1200    900     100     300     200     
4291   1940 900     600     600     200     400     200     300     0       0       0       200     200     200     0       0       0       0       300     0       
4291   1941 2200    700     1100    100     500     900     0       0       100     300     100     100     200     700     0       0       0       0       700     
4291   1942 1700    700     1400    700     300     700     500     0       0       0       100     200     0       0       700     400     100     0       200     
4291   1943 2500    1000    1400    500     900     600     700     0       300     400     500     0       0       0       600     300     400     0       0       
4291   1944 3200    1400    1900    1000    500     1400    300     800     200     0       200     300     0       500     900     0       100     200     0       
4291   1945 -999999 1400    -999999 500     -999999 -999999 -999999 0       500     600     -999999 -999999 -999999 -999999 -999999 -999999 -999999 300     100     
4291   1946 3100    -999999 2200    900     1300    800     200     200     600     100     500     700     100     600     100     200     0       0       0       
4291   1947 3600    0       3300    0       800     1300    1400    0       0       0       400     400     700     400     200     1200    0       200     100     
4291   1948 4500    1400    2600    1000    1400    700     1400    700     200     200     800     400     300     200     200     700     400     300     100     
4291   1949 3700    1400    2700    700     1300    700     900     300     300     0       700     600     100     0       600     700     100     100     200     
4291   1950 3800    1700    2200    1200    800     1500    400     300     700     300     100     400     400     300     800     200     100     100     100     
4291   1951 2700    600     1700    300     400     800     1000    100     100     100     300     0       300     100     400     600     0       400     300     
4291   1952 3000    1400    2200    1000    1400    700     200     200     500     0       1200    200     0       400     300     100     100     0       0       
4291   1953 5500    1000    3200    600     1400    2000    1300    100     500     300     400     700     1200    700     100     100     700     500     200     
4291   1954 2800    1500    1500    300     200     500     1500    100     0       0       0       200     500     0       0       800     700     0       500     
4291   1955 3300    1400    2400    500     600     1400    1000    0       0       200     200     200     100     500     800     600     100     300     300     
4291   1956 2300    900     800     500     300     200     900     100     100     0       0       300     100     100     0       300     500     100     700     
4291   1957 3600    3100    1300    1900    800     1000    600     500     700     600     200     0       200     800     0       100     0       500     0       
4291   1958 2000    1000    1200    500     400     500     600     100     400     0       0       400     200     300     0       300     300     0       0       
4291   1959 3300    1300    2100    700     1100    1300    200     300     400     300     700     100     0       600     700     0       100     100     0       
4291   1960 2300    1000    800     500     600     400     500     300     200     300     100     200     100     0       300     100     0       400     300     
4291   1961 4200    2600    1500    1100    1900    300     900     200     600     1100    800     0       200     100     0       400     500     0       300     
4291   1962 1800    1400    900     900     900     0       300     400     200     0       800     100     0       0       0       0       100     200     0       
4291   1963 2600    300     1700    0       700     700     1200    0       0       0       200     500     500     100     100     300     0       900     0       
4291   1964 3100    1200    2300    300     700     1200    900     0       300     0       600     100     500     500     200     400     0       500     0       
4291   1965 400     500     200     0       0       100     200     0       0       0       0       0       100     0       0       100     100     0       100     
4291   1966 3900    1000    2000    700     1100    1000    900     100     500     200     600     300     500     300     200     100     800     0       300     
4291   1967 3800    2600    1500    1400    900     400     1300    100     1000    400     100     400     100     200     100     600     600     100     100     
4291   1968 3300    1500    1800    700     400     1300    1000    500     100     100     300     0       300     100     900     200     600     200     0       
4291   1969 3100    900     2500    100     600     1700    700     100     0       0       200     400     400     1000    300     200     100     400     0       
4291   1970 3200    500     1900    0       600     1200    1100    0       0       0       200     400     800     100     300     100     300     700     300     
4291   1971 4600    2400    1600    1200    900     900     800     500     400     200     100     600     0       400     500     0       400     400     1100    
4291   1972 3300    2400    2100    1300    1000    1400    500     0       200     300     400     300     100     900     400     0       100     400     200     
4291   1973 2500    1400    1500    700     400     900     600     0       500     200     0       200     300     500     100     400     0       200     100     
4291   1974 3800    2000    1100    1600    600     500     300     700     800     200     400     0       0       0       500     200     0       100     900     
4291   1975 4100    2100    2300    2000    200     1500    900     900     200     0       0       200     400     300     800     600     300     0       400     
4291   1976 4100    2000    1600    1500    500     1100    1400    800     300     200     100     200     200     600     300     200     700     500     0       
4291   1977 4800    2900    1800    600     1400    1000    1500    300     300     1100    200     100     900     0       100     500     500     500     300     
4291   1978 3500    2100    1600    500     1100    800     1100    100     100     600     100     400     300     300     200     300     300     500     300     
4291   1979 3300    1300    2000    300     800     900     700     0       0       200     100     500     800     0       100     500     0       200     900     
4291   1980 3000    1500    1200    1100    300     800     1000    0       200     200     100     0       400     300     100     300     100     600     700     
4291   1981 5000    2500    3300    1100    1900    1200    1500    100     300     700     400     800     400     400     400     900     200     400     0       
4291   1982 3800    1000    2600    200     500     2000    900     200     0       200     100     200     400     700     900     300     100     500     200     
4291   1983 6800    3300    3100    1800    1600    1900    1100    1600    0       900     500     200     100     1200    600     500     400     200     600     
4291   1984 2700    1600    1700    900     600     1000    700     300     0       100     100     400     100     200     700     200     200     300     100     
4291   1985 4400    1000    2700    300     1900    500     1000    0       200     200     700     1000    0       100     400     500     500     0       800     
4291   1986 3300    1600    2000    1000    1000    1100    800     200     0       100     0       900     500     400     200     0       100     700     200     
4291   1987 4300    1200    2200    200     900     1200    1400    0       0       200     600     100     300     500     400     300     500     600     800     
4291   1988 4800    3300    1600    2200    800     700     1000    1000    400     0       300     500     100     300     300     100     800     100     900     
4291   1989 6600    3700    3200    2500    1000    1300    2200    900     700     300     500     200     200     500     600     1200    1000    0       500     
4291   1990 5900    4900    1700    2800    1800    900     900     1400    900     1100    400     300     400     100     400     100     300     500     0       
4291   1991 4800    2300    3200    900     1000    2100    800     800     100     600     400     0       200     900     1000    700     100     0       0       
4291   1992 5300    1900    3200    1400    1300    2300    300     600     800     400     300     600     600     600     1100    0       0       300     0       
4291   1993 5200    1900    2800    1100    2500    400     700     1000    100     500     900     1100    200     100     100     400     300     0       500     
4291   1994 7200    2400    4000    1500    1600    2700    1200    1000    0       600     700     300     400     1500    800     300     100     800     700     
4291   1995 5600    2800    3600    1800    900     2400    1200    300     800     100     400     400     100     1200    1100    400     800     0       0       
4291   1996 2500    800     1700    0       400     1200    900     0       0       0       200     200     600     0       600     100     300     500     0       
4291   1997 6500    2600    3600    1200    1400    2200    1200    0       1200    600     100     700     600     300     1300    600     400     200     500     
4291   1998 8000    4400    3900    3300    2100    1500    1100    1300    1500    500     800     800     900     300     300     800     300     0       500     
4291   1999 7100    2200    4600    1400    1700    1700    2400    700     200     500     800     400     100     1300    300     1700    400     300     400     
4291   2000 7900    2800    4400    1700    2200    1800    2200    600     700     400     1100    700     800     100     900     800     1000    400     400     
4291   2001 5100    3000    2600    1100    1300    1700    1400    100     600     500     200     600     100     400     1200    100     1100    200     0       
4291   2002 8500    4000    5400    2100    2300    3100    1000    900     1200    600     600     1100    600     600     1900    600     0       400     0       
4291   2003 6000    1000    4600    300     1600    2900    1100    300     0       300     500     800     700     1200    1000    400     0       700     100     
4291   2004 6100    2600    3100    1100    1600    2000    1200    100     900     800     400     400     200     400     1400    300     700     200     300     
4291   2005 7300    3200    3800    1600    2200    1600    1900    1300    0       700     600     900     300     900     400     700     800     400     300     
4291   2006 8600    2000    5300    500     800     3500    3100    0       200     300     400     100     1100    2100    300     1300    1000    800     1000    
4291   2007 7900    6700    3400    3900    2700    1600    300     1900    1000    1000    900     800     800     400     400     100     0       200     400     
4291   2008 5300    3100    1800    2400    900     1300    1000    900     1100    500     200     200     300     600     400     100     200     700     100     
4291   2009 4400    1500    2500    200     1400    1400    1500    0       100     400     1000    0       200     700     500     100     200     1200    0       
4291   2010 3300    1800    2400    100     600     2100    500     0       100     300     200     100     400     1300    400     0       0       500     0       
4291   2011 4200    1700    2400    900     1400    900     700     600     300     300     1000    100     400     100     400     400     200     100     300     
4291   2012 6400    3100    2900    1800    2400    1100    1100    700     800     1000    600     800     100     500     500     400     400     300     300     
4291   2013 5300    2000    2900    1300    1100    1600    1000    1000    0       0       600     500     500     700     400     200     700     100     600     
4291   2014 8500    3000    4600    1600    2400    2000    2700    400     600     600     1300    500     300     1400    300     800     1200    700     400     
4291   2015 6100    3400    2600    1200    600     2100    1200    600     200     300     200     100     200     400     1500    200     0       1000    1400    
4291   2016 5300    3600    3300    2500    1000    1500    1100    300     800     100     300     600     400     500     600     900     0       200     600     
4291   2017 4500    2300    2100    1400    1400    1200    800     0       800     700     300     400     400     400     400     200     600     0       300     
4291   2018 7300    1700    5600    1000    2300    2400    1400    700     0       100     1300    900     800     700     900     1000    100     300     500     
4291   2019 6300    2200    3700    1200    1400    2700    1300    200     500     600     700     100     1100    700     900     200     1000    100     200     
4291   2020 7300    4000    2800    2500    400     2400    2000    600     1700    400     0       0       700     200     1500    400     700     900     200     
4291   2021 4800    2700    2300    1000    200     1400    1600    200     600     100     0       100     800     400     200     800     500     300     800     
