EUROPEAN CLIMATE ASSESSMENT & DATASET (ECA&D), file created on: 20-01-2022
THESE DATA CAN BE USED FOR NON-COMMERCIAL RESEARCH AND EDUCATION PROVIDED THAT THE FOLLOWING SOURCE IS ACKNOWLEDGED: 

Klein Tank, A.M.G. and Coauthors, 2002. Daily dataset of 20th-century surface
air temperature and precipitation series for the European Climate Assessment.
Int. J. of Climatol., 22, 1441-1453.
Data and metadata available at http://www.ecad.eu

FILE FORMAT (MISSING VALUE CODE = -999999):

THIS FILE HOLDS DATA FOR STATION NORWAY                                   SUOLOVUOPMI                              (STAID:    185)
LATITUDE: dd:mm:ss +69:35:17
LONGITUDE: ddd:mm:ss +023:31:54
ELEVATION: m  377

DATA IS FOR INDEX Days with TN > 90th percentile of daily min temp (warm nights) (TN90p) with unit 0.01 No of days

01-06 SOUID: Source identifier
08-11 YEAR : YYYY
13-20 ANNUAL DATA VALUES
21-28 WINTER HALF YEAR DATA VALUES
29-36 SUMMER HALF YEAR DATA VALUES
37-44 WINTER (DJF) DATA VALUES
45-52 SPRING (MAM) DATA VALUES
53-60 SUMMER (JJA) DATA VALUES
61-68 AUTUMN (SON) DATA VALUES
69-76 JANUARY DATA VALUES
etc. 
157-164 DECEMBER DATA VALUES

185    1963 -999999 -999999 -999999 -999999 -999999 -999999 -999999 -999999 -999999 -999999 -999999 -999999 -999999 -999999 -999999 -999999 200     100     300     
185    1964 3700    2100    900     1500    500     700     1100    1200    0       300     0       200     100     100     500     0       800     300     200     
185    1965 1700    1600    1000    500     300     400     700     200     100     0       300     0       0       0       400     300     300     100     0       
185    1966 1800    500     1000    100     400     600     300     100     0       0       300     100     300     300     0       0       0       300     400     
185    1967 3800    1800    1700    900     700     700     1900    0       500     600     100     0       200     100     400     900     100     900     0       
185    1968 2900    1200    900     200     300     200     1200    0       200     0       300     0       0       0       200     400     200     600     1000    
185    1969 1000    1900    400     1000    200     300     400     0       0       100     100     0       0       0       300     0       300     100     100     
185    1970 4200    900     1900    400     400     1300    1500    300     0       100     0       300     700     600     0       300     700     500     700     
185    1971 2200    2400    800     1200    300     200     700     300     200     0       0       300     100     0       100     300     400     0       500     
185    1972 5600    2300    3500    1600    1100    2400    300     900     200     300     500     300     700     1200    500     300     0       0       700     
185    1973 2300    1900    1000    1600    500     800     100     700     200     300     100     100     100     700     0       0       0       100     0       
185    1974 5600    2000    3100    900     1800    1900    1000    500     400     1000    600     200     800     500     600     400     100     500     0       
185    1975 3800    2100    1400    1100    1500    100     1000    300     800     400     400     700     0       100     0       200     300     500     100     
185    1976 -999999 1500    -999999 500     -999999 -999999 300     0       400     200     300     -999999 -999999 0       200     200     0       100     900     
185    1977 2400    1200    900     1000    300     600     1300    100     0       100     100     100     0       500     100     100     200     1000    100     
185    1978 2500    -999999 1100    -999999 800     700     600     0       -999999 500     0       300     300     200     200     100     200     300     400     
185    1979 3900    1600    2500    700     800     1900    400     200     100     400     0       400     600     700     600     200     0       200     500     
185    1980 3700    1100    2700    900     1100    1200    1000    0       400     0       600     500     800     100     300     400     400     200     0       
185    1981 2000    900     1100    100     600     200     1000    100     0       200     300     100     0       100     100     500     300     200     100     
185    1982 -999999 -999999 500     -999999 400     200     600     -999999 -999999 200     0       200     0       200     0       100     200     300     200     
185    1983 3300    1200    2600    700     500     900     -999999 200     300     0       400     100     300     500     100     1200    -999999 100     0       
185    1984 4800    -999999 2900    900     2000    600     800     200     700     100     500     1400    400     0       200     400     400     0       500     
185    1985 2900    1400    1500    700     400     1100    -999999 200     0       300     0       100     100     500     500     300     -999999 500     100     
185    1986 4000    1900    -999999 400     1400    -999999 1300    200     100     700     0       700     600     -999999 100     0       700     600     0       
185    1987 3100    2200    500     800     300     100     1800    800     0       100     100     100     0       0       100     200     1600    0       100     
185    1988 4900    2800    3000    1100    400     1900    1400    500     500     100     100     200     300     1100    500     800     500     100     200     
185    1989 5600    2800    2500    1300    2200    900     1000    800     300     900     1000    300     500     100     300     300     0       700     400     
185    1990 4700    2500    2300    1300    1600    1100    400     100     800     500     700     400     300     100     700     100     200     100     700     
185    1991 4000    2300    1900    1900    900     1100    300     900     300     100     700     100     300     400     400     0       200     100     500     
185    1992 5800    3000    2900    2000    1700    800     1200    1000    500     700     200     800     700     100     0       1100    100     0       600     
185    1993 3000    2000    1100    1700    700     600     300     600     500     200     200     300     0       300     300     0       100     200     300     
185    1994 3100    1300    1800    800     1400    600     200     0       500     200     900     300     100     100     400     0       200     0       400     
185    1995 3100    2100    1400    1200    1200    700     200     300     500     700     200     300     300     100     300     200     0       0       200     
185    1996 -999999 -999999 800     -999999 -999999 700     500     1100    -999999 -999999 0       100     0       100     600     0       300     200     100     
185    1997 4500    1300    3000    300     1100    1400    1200    0       200     500     0       600     200     400     800     1000    100     100     600     
185    1998 3900    1800    2000    1100    1300    900     700     500     0       500     300     500     200     300     400     300     400     0       500     
185    1999 5200    1400    2700    900     900     1200    2300    200     200     100     600     200     400     700     100     700     600     1000    400     
185    2000 6400    3200    2500    1200    1000    1300    3200    200     600     400     200     400     200     800     300     600     1800    800     100     
185    2001 6400    4400    -999999 1800    700     -999999 2200    1200    500     0       300     400     400     -999999 300     1500    200     500     900     
185    2002 5900    2800    4000    1600    2400    1900    300     600     100     500     1100    800     500     300     1100    200     100     0       600     
185    2003 -999999 3000    2800    2000    2300    1400    -999999 0       1400    900     500     900     100     800     500     0       200     -999999 -999999 
185    2004 -999999 -999999 3700    -999999 1700    1500    1900    -999999 -999999 600     300     800     100     900     500     1100    400     400     500     
185    2005 4700    2400    2500    1000    1000    1800    1400    400     100     600     400     0       300     600     900     300     900     200     0       
185    2006 5500    2300    2900    900     1300    1300    1600    600     300     300     800     200     600     200     500     600     100     900     400     
185    2007 3900    2000    1400    500     800     800     1300    100     0       500     200     100     200     200     400     300     900     100     900     
185    2008 2900    3400    500     2100    400     200     300     600     600     300     100     0       0       100     100     200     100     0       800     
185    2009 4400    1800    2200    1500    1000    1000    1600    500     200     200     400     400     0       300     700     400     100     1100    100     
185    2010 2200    1600    1400    400     600     400     800     300     0       0       300     300     100     200     100     400     400     0       100     
185    2011 6300    900     3900    300     1300    1600    2400    200     0       200     700     400     500     500     600     1200    500     700     800     
185    2012 2900    2500    1200    900     700     400     1700    0       100     400     0       300     0       200     200     500     800     400     0       
185    2013 6300    1700    4700    500     1200    2600    1300    200     300     0       500     700     1200    600     800     900     400     0       700     
185    2014 6000    3800    2500    2300    1400    2000    500     300     1300    1100    200     100     300     1000    700     200     300     0       500     
185    2015 5800    2500    3300    1000    2600    600     2000    200     300     1200    1000    400     0       100     500     1300    200     500     100     
185    2016 6100    1900    3500    400     2200    800     2100    100     200     800     500     900     200     400     200     1300    500     300     700     
185    2017 2200    2500    700     1500    300     300     700     500     300     200     100     0       0       100     200     300     400     0       100     
185    2018 5700    800     3400    300     1200    1600    2100    0       200     100     100     1000    200     800     600     700     200     1200    600     
185    2019 -999999 2700    -999999 1200    1700    -999999 600     300     300     100     1000    600     -999999 -999999 800     500     0       100     300     
185    2020 -999999 1100    -999999 700     -999999 600     1800    100     300     -999999 -999999 -999999 0       300     300     200     800     800     900     
185    2021 3100    3000    1800    900     700     1200    1100    0       0       500     200     0       500     300     400     400     500     200     100     
