EUROPEAN CLIMATE ASSESSMENT & DATASET (ECA&D), file created on: 20-01-2022
THESE DATA CAN BE USED FOR NON-COMMERCIAL RESEARCH AND EDUCATION PROVIDED THAT THE FOLLOWING SOURCE IS ACKNOWLEDGED: 

Klein Tank, A.M.G. and Coauthors, 2002. Daily dataset of 20th-century surface
air temperature and precipitation series for the European Climate Assessment.
Int. J. of Climatol., 22, 1441-1453.
Data and metadata available at http://www.ecad.eu

FILE FORMAT (MISSING VALUE CODE = -999999):

THIS FILE HOLDS DATA FOR STATION NORWAY                                   VARDEFJELL                               (STAID:  18734)
LATITUDE: dd:mm:ss +65:52:41
LONGITUDE: ddd:mm:ss +013:18:15
ELEVATION: m  634

DATA IS FOR INDEX Days with TN > 90th percentile of daily min temp (warm nights) (TN90p) with unit 0.01 No of days

01-06 SOUID: Source identifier
08-11 YEAR : YYYY
13-20 ANNUAL DATA VALUES
21-28 WINTER HALF YEAR DATA VALUES
29-36 SUMMER HALF YEAR DATA VALUES
37-44 WINTER (DJF) DATA VALUES
45-52 SPRING (MAM) DATA VALUES
53-60 SUMMER (JJA) DATA VALUES
61-68 AUTUMN (SON) DATA VALUES
69-76 JANUARY DATA VALUES
etc. 
157-164 DECEMBER DATA VALUES

18734  1958 -999999 -999999 -999999 -999999 -999999 1600    2500    -999999 -999999 -999999 -999999 -999999 300     200     1100    700     600     1200    100     
18734  1959 8200    5400    2700    1800    3400    1100    1700    500     1200    1800    900     700     200     300     600     0       800     900     300     
18734  1960 5200    3500    3600    1100    1800    1300    1200    500     300     700     500     600     300     700     300     1200    0       0       100     
18734  1961 6700    1800    2400    1400    800     1200    3100    300     1000    400     200     200     600     500     100     800     1600    700     300     
18734  1962 2800    3500    600     1200    200     400     700     700     200     0       200     0       0       300     100     0       600     100     600     
18734  1963 4600    2300    3000    1100    2000    900     600     300     200     500     300     1200    300     100     500     600     0       0       600     
18734  1964 5700    3000    1900    2500    1600    800     1000    1700    200     500     800     300     0       400     400     0       800     200     400     
18734  1965 4500    2600    2800    1400    1100    1100    1300    100     900     200     700     200     400     300     400     800     500     0       0       
18734  1966 1700    800     1100    0       300     1100    300     0       0       300     0       0       1000    100     0       0       0       300     0       
18734  1967 3900    1200    2300    800     900     600     1600    200     600     100     400     400     0       100     500     900     0       700     0       
18734  1968 4100    1500    1600    400     700     500     1600    200     200     400     300     0       200     100     200     800     0       800     900     
18734  1969 5200    2100    3800    1200    600     3300    500     200     100     100     500     0       1000    200     2100    0       500     0       500     
18734  1970 4900    1500    2800    900     1100    1600    700     300     100     100     200     800     700     100     800     200     300     200     1100    
18734  1971 3300    2400    1300    1800    500     600     1100    500     200     100     200     200     100     300     200     300     500     300     400     
18734  1972 5400    2300    2200    1000    1100    1600    500     500     100     500     400     200     500     900     200     0       200     300     1600    
18734  1973 3200    4100    1000    2800    800     1000    100     1100    100     800     0       0       0       600     400     0       0       100     100     
18734  1974 4500    1400    3200    800     2000    900     800     400     300     500     600     900     800     0       100     800     0       0       100     
18734  1975 3300    1800    600     1600    300     400     1100    500     1000    200     100     0       0       0       400     100     100     900     0       
18734  1976 2200    1600    1300    400     600     600     600     0       400     200     100     300     100     200     300     300     0       300     0       
18734  1977 3800    1400    1000    0       1200    900     1500    0       0       1100    0       100     100     300     500     0       700     800     200     
18734  1978 2200    2100    1500    500     500     1000    400     200     100     100     200     200     200     700     100     100     0       300     0       
18734  1979 1700    600     1200    0       500     900     100     0       0       300     200     0       300     200     400     100     0       0       200     
18734  1980 3600    600     3000    500     700     2200    400     0       300     100     600     0       500     900     800     200     0       200     0       
18734  1981 3500    900     2700    500     2200    200     600     400     100     200     600     1400    0       200     0       500     100     0       0       
18734  1982 4300    1700    1300    1100    600     800     1200    600     500     500     100     0       300     200     300     400     700     100     600     
18734  1983 4000    2300    2800    1300    1600    600     800     600     100     200     1000    400     100     500     0       800     0       0       300     
18734  1984 5000    800     3000    800     2200    600     1300    0       500     0       600     1600    400     100     100     200     300     800     400     
18734  1985 2800    2100    1900    800     500     1500    300     300     100     200     100     200     800     400     300     100     100     100     100     
18734  1986 3700    1700    1100    400     1700    500     900     0       300     1100    200     400     400     100     0       0       300     600     300     
18734  1987 2100    1400    900     500     300     500     900     0       200     0       300     0       0       500     0       100     800     0       200     
18734  1988 -999999 1600    -999999 600     1100    -999999 -999999 200     200     200     300     600     300     1000    -999999 -999999 -999999 -999999 -999999 
