EUROPEAN CLIMATE ASSESSMENT & DATASET (ECA&D), file created on: 20-01-2022
THESE DATA CAN BE USED FOR NON-COMMERCIAL RESEARCH AND EDUCATION PROVIDED THAT THE FOLLOWING SOURCE IS ACKNOWLEDGED: 

Klein Tank, A.M.G. and Coauthors, 2002. Daily dataset of 20th-century surface
air temperature and precipitation series for the European Climate Assessment.
Int. J. of Climatol., 22, 1441-1453.
Data and metadata available at http://www.ecad.eu

FILE FORMAT (MISSING VALUE CODE = -999999):

THIS FILE HOLDS DATA FOR STATION FRANCE                                   ST YAN                                   (STAID:  11320)
LATITUDE: dd:mm:ss +46:24:29
LONGITUDE: ddd:mm:ss +004:00:59
ELEVATION: m  242

DATA IS FOR INDEX Days with TN > 90th percentile of daily min temp (warm nights) (TN90p) with unit 0.01 No of days

01-06 SOUID: Source identifier
08-11 YEAR : YYYY
13-20 ANNUAL DATA VALUES
21-28 WINTER HALF YEAR DATA VALUES
29-36 SUMMER HALF YEAR DATA VALUES
37-44 WINTER (DJF) DATA VALUES
45-52 SPRING (MAM) DATA VALUES
53-60 SUMMER (JJA) DATA VALUES
61-68 AUTUMN (SON) DATA VALUES
69-76 JANUARY DATA VALUES
etc. 
157-164 DECEMBER DATA VALUES

11320  1954 3900    -999999 1200    -999999 800     600     1400    400     0       500     200     100     300     300     0       300     400     700     700     
11320  1955 4000    3000    1500    1500    800     800     800     600     200     400     0       400     500     200     100     300     0       500     800     
11320  1956 2700    2400    1100    1300    1300    200     500     500     0       600     100     600     100     100     0       200     200     100     200     
11320  1957 3500    1900    1800    1000    1100    1100    500     200     600     600     500     0       300     300     500     200     100     200     0       
11320  1958 4600    1700    2200    1300    800     700     1200    200     1100    100     100     600     100     100     500     800     300     100     600     
11320  1959 3900    2200    2100    1000    1300    1000    800     400     0       800     300     200     200     400     400     600     0       200     400     
11320  1960 5000    2400    1800    1500    1600    800     1400    700     400     700     200     700     200     100     500     100     400     900     100     
11320  1961 6200    2100    3600    600     2000    900     1800    100     400     200     1300    500     500     400     0       900     400     500     1000    
11320  1962 3200    3100    1800    1800    1000    600     800     800     0       400     400     200     100     0       500     600     100     100     0       
11320  1963 2600    400     1600    0       700     800     1100    0       0       200     300     200     200     400     200     300     0       800     0       
11320  1964 4700    1900    2800    700     1300    1200    1400    100     600     400     200     700     500     600     100     700     200     500     100     
11320  1965 3600    1900    1800    300     1500    1100    400     200     0       900     100     500     500     300     300     100     100     200     400     
11320  1966 6200    2600    2700    2200    1500    900     1600    900     900     100     800     600     600     100     200     400     900     300     400     
11320  1967 3900    3400    1100    1300    1200    700     900     400     500     900     0       300     100     300     300     100     700     100     200     
11320  1968 2300    1400    1000    500     600     500     800     200     100     100     100     400     100     400     0       0       500     300     100     
11320  1969 2700    1900    1300    400     1100    900     400     200     100     700     100     300     100     400     400     0       100     300     0       
11320  1970 3100    1100    1800    700     100     1500    600     400     300     0       100     0       800     200     500     200     200     200     200     
11320  1971 2200    800     1900    400     500     1400    0       200     0       0       100     400     200     800     400     0       0       0       100     
11320  1972 1900    600     800     500     300     600     300     100     300     100     100     100     100     100     400     0       100     200     300     
11320  1973 2400    600     1600    300     800     800     400     0       0       0       100     700     200     100     500     0       0       400     400     
11320  1974 3600    2400    900     1400    800     500     500     800     200     600     200     0       200     100     200     200     0       300     800     
11320  1975 3100    2100    1800    1700    600     900     700     700     200     100     300     200     0       0       900     400     0       300     0       
11320  1976 2500    800     1700    500     800     500     700     400     100     0       300     500     0       400     100     400     200     100     0       
11320  1977 4000    2200    900     1300    1400    0       1000    400     900     600     400     400     0       0       0       100     700     200     300     
11320  1978 2300    1900    900     700     400     500     300     0       400     300     0       100     300     100     100     300     0       0       700     
11320  1979 3700    2000    1400    1500    800     1000    800     0       800     500     100     200     800     200     0       100     500     200     300     
11320  1980 2100    1800    1000    800     500     500     400     100     400     300     200     0       200     0       300     300     0       100     200     
11320  1981 4800    1500    2900    400     2000    1300    1100    100     100     1000    700     300     400     600     300     600     400     100     200     
11320  1982 4600    1800    2300    1200    500     1500    1200    800     200     100     0       400     800     400     300     400     200     600     400     
11320  1983 5700    2200    3300    1100    700     2500    1300    600     100     300     400     0       500     1000    1000    400     500     400     500     
11320  1984 2500    1700    900     700     300     600     1400    100     100     100     100     100     300     200     100     100     300     1000    0       
11320  1985 2700    1900    1100    500     400     700     700     200     300     100     200     100     100     600     0       100     400     200     400     
11320  1986 4700    1600    2900    800     1100    1400    1800    400     0       200     100     800     600     500     300     600     700     500     0       
11320  1987 4300    1900    2100    400     600     1100    1700    100     300     300     300     0       300     500     300     700     900     100     500     
11320  1988 5400    2900    2700    1600    1800    1200    800     1000    100     300     500     1000    100     200     900     0       500     300     500     
11320  1989 5400    2600    2400    1300    1300    1400    1100    200     600     500     400     400     0       800     600     200     500     400     800     
11320  1990 5300    3200    2300    2000    1100    1400    1300    400     800     300     100     700     400     300     700     100     600     600     300     
11320  1991 4500    3300    2000    900     1200    1300    1100    600     0       1200    0       0       200     300     800     700     200     200     300     
11320  1992 4200    1500    2400    600     1300    1400    900     100     200     500     200     600     300     300     800     200     0       700     300     
11320  1993 4600    1800    2700    900     1200    1400    700     600     0       200     600     400     600     500     300     300     200     200     700     
11320  1994 7300    2800    3600    1400    1400    2900    1500    600     100     1000    200     200     700     1100    1100    300     500     700     800     
11320  1995 5500    3600    2200    2300    600     1500    1600    500     1000    100     300     200     200     700     600     200     1000    400     300     
11320  1996 3400    2500    1700    1000    1000    800     400     500     200     100     500     400     500     200     100     0       100     300     500     
11320  1997 6200    2200    3100    1200    1500    1900    1300    100     600     600     400     500     500     300     1100    300     500     500     800     
11320  1998 4500    2900    2300    1600    900     1200    1100    600     200     300     400     200     600     100     500     500     400     200     500     
11320  1999 6800    2700    4600    1400    2400    2100    1100    600     300     700     600     1100    200     1000    900     800     200     100     300     
11320  2000 6500    1800    3500    1300    1300    1900    1500    400     600     200     400     700     700     300     900     500     300     700     800     
11320  2001 7300    4300    3300    2100    3100    1400    1100    700     600     1200    600     1300    0       400     1000    0       900     200     400     
11320  2002 7700    3600    3500    1700    1400    2400    1500    400     900     800     300     300     1200    500     700     500     300     700     1100    
11320  2003 8300    3200    6100    1600    1700    4700    1200    300     200     600     600     500     2100    600     2000    300     400     500     200     
11320  2004 4800    2100    2400    700     1000    1600    1500    500     0       500     500     0       400     300     900     300     800     400     200     
11320  2005 6500    2400    4400    800     1700    2400    1700    500     100     400     500     800     1300    900     200     700     900     100     100     
11320  2006 8700    1900    5400    300     1600    3000    3500    100     100     600     200     800     900     2000    100     1400    1200    900     400     
11320  2007 7100    5000    3300    2200    2200    1600    1200    1300    500     700     600     900     1000    300     300     200     500     500     300     
11320  2008 5500    2900    3000    1300    1600    1700    1100    600     400     600     300     700     800     300     600     300     500     300     100     
11320  2009 5700    1000    3600    100     1500    2000    1400    0       0       100     600     800     500     600     900     200     400     800     800     
11320  2010 4900    2600    3000    1000    800     2500    1200    100     100     400     200     200     600     1200    700     100     400     700     200     
11320  2011 6500    2500    3300    900     1500    1700    1900    600     100     500     400     600     400     100     1200    600     600     700     700     
11320  2012 7400    2700    4300    1400    1400    2400    2100    700     0       0       400     1000    1400    200     800     500     1100    500     800     
11320  2013 6100    3300    2800    1300    900     1900    2400    500     0       400     300     200     400     700     800     400     1500    500     400     
11320  2014 5800    3700    2600    1400    1200    1500    1700    800     200     300     600     300     500     300     700     200     800     700     400     
11320  2015 6500    2600    4800    700     1400    3500    1000    200     100     400     400     600     900     1200    1400    300     100     600     300     
11320  2016 6000    2400    3600    1400    1500    1800    1500    500     600     300     700     500     900     500     400     600     200     700     100     
11320  2017 6100    2200    3700    600     1400    2900    800     100     400     700     200     500     1200    900     800     100     500     200     500     
11320  2018 8600    3500    4300    2200    1800    2800    1200    1500    200     600     500     700     1000    600     1200    300     500     400     1100    
11320  2019 7000    3000    2800    1200    1200    2200    2500    100     0       900     200     100     500     900     800     300     1300    900     1000    
11320  2020 6500    4800    3600    2300    1400    2000    1300    500     800     300     800     300     400     600     1000    500     500     300     500     
11320  2021 4400    2500    2500    1600    300     1500    1200    400     700     100     100     100     900     300     300     800     300     100     300     
