EUROPEAN CLIMATE ASSESSMENT & DATASET (ECA&D), file created on: 20-01-2022
THESE DATA CAN BE USED FOR NON-COMMERCIAL RESEARCH AND EDUCATION PROVIDED THAT THE FOLLOWING SOURCE IS ACKNOWLEDGED: 

Klein Tank, A.M.G. and Coauthors, 2002. Daily dataset of 20th-century surface
air temperature and precipitation series for the European Climate Assessment.
Int. J. of Climatol., 22, 1441-1453.
Data and metadata available at http://www.ecad.eu

FILE FORMAT (MISSING VALUE CODE = -999999):

THIS FILE HOLDS DATA FOR STATION SWEDEN                                   IDKERBERGET                              (STAID:   5546)
LATITUDE: dd:mm:ss +60:22:48
LONGITUDE: ddd:mm:ss +015:13:48
ELEVATION: m  260

DATA IS FOR INDEX Days with TN > 90th percentile of daily min temp (warm nights) (TN90p) with unit 0.01 No of days

01-06 SOUID: Source identifier
08-11 YEAR : YYYY
13-20 ANNUAL DATA VALUES
21-28 WINTER HALF YEAR DATA VALUES
29-36 SUMMER HALF YEAR DATA VALUES
37-44 WINTER (DJF) DATA VALUES
45-52 SPRING (MAM) DATA VALUES
53-60 SUMMER (JJA) DATA VALUES
61-68 AUTUMN (SON) DATA VALUES
69-76 JANUARY DATA VALUES
etc. 
157-164 DECEMBER DATA VALUES

5546   1945 1600    -999999 1400    -999999 100     1400    0       0       100     100     0       0       0       900     500     0       0       0       0       
5546   1946 1700    100     1200    100     800     300     200     100     0       0       500     300     100     200     0       100     0       100     300     
5546   1947 1100    400     1100    300     0       1000    100     0       0       0       0       0       500     500     0       100     0       0       0       
5546   1948 1700    100     1100    100     200     400     500     100     0       0       200     0       0       400     0       500     0       0       500     
5546   1949 -999999 1300    -999999 1300    100     -999999 -999999 500     300     0       100     0       -999999 -999999 -999999 -999999 -999999 -999999 -999999 
5546   1950 -999999 -999999 1100    -999999 -999999 400     0       -999999 -999999 -999999 200     500     400     0       0       0       0       0       200     
5546   1951 -999999 -999999 500     400     -999999 300     300     0       200     -999999 100     0       200     100     0       100     0       200     300     
5546   1952 1100    1000    600     800     200     400     0       200     300     0       100     100     0       200     200     0       0       0       0       
5546   1953 3600    500     1900    100     1800    500     600     100     0       400     600     800     400     100     0       0       300     300     600     
5546   1954 2500    1600    1100    600     1000    200     300     0       0       400     100     500     200     0       0       300     0       0       1000    
5546   1955 2700    1800    1200    1700    100     900     800     400     300     100     0       0       0       300     600     300     300     200     200     
5546   1956 1500    700     800     200     100     700     0       0       0       0       0       100     600     100     0       0       0       0       700     
5546   1957 3100    1200    1800    1100    -999999 1300    300     400     0       100     100     -999999 300     800     200     100     0       200     600     
5546   1958 1600    1000    1000    800     200     700     500     100     100     0       0       200     100     400     200     100     400     0       0       
5546   1959 3800    800     2300    200     1000    1400    800     0       200     200     500     300     300     800     300     100     0       700     400     
5546   1960 2700    1700    1900    1000    600     800     600     500     100     0       0       600     500     200     100     500     0       100     100     
5546   1961 4300    1400    1400    900     700     1100    1700    0       800     400     100     200     800     100     200     0       1700    0       0       
5546   1962 1600    2100    800     400     100     700     300     400     0       0       100     0       600     100     0       0       200     100     100     
5546   1963 2700    400     2100    100     400     1100    800     0       0       0       100     300     100     300     700     600     100     100     400     
5546   1964 3900    1500    1900    1100    1200    400     1000    500     200     200     500     500     0       0       400     500     300     200     600     
5546   1965 3800    2600    1700    1600    700     400     1700    500     500     500     200     0       0       0       400     1100    600     0       0       
5546   1966 1900    900     800     0       600     400     700     0       0       300     200     100     0       400     0       100     300     300     200     
5546   1967 4600    2400    1800    600     1500    1100    1500    100     300     1200    200     100     100     500     500     400     400     700     100     
5546   1968 3400    2000    2300    200     1600    600     1100    100     0       700     700     200     400     100     100     800     200     100     0       
5546   1969 2900    700     1900    400     400     1000    1100    400     0       0       300     100     200     300     500     500     500     100     0       
5546   1970 2200    600     1300    0       200     500     1100    0       0       0       100     100     200     100     200     600     100     400     400     
5546   1971 3900    2400    1200    1900    700     500     700     1000    500     0       200     500     100     400     0       0       300     400     500     
5546   1972 4700    1400    2500    500     700     2000    300     0       0       200     100     400     500     1200    300     0       200     100     1700    
5546   1973 3000    3500    1200    2700    900     800     100     700     300     500     100     300     300     400     100     0       0       100     200     
5546   1974 3800    1600    1300    1500    800     300     600     600     700     0       700     100     300     0       0       200     0       400     800     
5546   1975 5800    2700    2700    1900    800     1400    2200    1000    100     400     0       400     200     400     800     900     500     800     300     
5546   1976 2300    2200    1100    700     700     600     300     0       400     200     500     0       200     200     200     0       0       300     300     
5546   1977 3400    1500    1100    600     700     900     1300    300     0       600     0       100     300     100     500     100     400     800     200     
5546   1978 2700    2600    1000    800     900     700     500     300     300     600     100     200     300     0       400     0       0       500     0       
5546   1979 2400    800     1200    0       1000    400     500     0       0       300     200     500     300     100     0       100     200     200     500     
5546   1980 2700    1000    2100    600     400     800     1000    0       100     0       300     100     600     0       200     900     0       100     400     
5546   1981 2000    700     1500    500     400     900     600     0       100     100     200     100     200     300     400     300     200     100     0       
5546   1982 3800    1100    1500    200     1100    600     1400    0       200     600     300     200     100     200     300     400     200     800     500     
5546   1983 -999999 3100    -999999 1800    1400    -999999 -999999 1300    0       300     600     500     300     -999999 -999999 -999999 -999999 -999999 600     
5546   1984 -999999 -999999 -999999 700     1500    -999999 700     100     0       0       300     1200    300     100     -999999 0       300     400     800     
5546   1985 -999999 1500    -999999 800     500     -999999 500     0       0       0       200     300     500     300     -999999 0       500     0       400     
5546   1986 -999999 -999999 1900    -999999 -999999 1300    1700    -999999 0       -999999 100     400     700     600     0       100     400     1200    300     
5546   1987 -999999 2200    -999999 400     -999999 600     900     0       100     200     -999999 100     0       400     200     100     400     400     100     
5546   1988 5300    2000    3800    1200    900     2600    500     400     700     0       400     500     800     1300    500     300     100     100     200     
5546   1989 9000    4200    4100    3200    2300    2200    1200    1500    1500    800     700     800     500     1000    700     400     400     400     300     
5546   1990 7900    4900    3300    3100    3200    1100    400     800     2000    1000    1300    900     0       100     1000    0       300     100     400     
5546   1991 5400    2100    2800    1200    1500    1400    1300    400     400     500     1000    0       0       800     600     400     200     700     400     
5546   1992 6300    4400    2700    2000    3000    1100    100     1200    400     1500    300     1200    800     200     100     100     0       0       500     
5546   1993 5200    2500    3000    1700    3300    400     300     700     500     800     1000    1500    100     300     0       100     200     0       0       
5546   1994 6300    700     3900    200     1300    2700    1000    200     0       300     900     100     100     1700    900     200     400     400     1100    
5546   1995 5600    3100    2900    1900    1000    1900    1700    0       800     400     100     500     600     500     800     400     1000    300     200     
5546   1996 3800    1800    2300    500     600     1700    800     200     100     0       500     100     300     300     1100    0       500     300     400     
5546   1997 7900    3400    5000    1800    1400    3800    700     600     800     800     300     300     500     1000    2300    600     0       100     600     
5546   1998 6200    3300    2800    2800    1900    200     1200    1100    1100    400     700     800     0       200     0       1100    100     0       700     
5546   1999 7300    2300    4200    1800    1600    1700    2700    800     300     400     1100    100     400     1000    300     1300    300     1100    200     
5546   2000 9900    3100    2800    1300    2200    900     4000    500     600     400     1000    800     400     400     100     100     1700    2200    1700    
5546   2001 8300    7500    4700    3200    2400    1800    2300    900     600     400     1200    800     200     800     800     900     1300    100     300     
5546   2002 9200    3900    7000    1800    2800    4200    700     700     800     700     1100    1000    800     1100    2300    700     0       0       0       
5546   2003 6900    1800    4100    600     2100    2600    800     500     100     1200    300     600     500     1600    500     600     0       200     800     
5546   2004 6100    2400    3900    1600    2400    1500    800     100     700     600     800     1000    100     0       1400    600     0       200     600     
5546   2005 7000    2500    3700    1900    1700    1500    2200    900     400     400     900     400     300     800     400     900     300     1000    300     
5546   2006 10900   2400    5700    1100    900     3400    3900    600     200     0       200     700     900     800     1700    1400    1100    1400    1900    
5546   2007 7200    6000    4200    2500    2800    2100    900     600     0       1000    1400    400     600     600     900     300     500     100     800     
5546   2008 6500    3900    3300    2500    2300    1700    500     700     1000    800     600     900     800     400     500     100     400     0       300     
5546   2009 7100    1500    4400    800     2000    1700    2500    500     0       300     1400    300     400     600     700     1000    0       1500    400     
5546   2010 -999999 -999999 -999999 400     -999999 -999999 -999999 0       0       -999999 -999999 -999999 -999999 -999999 -999999 -999999 -999999 -999999 -999999 
