EUROPEAN CLIMATE ASSESSMENT & DATASET (ECA&D), file created on: 20-01-2022
THESE DATA CAN BE USED FOR NON-COMMERCIAL RESEARCH AND EDUCATION PROVIDED THAT THE FOLLOWING SOURCE IS ACKNOWLEDGED: 

Klein Tank, A.M.G. and Coauthors, 2002. Daily dataset of 20th-century surface
air temperature and precipitation series for the European Climate Assessment.
Int. J. of Climatol., 22, 1441-1453.
Data and metadata available at http://www.ecad.eu

FILE FORMAT (MISSING VALUE CODE = -999999):

THIS FILE HOLDS DATA FOR STATION RUSSIAN FEDERATION                       ROSTOV-NA-DONU                           (STAID:    403)
LATITUDE: dd:mm:ss +47:15:00
LONGITUDE: ddd:mm:ss +039:49:00
ELEVATION: m   74

DATA IS FOR INDEX Days with TN > 90th percentile of daily min temp (warm nights) (TN90p) with unit 0.01 No of days

01-06 SOUID: Source identifier
08-11 YEAR : YYYY
13-20 ANNUAL DATA VALUES
21-28 WINTER HALF YEAR DATA VALUES
29-36 SUMMER HALF YEAR DATA VALUES
37-44 WINTER (DJF) DATA VALUES
45-52 SPRING (MAM) DATA VALUES
53-60 SUMMER (JJA) DATA VALUES
61-68 AUTUMN (SON) DATA VALUES
69-76 JANUARY DATA VALUES
etc. 
157-164 DECEMBER DATA VALUES

403    1886 -999999 -999999 -999999 -999999 -999999 -999999 700     400     -999999 -999999 -999999 -999999 -999999 -999999 100     100     300     300     900     
403    1887 3500    1500    1800    900     500     100     2200    0       0       0       0       500     0       0       100     1200    800     200     700     
403    1888 2800    2100    1200    800     900     600     1200    100     0       300     500     100     0       200     400     0       1200    0       0       
403    1889 3800    1600    2300    400     400     1700    1300    0       400     0       0       400     400     500     800     200     1100    0       0       
403    1890 -999999 -999999 -999999 -999999 -999999 -999999 -999999 -999999 -999999 -999999 -999999 -999999 -999999 -999999 -999999 -999999 -999999 -999999 -999999 
403    1891 -999999 -999999 -999999 -999999 -999999 -999999 -999999 -999999 -999999 -999999 -999999 -999999 -999999 -999999 -999999 -999999 -999999 -999999 -999999 
403    1892 2600    -999999 2100    -999999 400     1100    700     300     100     0       0       400     500     400     200     600     100     0       0       
403    1893 -999999 -999999 -999999 -999999 -999999 -999999 -999999 -999999 -999999 -999999 -999999 -999999 -999999 -999999 -999999 -999999 -999999 -999999 -999999 
403    1894 -999999 -999999 -999999 -999999 -999999 -999999 -999999 -999999 -999999 -999999 -999999 -999999 -999999 -999999 -999999 -999999 -999999 -999999 -999999 
403    1895 3600    -999999 1000    -999999 700     900     1000    1000    0       600     0       100     0       400     500     0       900     100     0       
403    1896 2300    1000    1000    0       100     300     1700    0       0       0       0       100     0       100     200     600     600     500     200     
403    1897 -999999 2100    3200    400     1500    1600    1200    0       200     600     400     500     300     800     500     700     500     0       -999999 
403    1898 -999999 -999999 -999999 -999999 -999999 300     300     -999999 -999999 -999999 -999999 -999999 100     200     0       0       0       300     100     
403    1899 3200    1400    1500    900     900     100     1400    600     200     200     500     200     0       0       100     700     700     0       0       
403    1900 1500    700     800     0       100     700     700     0       0       0       0       100     0       400     300     0       700     0       0       
403    1901 5300    2200    2900    900     1100    2400    100     400     500     600     400     100     1200    300     900     0       100     0       800     
403    1902 3600    2400    1900    2000    800     1100    400     700     500     300     200     300     700     200     200     300     100     0       100     
403    1903 3000    1200    1400    900     500     900     800     400     400     200     300     0       300     300     300     200     600     0       0       
403    1904 2400    1800    600     1100    100     300     900     0       1100    100     0       0       0       100     200     300     400     200     0       
403    1905 4200    700     1700    100     300     1000    2600    100     0       0       0       300     500     100     400     400     1600    600     200     
403    1906 5600    4200    3300    800     2900    1600    100     400     200     1200    300     1400    800     600     200     0       100     0       400     
403    1907 -999999 -999999 -999999 -999999 -999999 -999999 -999999 -999999 -999999 -999999 -999999 -999999 -999999 -999999 -999999 -999999 -999999 -999999 -999999 
403    1908 -999999 -999999 -999999 -999999 -999999 -999999 -999999 -999999 -999999 -999999 -999999 -999999 -999999 -999999 -999999 -999999 -999999 -999999 -999999 
403    1909 -999999 -999999 -999999 -999999 -999999 -999999 -999999 -999999 -999999 -999999 -999999 -999999 -999999 -999999 -999999 -999999 -999999 -999999 -999999 
403    1910 -999999 -999999 -999999 -999999 -999999 -999999 -999999 -999999 -999999 -999999 -999999 -999999 -999999 -999999 -999999 -999999 -999999 -999999 -999999 
403    1911 1000    -999999 500     -999999 0       400     600     0       0       0       0       0       100     200     100     100     300     200     0       
403    1912 -999999 1000    -999999 500     -999999 300     600     300     200     0       0       -999999 200     0       100     300     100     200     0       
403    1913 800     600     400     100     200     100     400     100     0       200     0       0       0       100     0       300     0       100     0       
403    1914 1600    1600    100     300     1200    100     0       100     200     1200    0       0       0       100     0       0       0       0       0       
403    1915 3200    2300    400     2200    100     300     300     1800    400     100     0       0       0       300     0       100     100     100     300     
403    1916 700     800     100     400     300     0       300     100     0       200     0       100     0       0       0       0       200     100     0       
403    1917 1900    800     700     500     300     300     800     500     0       0       300     0       0       200     100     100     0       700     0       
403    1918 -999999 1200    -999999 500     0       -999999 -999999 500     0       0       0       0       400     -999999 -999999 -999999 -999999 -999999 0       
403    1919 -999999 -999999 300     -999999 100     0       900     200     -999999 0       100     0       0       0       0       200     700     0       100     
403    1920 -999999 -999999 800     -999999 -999999 600     0       300     -999999 -999999 100     100     0       200     400     0       0       0       0       
403    1921 -999999 -999999 700     400     -999999 300     100     400     0       -999999 0       400     200     100     0       0       0       100     0       
403    1922 -999999 -999999 -999999 -999999 -999999 -999999 600     0       0       0       -999999 -999999 -999999 0       0       0       0       600     100     
403    1923 -999999 1600    -999999 300     800     -999999 -999999 100     100     700     100     -999999 -999999 -999999 -999999 -999999 400     600     0       
403    1924 1800    1100    1400    100     0       800     800     0       100     0       0       0       700     0       100     600     100     100     100     
403    1925 2200    1500    100     500     800     0       600     0       400     800     0       0       0       0       0       100     100     400     400     
403    1926 1000    1100    300     400     400     100     300     0       0       200     100     100     0       100     0       0       300     0       200     
403    1927 3100    500     1600    200     300     700     2100    0       0       0       100     200     300     0       400     600     800     700     0       
403    1928 1000    1600    100     100     0       0       800     0       100     0       0       0       0       0       0       100     100     600     100     
403    1929 -999999 900     1400    200     300     1100    600     100     0       0       0       300     0       300     800     0       600     0       -999999 
403    1930 1500    -999999 700     -999999 300     700     300     200     0       300     0       0       100     200     400     0       200     100     0       
403    1931 -999999 -999999 900     -999999 700     500     300     -999999 -999999 500     0       200     0       500     0       200     100     0       400     
403    1932 -999999 800     -999999 700     -999999 100     800     300     0       0       0       -999999 100     0       0       100     600     100     0       
403    1933 600     700     0       0       0       0       600     0       0       0       0       0       0       0       0       0       200     400     0       
403    1934 1300    1000    600     100     800     0       400     0       100     300     100     400     0       0       0       100     300     0       0       
403    1935 -999999 -999999 900     -999999 200     500     900     -999999 0       200     0       0       0       200     300     400     500     0       0       
403    1936 2500    1100    1400    600     100     1000    800     600     0       0       0       100     0       400     600     300     100     400     0       
403    1937 2700    700     1600    100     300     400     1400    0       100     100     100     100     0       200     200     1000    400     0       500     
403    1938 4600    1500    2900    1100    100     1700    2200    600     0       0       100     0       100     1200    400     1100    500     600     0       
403    1939 2400    1700    1200    600     700     300     300     300     300     0       400     300     200     100     0       200     100     0       500     
403    1940 1700    900     1000    700     200     800     500     200     0       100     100     0       0       400     400     100     200     200     0       
403    1941 -999999 1900    700     1100    700     100     -999999 400     700     400     300     0       0       100     0       300     -999999 -999999 -999999 
403    1942 -999999 -999999 -999999 -999999 0       -999999 -999999 0       0       0       0       0       100     -999999 -999999 -999999 -999999 -999999 -999999 
403    1943 -999999 -999999 -999999 -999999 -999999 300     -999999 -999999 -999999 -999999 0       600     100     0       200     -999999 -999999 -999999 -999999 
403    1944 2500    -999999 600     -999999 1200    0       600     100     400     900     200     100     0       0       0       300     200     100     200     
403    1945 400     500     200     200     0       100     200     0       0       0       0       0       0       0       100     100     100     0       100     
403    1946 2100    1000    1000    600     400     200     1000    300     200     300     0       100     0       0       200     700     100     200     0       
403    1947 3100    1100    1100    100     1000    800     400     0       100     700     300     0       200     600     0       0       200     200     800     
403    1948 3700    2900    1700    2500    700     1000    300     1300    400     0       0       700     800     0       200     0       200     100     0       
403    1949 1400    700     600     200     500     300     300     200     0       200     0       300     0       100     200     0       0       300     100     
403    1950 2300    500     1700    200     1100    100     600     0       100     0       700     400     0       0       100     500     0       100     400     
403    1951 3400    1500    2200    900     1300    1100    500     400     100     500     700     100     100     400     600     300     0       200     0       
403    1952 3200    700     1100    500     200     300     2100    400     100     0       100     100     0       100     200     600     800     700     100     
403    1953 1800    1800    1500    300     300     1100    200     200     0       0       100     200     0       600     500     100     100     0       0       
403    1954 4200    100     2500    0       100     2300    1500    0       0       0       0       100     900     800     600     100     600     800     300     
403    1955 5000    3800    1200    2300    200     1000    1800    800     1200    100     0       100     500     300     200     100     1600    100     0       
403    1956 1700    2100    800     400     200     500     600     400     0       0       200     0       0       0       500     100     400     100     0       
403    1957 3800    1100    2500    500     500     1100    1500    100     400     100     200     200     300     200     600     1000    100     400     200     
403    1958 2400    2000    600     900     1000    200     200     200     500     600     0       400     100     0       100     0       200     0       300     
403    1959 1800    1000    1300    800     400     800     100     500     0       0       300     100     200     500     100     100     0       0       0       
403    1960 4500    1500    1300    1300    400     1000    700     800     500     200     200     0       300     600     100     100     500     100     1100    
403    1961 3300    2700    1300    1600    700     1100    300     400     100     500     100     100     500     0       600     0       200     100     700     
403    1962 4300    2200    1800    700     1700    1200    1000    0       0       1200    300     200     300     400     500     100     500     400     400     
403    1963 3900    1700    2000    800     400     800     2200    200     200     0       0       400     100     400     300     800     400     1000    100     
403    1964 1100    1500    400     100     0       200     600     0       0       0       0       0       200     0       0       200     300     100     300     
403    1965 3100    1100    1400    500     300     1000    700     0       200     200     0       100     200     400     400     300     0       400     900     
403    1966 7700    4800    2800    3600    1300    2300    1200    1100    1600    800     500     0       200     800     1300    0       500     700     200     
403    1967 3700    1500    2100    200     1600    400     1400    0       0       100     100     1400    100     100     200     200     700     500     300     
403    1968 4000    2100    3000    800     1500    500     1200    300     200     100     200     1200    100     200     200     1100    100     0       300     
403    1969 2400    600     1600    500     200     1300    700     0       200     0       200     0       600     200     500     100     0       600     0       
403    1970 4400    1500    2700    800     1600    1100    800     300     500     100     900     600     0       1000    100     100     600     100     100     
403    1971 3100    1100    2100    400     100     1200    1400    300     0       0       100     0       200     700     300     800     300     300     100     
403    1972 6000    700     5100    100     900     4000    1100    0       0       0       500     400     1500    1100    1400    200     500     400     0       
403    1973 2900    2400    700     1400    700     100     400     0       1400    100     400     200     0       0       100     0       400     0       300     
403    1974 3000    1500    300     400     700     200     1700    0       100     700     0       0       0       100     100     100     1300    300     300     
403    1975 5200    2600    4200    900     2000    2000    600     500     100     100     1300    600     1500    300     200     300     0       300     0       
403    1976 1100    600     300     300     300     0       0       300     0       0       300     0       0       0       0       0       0       0       500     
403    1977 3900    1800    2300    1600    1800    300     700     0       1100    200     1100    500     0       200     100     400     0       300     0       
403    1978 2400    1700    500     400     1300    100     400     100     300     1000    300     0       0       100     0       100     300     0       200     
403    1979 5500    2000    3400    1000    2000    1700    800     400     400     700     100     1200    400     400     900     400     300     100     200     
403    1980 3400    700     1100    300     300     600     700     0       100     0       300     0       300     200     100     200     0       500     1700    
403    1981 7200    3900    3200    2900    600     2300    2300    600     600     500     0       100     1200    900     200     800     1100    400     800     
403    1982 3400    3100    1200    1500    700     200     1000    700     0       100     400     200     0       100     100     400     600     0       800     
403    1983 6200    4000    2900    2700    2700    700     800     900     1000    700     900     1100    0       700     0       200     200     400     100     
403    1984 3500    2100    1400    1400    600     400     1200    1300    0       100     100     400     200     200     0       500     300     400     0       
403    1985 3600    1100    2400    400     800     1500    900     300     100     0       100     700     0       0       1500    100     100     700     0       
403    1986 4700    2100    3200    1300    700     1800    900     1200    100     0       500     200     900     200     700     700     200     0       0       
403    1987 1000    300     700     100     100     400     400     0       100     0       0       100     300     100     0       200     0       200     0       
403    1988 -999999 700     -999999 400     400     -999999 -999999 400     0       100     200     100     500     600     0       -999999 -999999 -999999 -999999 
403    1989 -999999 -999999 -999999 -999999 -999999 -999999 -999999 -999999 -999999 900     300     0       300     200     100     -999999 -999999 -999999 -999999 
403    1990 -999999 -999999 -999999 -999999 -999999 -999999 -999999 -999999 -999999 -999999 -999999 -999999 0       400     0       -999999 -999999 -999999 -999999 
403    1991 -999999 -999999 -999999 -999999 -999999 -999999 -999999 -999999 -999999 0       -999999 -999999 700     700     100     -999999 -999999 -999999 -999999 
403    1992 1100    -999999 -999999 -999999 300     200     300     300     0       200     100     0       0       0       200     0       300     0       0       
403    1993 1900    1600    200     1200    200     100     0       1200    0       100     0       100     0       100     0       0       0       0       400     
403    1994 3900    1200    1900    1100    400     100     2700    600     100     100     300     0       100     0       0       1500    1000    200     0       
403    1995 6100    3700    2900    1500    2000    1300    1100    600     900     1000    900     100     600     700     0       600     200     300     200     
403    1996 3700    900     2500    400     500     1900    900     0       200     0       100     400     100     1100    700     100     200     600     200     
403    1997 1900    1300    1000    400     300     800     600     0       200     100     0       200     800     0       0       0       600     0       0       
403    1998 6000    1800    3900    500     1600    2300    1600    200     300     700     500     400     1000    700     600     700     700     200     0       
403    1999 6800    3300    3000    1500    1400    2000    1500    900     600     900     500     0       900     900     200     500     1000    0       400     
403    2000 4000    2900    2000    1500    1500    800     100     300     800     400     1000    100     400     200     200     100     0       0       500     
403    2001 5200    2800    2300    1700    1700    1300    1000    1100    100     1100    500     100     0       1000    300     400     400     200     0       
403    2002 5700    2700    2300    1100    1100    1400    2000    500     600     1000    100     0       0       1200    200     800     600     600     100     
403    2003 2200    1800    1300    600     800     200     700     400     100     0       0       800     0       200     0       300     400     0       0       
403    2004 6400    3600    1400    1900    1700    500     2100    1200    700     1300    200     200     0       0       500     500     800     800     200     
403    2005 4700    3000    2300    1400    1200    700     1500    1200    0       0       300     900     200     0       500     400     800     300     100     
403    2006 5700    1700    3400    200     800     2100    2100    0       100     400     300     100     600     200     1300    900     900     300     600     
403    2007 8300    5000    4600    2900    1600    3000    1400    1600    700     900     0       700     700     600     1700    900     500     0       0       
403    2008 5600    3100    2500    800     2400    1400    1000    300     500     1800    500     100     100     400     900     500     300     200     0       
403    2009 5400    2300    1900    1000    900     1700    1600    300     700     800     100     0       700     1000    0       100     1100    400     200     
403    2010 8700    2600    6200    900     600     4700    2100    500     200     200     200     200     1200    1800    1700    1100    100     900     600     
403    2011 3800    1700    2800    700     200     2300    800     100     0       0       0       200     300     1900    100     300     500     0       400     
403    2012 6800    1200    4900    700     1600    2700    1800    300     0       0       1200    400     700     900     1100    600     600     600     400     
403    2013 -999999 -999999 2700    -999999 2000    1500    1000    -999999 400     900     300     800     700     400     400     100     500     400     200     
403    2014 5700    2900    2900    1200    2200    1100    800     500     500     800     500     900     400     500     200     400     300     100     600     
403    2015 6400    2700    3500    1600    900     1900    1800    400     600     700     0       200     500     400     1000    1400    0       400     800     
403    2016 7100    4400    3300    2700    1900    2600    700     500     1400    1300    600     0       1000    500     1100    100     300     300     0       
403    2017 6800    2200    3500    600     1300    2000    2000    300     300     1000    100     200     100     600     1300    1200    500     300     900     
403    2018 6400    2300    4900    1400    1200    2700    2000    200     300     100     100     1000    1100    1000    600     1100    900     0       0       
403    2019 -999999 1900    -999999 300     1700    -999999 -999999 200     100     700     400     600     1600    -999999 -999999 -999999 -999999 -999999 -999999 
