EUROPEAN CLIMATE ASSESSMENT & DATASET (ECA&D), file created on: 20-01-2022
THESE DATA CAN BE USED FOR NON-COMMERCIAL RESEARCH AND EDUCATION PROVIDED THAT THE FOLLOWING SOURCE IS ACKNOWLEDGED: 

Klein Tank, A.M.G. and Coauthors, 2002. Daily dataset of 20th-century surface
air temperature and precipitation series for the European Climate Assessment.
Int. J. of Climatol., 22, 1441-1453.
Data and metadata available at http://www.ecad.eu

FILE FORMAT (MISSING VALUE CODE = -999999):

THIS FILE HOLDS DATA FOR STATION SWEDEN                                   OSTERGARNSHOLM_A                         (STAID:   5282)
LATITUDE: dd:mm:ss +57:26:24
LONGITUDE: ddd:mm:ss +018:59:24
ELEVATION: m    5

DATA IS FOR INDEX Days with TN > 90th percentile of daily min temp (warm nights) (TN90p) with unit 0.01 No of days

01-06 SOUID: Source identifier
08-11 YEAR : YYYY
13-20 ANNUAL DATA VALUES
21-28 WINTER HALF YEAR DATA VALUES
29-36 SUMMER HALF YEAR DATA VALUES
37-44 WINTER (DJF) DATA VALUES
45-52 SPRING (MAM) DATA VALUES
53-60 SUMMER (JJA) DATA VALUES
61-68 AUTUMN (SON) DATA VALUES
69-76 JANUARY DATA VALUES
etc. 
157-164 DECEMBER DATA VALUES

5282   1961 7500    -999999 2300    -999999 2400    1000    2500    500     1000    1500    600     300     1000    0       0       400     1800    300     100     
5282   1962 1300    3100    100     1000    100     0       300     800     100     0       100     0       0       0       0       0       0       300     0       
5282   1963 1200    300     1100    0       300     700     200     0       0       0       0       300     100     100     500     100     0       100     0       
5282   1964 1600    200     700     100     400     300     100     100     0       0       0       400     200     100     0       0       0       100     700     
5282   1965 -999999 1100    -999999 1000    0       -999999 -999999 300     0       0       0       0       0       -999999 -999999 -999999 -999999 0       -999999 
5282   1966 -999999 -999999 -999999 -999999 -999999 6000    4300    -999999 -999999 -999999 -999999 500     1600    2400    2000    1400    2400    500     0       
5282   1967 10000   4200    3800    0       1800    1200    6900    0       0       1300    300     200     0       700     500     2100    2500    2300    100     
5282   1968 7600    5700    5900    200     2300    3100    2100    0       100     700     1100    500     1100    600     1400    1200    300     600     0       
5282   1969 6000    900     6000    0       300     4600    1100    0       0       0       300     0       600     900     3100    1100    0       0       0       
5282   1970 2300    0       1100    0       0       600     1500    0       0       0       0       0       500     100     0       500     200     800     200     
5282   1971 2600    2400    200     1400    200     0       400     500     700     0       100     100     0       0       0       0       200     200     800     
5282   1972 4000    1300    2000    800     500     1600    200     0       0       100     300     100     200     1200    200     0       0       200     1700    
5282   1973 3800    3800    1700    3000    1100    1200    0       300     1000    600     200     300     400     800     0       0       0       0       200     
5282   1974 2900    1200    700     1200    500     100     500     400     600     0       400     100     0       0       100     100     0       400     800     
5282   1975 5200    3100    2700    2200    2000    600     700     1200    200     500     500     1000    200     100     300     600     100     0       500     
5282   1976 1500    1400    600     1100    300     500     100     200     400     200     100     0       100     200     200     0       0       100     0       
5282   1977 1200    200     600     0       400     300     300     0       0       100     100     200     300     0       0       0       0       300     200     
5282   1978 1400    700     700     300     200     600     500     100     0       100     0       100     500     0       100     0       0       500     0       
5282   1979 1400    600     700     0       500     300     200     0       0       100     100     300     100     0       200     0       100     100     400     
5282   1980 1600    600     700     400     0       700     400     0       0       0       0       0       300     300     100     0       100     300     500     
5282   1981 1800    1100    1500    600     1100    100     500     0       100     100     400     600     100     0       0       400     0       100     0       
5282   1982 2900    400     1700    0       800     1000    600     0       0       300     200     300     0       800     200     200     0       400     500     
5282   1983 2100    2000    1000    1500    700     200     200     1000    0       100     400     200     0       200     0       200     0       0       0       
5282   1984 3400    200     2000    200     1200    800     400     100     100     0       600     600     700     0       100     0       300     100     800     
5282   1985 1100    1200    700     800     400     300     100     0       0       0       200     200     100     200     0       0       100     0       300     
5282   1986 2600    400     1200    300     800     400     800     0       0       0       100     700     100     300     0       0       0       800     600     
5282   1987 800     1400    300     600     300     0       0       0       0       0       300     0       0       0       0       0       0       0       500     
5282   1988 3500    2400    1500    2400    900     600     100     1000    900     0       400     500     200     400     0       0       100     0       0       
5282   1989 7500    4000    2400    2600    2600    800     1200    1300    1300    1300    1000    300     200     500     100     300     400     500     300     
5282   1990 9500    6300    3400    3900    4200    600     600     1400    2200    1500    1500    1200    300     0       300     100     100     400     500     
5282   1991 5000    3400    1500    2000    1600    700     800     1100    400     900     500     200     0       200     500     100     400     300     400     
5282   1992 6900    4400    3100    2300    3100    1200    200     900     1000    1400    400     1300    1000    200     0       200     0       0       500     
5282   1993 3700    2200    2000    1400    2700    100     0       800     100     800     600     1300    100     0       0       0       0       0       0       
5282   1994 3700    700     1800    400     1000    1100    300     400     0       300     700     0       0       600     500     0       0       300     900     
5282   1995 5500    3300    2300    2100    1400    1700    1200    100     1100    900     200     300     500     500     700     100     1000    100     0       
5282   1996 -999999 -999999 -999999 -999999 -999999 1100    900     0       -999999 -999999 -999999 -999999 -999999 0       1100    0       500     400     300     
5282   1997 8500    3100    5500    1300    1300    4600    700     0       1000    900     400     0       600     1400    2600    500     200     0       900     
5282   1998 5200    4100    1500    3800    1100    200     300     1600    1300    100     400     600     100     100     0       300     0       0       700     
5282   1999 8300    2100    5500    1600    1600    2300    3000    900     0       500     900     200     500     1500    300     2100    300     600     500     
5282   2000 -999999 3500    -999999 2000    -999999 100     -999999 700     800     600     -999999 -999999 0       0       100     -999999 1800    1700    1600    
5282   2001 -999999 7600    -999999 3400    1700    2000    -999999 1000    800     700     500     500     0       1600    400     -999999 -999999 0       400     
5282   2002 -999999 -999999 -999999 2300    2700    -999999 -999999 600     1300    800     500     1400    900     -999999 -999999 -999999 -999999 -999999 -999999 
5282   2003 -999999 -999999 -999999 -999999 -999999 -999999 -999999 -999999 -999999 -999999 -999999 -999999 -999999 -999999 -999999 -999999 -999999 -999999 -999999 
5282   2004 -999999 -999999 -999999 -999999 -999999 900     400     -999999 -999999 -999999 -999999 -999999 0       0       900     100     300     0       -999999 
5282   2005 -999999 -999999 -999999 -999999 800     -999999 1800    -999999 100     0       700     100     100     1200    -999999 1000    800     0       100     
5282   2006 -999999 -999999 6200    -999999 -999999 4200    5000    -999999 -999999 -999999 100     300     0       2300    1900    1600    1900    1500    -999999 
5282   2007 -999999 -999999 5300    -999999 3900    2800    1100    -999999 -999999 1800    1000    1100    1400    100     1300    400     500     200     1500    
5282   2008 11600   7400    4500    5500    3700    1900    1000    1800    2200    1200    1300    1200    900     800     200     100     100     800     1000    
5282   2009 6900    2700    3900    1500    2300    1400    1900    400     100     300     1300    700     200     700     500     500     0       1400    800     
5282   2010 4600    2200    4500    800     700     3500    400     0       0       0       200     500     100     2300    1100    300     0       100     0       
5282   2011 7400    400     4800    100     1300    3300    1600    100     0       200     700     400     900     1800    600     400     400     800     1100    
5282   2012 5200    4500    2000    2000    2500    700     900     500     400     1300    700     500     0       200     500     100     100     700     200     
5282   2013 7900    1600    3700    700     1100    2000    2400    400     100     100     0       1000    900     600     500     700     1100    600     1900    
5282   2014 12700   7200    7000    4200    3800    3300    2700    900     1400    1300    1600    900     400     2200    700     1200    800     700     600     
5282   2015 -999999 5900    3700    2600    3300    1400    2500    900     1100    1800    1200    300     0       300     1100    800     500     1200    -999999 
5282   2016 -999999 -999999 -999999 -999999 -999999 3000    -999999 -999999 600     700     -999999 -999999 1500    1200    300     1100    100     -999999 -999999 
5282   2017 -999999 -999999 3200    -999999 2600    600     -999999 -999999 -999999 900     900     800     200     200     200     900     400     -999999 -999999 
5282   2018 -999999 -999999 9700    -999999 -999999 5300    2600    -999999 -999999 -999999 1100    2400    1500    2200    1600    900     700     1000    -999999 
5282   2019 -999999 -999999 -999999 -999999 -999999 -999999 2600    -999999 -999999 -999999 1200    -999999 1500    -999999 700     500     1100    1000    1800    
5282   2020 15300   9400    4200    5800    2900    1900    4600    2300    1700    1500    1100    300     700     300     900     900     1800    1900    1900    
5282   2021 10900   8200    6600    3300    2400    4800    1800    600     800     1200    500     700     2200    2500    100     600     500     700     500     
