EUROPEAN CLIMATE ASSESSMENT & DATASET (ECA&D), file created on: 20-01-2022
THESE DATA CAN BE USED FOR NON-COMMERCIAL RESEARCH AND EDUCATION PROVIDED THAT THE FOLLOWING SOURCE IS ACKNOWLEDGED: 

Klein Tank, A.M.G. and Coauthors, 2002. Daily dataset of 20th-century surface
air temperature and precipitation series for the European Climate Assessment.
Int. J. of Climatol., 22, 1441-1453.
Data and metadata available at http://www.ecad.eu

FILE FORMAT (MISSING VALUE CODE = -999999):

THIS FILE HOLDS DATA FOR STATION BELGIUM                                  VIRTON                                   (STAID:    949)
LATITUDE: dd:mm:ss +49:34:27
LONGITUDE: ddd:mm:ss +005:31:32
ELEVATION: m  255

DATA IS FOR INDEX Days with TN > 90th percentile of daily min temp (warm nights) (TN90p) with unit 0.01 No of days

01-06 SOUID: Source identifier
08-11 YEAR : YYYY
13-20 ANNUAL DATA VALUES
21-28 WINTER HALF YEAR DATA VALUES
29-36 SUMMER HALF YEAR DATA VALUES
37-44 WINTER (DJF) DATA VALUES
45-52 SPRING (MAM) DATA VALUES
53-60 SUMMER (JJA) DATA VALUES
61-68 AUTUMN (SON) DATA VALUES
69-76 JANUARY DATA VALUES
etc. 
157-164 DECEMBER DATA VALUES

949    1953 -999999 -999999 -999999 -999999 -999999 -999999 -999999 -999999 -999999 -999999 -999999 -999999 -999999 -999999 -999999 -999999 -999999 -999999 500     
949    1954 4100    -999999 1500    700     900     300     2100    0       200     600     200     100     200     0       100     900     700     500     600     
949    1955 3200    -999999 1300    -999999 700     800     400     200     300     300     300     100     100     500     200     100     0       300     800     
949    1956 2900    1800    1100    1000    1000    0       1100    200     0       500     200     300     0       0       0       600     400     100     600     
949    1957 4800    3300    2300    1900    1000    1600    900     300     1000    900     100     0       500     800     300     600     100     200     0       
949    1958 4000    1400    2200    900     700     1100    800     0       900     200     0       500     100     100     900     600     200     0       500     
949    1959 4000    1700    2500    900     2100    900     400     400     0       600     800     700     500     200     200     100     0       300     200     
949    1960 4300    1800    2200    1100    1400    1100    700     500     400     400     300     700     600     200     300     100     200     400     200     
949    1961 -999999 1300    -999999 600     1600    -999999 2300    100     300     100     1300    200     -999999 100     200     1100    1000    200     600     
949    1962 2200    2600    1300    1300    700     400     400     600     100     100     500     100     300     0       100     300     100     0       0       
949    1963 1400    100     700     0       200     300     900     0       0       0       100     100     100     100     100     200     0       700     0       
949    1964 -999999 -999999 -999999 -999999 -999999 1000    1000    -999999 400     100     -999999 500     400     500     100     200     0       800     0       
949    1965 1300    1400    400     200     500     100     200     200     0       400     0       100     100     0       0       200     0       0       300     
949    1966 6000    2400    2600    2300    1500    1000    1400    300     1700    100     800     600     400     100     500     200     1200    0       100     
949    1967 3600    2900    1200    1200    900     600     900     200     900     500     0       400     100     100     400     200     700     0       100     
949    1968 3900    1600    2300    700     1500    800     1000    400     200     200     1000    300     200     400     200     200     500     300     0       
949    1969 3700    1600    2200    300     1200    1100    1100    300     0       500     400     300     100     800     200     400     100     600     0       
949    1970 4100    1200    2600    400     800     1700    1000    400     0       100     500     200     1200    100     400     200     200     600     200     
949    1971 3800    1600    2800    500     1700    1200    300     300     0       300     300     1100    200     600     400     200     100     0       300     
949    1972 2700    1000    1400    800     600     900     100     200     300     100     400     100     100     600     200     0       100     0       600     
949    1973 2400    700     2300    600     500     1400    500     0       0       0       100     400     600     300     500     400     0       100     0       
949    1974 3700    2500    200     1200    1200    200     300     900     300     1200    0       0       0       0       200     0       0       300     800     
949    1975 4800    2600    3200    1800    1000    1900    900     800     200     500     500     0       600     300     1000    800     0       100     0       
949    1976 4000    1000    2700    900     400     1700    1000    700     200     0       0       400     400     1200    100     600     200     200     0       
949    1977 4300    2000    800     1200    700     400     1300    200     1000    400     0       300     200     100     100     100     700     500     700     
949    1978 2200    2700    700     1100    500     500     200     0       400     400     0       100     300     200     0       100     100     0       600     
949    1979 2800    1300    1000    800     700     600     900     0       200     400     100     200     600     0       0       100     500     300     400     
949    1980 2900    2400    1000    1300    300     800     600     0       900     300     0       0       100     300     400     200     0       400     300     
949    1981 5600    2300    3100    500     2600    1500    1200    0       200     1400    800     400     400     200     900     400     100     700     100     
949    1982 4900    1600    2900    800     700     1900    1300    500     200     0       100     600     600     1000    300     300     200     800     300     
949    1983 5700    2800    3300    1500    500     2800    700     1000    200     300     200     0       400     1400    1000    300     100     300     500     
949    1984 -999999 1100    700     700     0       300     2000    100     100     0       0       0       0       100     200     400     900     700     -999999 
949    1985 -999999 -999999 -999999 -999999 -999999 -999999 700     -999999 -999999 -999999 -999999 -999999 -999999 300     0       100     400     200     600     
949    1986 3600    1500    2100    800     800     1300    1000    200     0       100     0       700     1100    0       200     100     200     700     300     
949    1987 4400    2000    2000    700     600     600     2100    200     200     400     200     0       100     200     300     1200    600     300     700     
949    1988 5300    3100    1600    1700    1600    500     1100    900     100     500     200     900     0       400     100     0       700     400     1100    
949    1989 5500    3700    2400    1900    1700    1100    1100    500     300     700     400     600     100     600     400     300     500     300     800     
949    1990 4400    3000    2200    1900    900     1600    700     400     700     300     0       600     200     200     1200    0       500     200     100     
949    1991 3500    2600    1400    800     1100    1000    600     700     0       1100    0       0       200     600     200     400     100     100     100     
949    1992 4200    1000    2700    800     800     1900    500     300     400     0       200     600     600     200     1100    0       0       500     300     
949    1993 4600    1700    2900    1100    2100    700     600     800     0       100     700     1300    500     200     0       200     400     0       400     
949    1994 7600    1800    3700    900     1000    3100    2300    500     0       500     300     200     400     1600    1100    100     400     1800    700     
949    1995 7300    4800    3400    2400    1300    2100    2000    400     1300    200     600     500     200     1300    600     200     1300    500     200     
949    1996 2400    2400    1000    500     300     800     800     200     100     100     100     100     400     0       400     0       300     500     200     
949    1997 5600    2300    2900    800     1300    2000    1200    0       600     700     400     200     600     0       1400    300     400     500     500     
949    1998 5200    3000    2500    1200    1900    800     1300    600     100     900     500     500     300     100     400     700     500     100     500     
949    1999 6600    2200    4600    1200    2100    1600    2000    400     300     400     800     900     100     800     700     1300    500     200     200     
949    2000 7700    2700    3800    1200    2500    1500    1500    500     500     800     500     1200    800     200     500     600     600     300     1200    
949    2001 -999999 -999999 -999999 -999999 -999999 -999999 -999999 -999999 -999999 -999999 600     -999999 100     200     700     -999999 1300    300     600     
949    2002 -999999 -999999 -999999 -999999 -999999 -999999 -999999 -999999 1100    600     -999999 500     -999999 200     -999999 -999999 600     -999999 -999999 
949    2003 -999999 -999999 -999999 -999999 -999999 -999999 600     -999999 -999999 600     400     -999999 -999999 400     1200    0       200     400     200     
949    2004 4100    1800    2200    900     1000    1200    1100    100     600     300     600     100     200     100     900     300     300     500     100     
949    2005 -999999 2300    -999999 900     -999999 1100    2200    700     100     600     -999999 -999999 900     200     0       900     1000    300     200     
949    2006 7000    2100    3900    400     1200    1900    3200    0       200     400     300     500     400     1300    200     1200    1200    800     500     
949    2007 5700    5000    2600    2600    1800    1100    300     1500    600     400     700     700     800     100     200     100     200     0       400     
