EUROPEAN CLIMATE ASSESSMENT & DATASET (ECA&D), file created on: 20-01-2022
THESE DATA CAN BE USED FOR NON-COMMERCIAL RESEARCH AND EDUCATION PROVIDED THAT THE FOLLOWING SOURCE IS ACKNOWLEDGED: 

Klein Tank, A.M.G. and Coauthors, 2002. Daily dataset of 20th-century surface
air temperature and precipitation series for the European Climate Assessment.
Int. J. of Climatol., 22, 1441-1453.
Data and metadata available at http://www.ecad.eu

FILE FORMAT (MISSING VALUE CODE = -999999):

THIS FILE HOLDS DATA FOR STATION ITALY                                    ROMA CIAMPINO                            (STAID:    176)
LATITUDE: dd:mm:ss +41:46:59
LONGITUDE: ddd:mm:ss +012:34:59
ELEVATION: m  105

DATA IS FOR INDEX Days with TN > 90th percentile of daily min temp (warm nights) (TN90p) with unit 0.01 No of days

01-06 SOUID: Source identifier
08-11 YEAR : YYYY
13-20 ANNUAL DATA VALUES
21-28 WINTER HALF YEAR DATA VALUES
29-36 SUMMER HALF YEAR DATA VALUES
37-44 WINTER (DJF) DATA VALUES
45-52 SPRING (MAM) DATA VALUES
53-60 SUMMER (JJA) DATA VALUES
61-68 AUTUMN (SON) DATA VALUES
69-76 JANUARY DATA VALUES
etc. 
157-164 DECEMBER DATA VALUES

176    1951 5500    -999999 2300    -999999 1300    1000    1600    700     900     800     400     100     500     100     400     800     0       800     0       
176    1952 10500   1500    7900    300     2900    4100    2400    100     200     400     1600    900     1400    1800    900     1300    800     300     800     
176    1953 5700    1900    3800    800     1600    1300    2100    0       0       0       900     700     300     600     400     900     1200    0       700     
176    1954 5000    3200    2800    1200    1500    1400    1100    100     400     800     400     300     1200    100     100     700     100     300     500     
176    1955 7000    3800    2700    3000    900     2100    600     1600    900     400     0       500     900     1100    100     100     100     400     900     
176    1956 4400    3100    2300    1900    1500    900     900     900     100     700     600     200     100     100     700     600     100     200     100     
176    1957 6600    2000    4100    1000    1600    2700    1000    200     700     700     900     0       1300    900     500     500     200     300     400     
176    1958 6400    3000    2200    2100    1400    1100    1800    400     1300    400     200     800     300     200     600     100     900     800     400     
176    1959 6000    4400    2700    1500    2000    1300    1100    600     500     1200    500     300     500     300     500     600     100     400     500     
176    1960 5900    3100    2600    2000    1800    1100    1200    500     1000    600     600     600     800     200     100     300     300     600     300     
176    1961 3100    1600    1400    500     1000    400     900     200     0       200     600     200     300     0       100     200     300     400     600     
176    1962 3400    2600    1400    1400    900     400     1100    600     200     500     300     100     200     0       200     600     200     300     200     
176    1963 3100    1600    700     900     500     200     1300    700     0       200     300     0       100     0       100     200     0       1100    400     
176    1964 2200    2300    900     800     700     400     400     0       400     400     200     100     200     200     0       200     100     100     300     
176    1965 2700    1200    700     700     300     400     1000    300     100     300     0       0       100     100     200     300     0       700     600     
176    1966 4100    2300    1700    1500    1100    600     1300    100     800     100     700     300     500     0       100     100     1100    100     200     
176    1967 3800    2300    1800    400     1500    800     1000    0       200     700     400     400     0       300     500     200     100     700     300     
176    1968 4400    2600    2300    1500    1500    700     800     0       1200    300     400     800     200     400     100     400     0       400     200     
176    1969 4000    2000    1500    900     1500    500     1300    500     200     700     200     600     0       100     400     200     0       1100    0       
176    1970 3800    2600    1500    1300    900     600     800     1000    300     200     600     100     400     0       200     200     200     400     200     
176    1971 3000    1700    1900    800     1000    1000    400     600     0       300     300     400     0       200     800     200     0       200     0       
176    1972 3000    1600    400     800     800     100     1200    300     500     600     100     100     0       0       100     100     200     900     100     
176    1973 4600    1900    2700    800     600     1400    1400    600     100     0       200     400     700     500     200     700     500     200     500     
176    1974 2800    2500    1500    1300    900     700     400     200     600     500     400     0       200     100     400     400     0       0       0       
176    1975 3500    700     2500    400     1100    700     1100    300     100     300     400     400     100     400     200     1000    0       100     200     
176    1976 3700    800     2100    600     1000    1000    700     100     300     100     200     700     400     400     200     200     500     0       600     
176    1977 4600    3600    1700    2500    1500    800     200     1100    800     600     300     600     100     400     300     0       0       200     200     
176    1978 2600    1500    800     1100    400     600     0       300     600     200     0       200     500     0       100     0       0       0       700     
176    1979 3500    2600    1300    2100    800     900     200     600     800     500     100     200     500     200     200     100     0       100     200     
176    1980 1800    900     600     600     300     400     700     300     100     200     100     0       100     0       300     100     300     300     0       
176    1981 3200    1300    1700    0       1200    800     600     0       0       700     500     0       700     100     0       400     200     0       600     
176    1982 4200    1200    2300    900     400     1400    1300    200     100     100     0       300     600     500     300     600     400     300     800     
176    1983 2600    1900    1700    900     700     800     600     100     0       300     200     200     200     500     100     500     0       100     400     
176    1984 1500    900     400     700     200     200     500     200     100     100     0       100     200     0       0       100     400     0       300     
176    1985 4800    1100    3400    500     1000    2400    700     100     100     200     500     300     700     1000    700     200     300     200     500     
176    1986 3800    1600    2600    700     2200    600     700     100     100     400     300     1500    200     100     300     200     400     100     100     
176    1987 6400    1500    3700    1000    100     2300    3000    200     700     0       100     0       400     1200    700     1300    1600    100     100     
176    1988 5600    3100    -999999 1100    1500    -999999 1000    600     400     300     200     1000    -999999 1200    700     100     800     100     100     
176    1989 5400    1700    3500    600     1200    2500    400     0       500     200     700     300     300     700     1500    0       100     300     800     
176    1990 6700    2500    3200    1400    1600    1800    2600    500     100     700     200     700     800     700     300     500     1600    500     100     
176    1991 4500    3200    3100    600     600     2500    900     400     100     500     100     0       300     1100    1100    500     200     200     0       
176    1992 6500    1100    3800    400     900     3000    1900    300     100     300     300     300     300     1000    1700    200     1100    600     300     
176    1993 6200    2300    4400    500     900     2800    1800    200     0       100     500     300     900     500     1400    800     500     500     500     
176    1994 10800   2600    8200    1300    1200    5900    2500    500     300     300     400     500     1800    1500    2600    1400    1100    0       400     
176    1995 5100    2600    3100    1000    1000    2300    500     300     300     500     300     200     100     1400    800     300     0       200     700     
176    1996 6700    2600    3600    2100    1900    2000    900     1100    300     300     900     700     1500    400     100     0       0       900     500     
176    1997 6700    2400    3900    1400    600     2400    2500    500     400     100     0       500     1300    400     700     1000    900     600     300     
176    1998 6800    2700    4600    900     1300    3200    1500    500     100     300     700     300     1200    600     1400    400     700     400     200     
176    1999 -999999 1500    -999999 200     -999999 1500    900     0       0       200     0       900     900     100     500     200     500     200     -999999 
176    2000 -999999 -999999 -999999 -999999 -999999 1500    1600    -999999 -999999 -999999 -999999 1200    500     400     600     400     600     600     400     
176    2001 7500    4000    3600    1200    2600    2300    1700    500     300     1600    100     900     400     600     1300    300     1100    300     100     
176    2002 9200    2800    5200    900     1900    3400    2600    300     500     500     500     900     1700    800     900     400     700     1500    500     
176    2003 13100   3100    10600   800     2500    7800    2000    300     0       100     500     1900    3000    2100    2700    400     500     1100    500     
176    2004 9200    3300    5400    1300    1300    3500    2700    400     400     400     800     100     1200    1200    1100    1000    1300    400     900     
176    2005 7400    3100    6100    900     2100    3700    1400    0       0       500     200     1400    1900    1000    800     800     100     500     200     
176    2006 8700    1500    6500    700     1600    4300    1900    100     400     200     900     500     1300    2000    1000    800     700     400     400     
176    2007 6200    2600    4700    1200    1900    2800    700     700     100     300     1000    600     1200    800     800     300     300     100     0       
176    2008 7500    1600    4900    800     1500    2800    2200    500     300     400     600     500     1300    900     600     1000    600     600     200     
176    2009 10900   2700    8800    900     2800    5300    1500    300     400     600     900     1300    1500    1400    2400    1300    100     100     600     
176    2010 10500   2500    6600    1700    1900    4900    1600    400     700     600     600     700     1000    2500    1400    400     500     700     1000    
176    2011 -999999 -999999 -999999 -999999 -999999 -999999 -999999 -999999 -999999 -999999 -999999 -999999 -999999 -999999 -999999 -999999 -999999 -999999 -999999 
