EUROPEAN CLIMATE ASSESSMENT & DATASET (ECA&D), file created on: 20-01-2022
THESE DATA CAN BE USED FOR NON-COMMERCIAL RESEARCH AND EDUCATION PROVIDED THAT THE FOLLOWING SOURCE IS ACKNOWLEDGED: 

Klein Tank, A.M.G. and Coauthors, 2002. Daily dataset of 20th-century surface
air temperature and precipitation series for the European Climate Assessment.
Int. J. of Climatol., 22, 1441-1453.
Data and metadata available at http://www.ecad.eu

FILE FORMAT (MISSING VALUE CODE = -999999):

THIS FILE HOLDS DATA FOR STATION ITALY                                    RODANO                                   (STAID:  11500)
LATITUDE: dd:mm:ss +45:28:26
LONGITUDE: ddd:mm:ss +009:21:12
ELEVATION: m  112

DATA IS FOR INDEX Days with TN > 90th percentile of daily min temp (warm nights) (TN90p) with unit 0.01 No of days

01-06 SOUID: Source identifier
08-11 YEAR : YYYY
13-20 ANNUAL DATA VALUES
21-28 WINTER HALF YEAR DATA VALUES
29-36 SUMMER HALF YEAR DATA VALUES
37-44 WINTER (DJF) DATA VALUES
45-52 SPRING (MAM) DATA VALUES
53-60 SUMMER (JJA) DATA VALUES
61-68 AUTUMN (SON) DATA VALUES
69-76 JANUARY DATA VALUES
etc. 
157-164 DECEMBER DATA VALUES

11500  1951 4200    -999999 1600    -999999 600     600     1200    1200    600     200     100     300     500     0       100     600     100     500     0       
11500  1952 4800    600     4300    0       1900    2200    600     0       0       0       1300    600     900     1000    300     200     200     200     100     
11500  1953 5200    500     2100    100     1400    500     1200    0       0       0       700     700     100     400     0       200     900     100     2100    
11500  1954 3600    3800    2100    2200    1400    800     800     100     0       600     600     200     500     300     0       500     100     200     500     
11500  1955 3500    2500    1100    2100    600     500     500     1200    400     100     200     300     400     100     0       100     0       400     300     
11500  1956 2600    1200    1400    700     900     600     200     300     100     100     300     500     100     200     300     0       100     100     500     
11500  1957 3100    2200    900     1100    1100    700     400     0       600     900     200     0       400     300     0       0       100     300     300     
11500  1958 4900    1500    2500    1100    700     1300    1500    0       800     0       0       700     200     200     900     500     200     800     600     
11500  1959 4700    3100    2000    1100    1600    1000    1100    300     200     1000    500     100     400     500     100     400     0       700     500     
11500  1960 4400    2100    2000    700     2000    700     400     100     100     700     300     1000    500     0       200     0       0       400     1100    
11500  1961 4000    1700    2100    1100    1700    500     1300    0       0       200     1400    100     300     100     100     100     500     700     500     
11500  1962 2800    2300    1800    1100    100     1200    900     500     100     0       0       100     600     0       600     500     0       400     0       
11500  1963 2200    600     700     200     400     300     1100    200     0       0       300     100     300     0       0       0       0       1100    200     
11500  1964 3600    1700    2000    400     1100    900     500     0       200     200     600     300     600     300     0       200     200     100     900     
11500  1965 1300    1700    200     1200    300     100     200     200     100     200     0       100     100     0       0       0       0       200     400     
11500  1966 4200    2300    1600    2000    800     500     1300    0       1600    100     300     400     400     0       100     400     900     0       0       
11500  1967 3300    1800    1400    200     1300    700     1000    0       200     700     100     500     0       500     200     100     500     400     100     
11500  1968 2600    1400    1200    400     700     600     800     100     200     100     300     300     100     500     0       0       200     600     200     
11500  1969 1900    1400    1100    200     1100    400     400     0       0       400     400     300     0       300     100     0       0       400     0       
11500  1970 2300    900     1200    200     500     500     1000    200     0       300     200     0       300     100     100     500     300     200     100     
11500  1971 2300    800     1500    300     600     900     500     100     100     0       100     500     0       400     500     0       0       500     100     
11500  1972 3500    3200    500     2200    600     400     100     700     1400    500     100     0       0       100     300     0       0       100     300     
11500  1973 3100    1100    2000    900     800     1100    200     500     100     100     0       700     300     200     600     200     0       0       400     
11500  1974 6400    4200    1600    3400    1100    1100    800     1600    1400    800     100     200     200     300     600     200     0       600     400     
11500  1975 4100    3100    1400    1900    900     400     1000    1300    200     600     100     200     100     200     100     700     100     200     300     
11500  1976 2000    900     1200    600     100     700     800     0       300     0       0       100     600     100     0       400     400     0       100     
11500  1977 4200    2100    400     1200    800     100     1900    300     800     500     200     100     0       100     0       0       1400    500     300     
11500  1978 1900    3400    300     800     700     300     0       500     0       700     0       0       200     0       100     0       0       0       400     
11500  1979 3300    1500    1300    1100    700     1000    400     0       700     400     0       300     600     200     200     0       300     100     500     
11500  1980 1300    1200    700     700     100     700     200     200     0       100     0       0       0       0       700     0       0       200     100     
11500  1981 4200    1000    2800    100     1500    1200    1500    0       0       700     800     0       1100    0       100     800     600     100     0       
11500  1982 5400    1000    3200    300     400     2300    1600    200     100     0       0       400     1100    1000    200     500     100     1000    800     
11500  1983 4400    2700    3200    1400    700     2200    800     600     0       200     500     0       400     1500    300     500     200     100     100     
11500  1984 1900    700     300     400     100     100     800     100     200     0       100     0       0       100     0       100     300     400     600     
11500  1985 4300    2000    2400    700     900     1900    500     0       100     600     100     200     600     900     400     200     300     0       900     
11500  1986 6100    1600    4600    1100    2800    1700    1300    200     0       200     800     1800    700     200     800     300     200     800     100     
11500  1987 6300    1400    4200    100     700     1900    3000    0       0       300     300     100     200     1000    700     1900    900     200     700     
11500  1988 6800    3800    3300    2400    1800    1600    1500    1500    200     300     500     1000    100     500     1000    200     1300    0       200     
11500  1989 4500    -999999 1600    1300    1700    600     400     500     600     700     400     600     0       200     400     0       0       400     700     
11500  1990 10200   3300    6300    2200    2500    2600    3600    500     1000    700     200     1600    500     1000    1100    1900    1400    300     0       
11500  1991 6900    3800    4500    600     1700    3300    1300    600     0       1500    200     0       800     900     1600    1000    200     100     0       
11500  1992 8100    1100    5800    600     2200    3100    1400    300     300     200     700     1300    600     900     1600    700     100     600     800     
11500  1993 5300    2800    2700    1700    1200    1700    900     800     100     400     200     600     1000    100     600     200     200     500     600     
11500  1994 9900    4200    4200    2500    2400    2300    2300    1100    800     1000    400     1000    500     1000    800     500     200     1600    1000    
11500  1995 7100    3800    3900    1800    1400    2700    1200    200     600     200     600     600     600     1700    400     0       700     500     1000    
11500  1996 7400    4300    3200    2600    1600    2100    800     1500    100     500     500     600     1300    200     600     0       0       800     1300    
11500  1997 10300   4600    5400    3100    1800    3200    2800    1200    600     700     300     800     1100    400     1700    1100    800     900     700     
11500  1998 10000   4900    7000    2700    2400    4100    1200    1300    700     500     700     1200    1500    900     1700    1000    200     0       300     
11500  1999 6100    1400    4400    700     2600    1900    1200    300     100     500     400     1700    300     400     1200    400     500     300     0       
11500  2000 4700    1700    2700    500     2100    1000    100     100     400     400     500     1200    700     300     0       0       0       100     1000    
11500  2001 5000    3300    2500    2200    2000    1500    300     800     400     1000    0       1000    400     200     900     0       300     0       0       
11500  2002 4400    1400    1400    300     1200    1000    1100    0       300     800     0       400     1000    0       0       0       100     1000    800     
11500  2003 7400    2100    5900    800     2100    4000    900     0       0       200     500     1400    2000    300     1700    0       200     700     400     
11500  2004 3300    1600    1000    500     600     500     1800    0       100     200     400     0       200     100     200     100     1200    500     300     
11500  2005 4700    2700    3400    500     1600    2000    900     200     0       500     100     1000    1400    400     200     300     300     300     0       
11500  2006 4500    700     2300    0       700     1400    2000    0       0       100     400     200     300     1100    0       300     500     1200    400     
11500  2007 6000    4900    3000    2600    2900    700     200     1700    500     600     1400    900     500     100     100     0       0       200     0       
11500  2008 4800    2200    1900    1600    1200    800     800     1200    400     400     200     600     600     0       200     300     400     100     400     
11500  2009 5500    1300    3500    700     1300    2100    1600    0       300     100     400     800     400     300     1400    200     300     1100    200     
11500  2010 4800    2500    3300    400     1400    2600    500     100     100     700     300     400     900     1200    500     0       0       500     100     
11500  2011 7700    1700    5600    500     3500    2000    1400    300     100     700     1600    1200    500     300     1200    800     0       600     400     
11500  2012 7000    1900    4900    600     2000    3400    1100    100     100     700     500     800     1400    600     1400    200     100     800     300     
11500  2013 9100    1800    5600    800     1700    3200    2900    500     0       100     1100    500     1000    1500    700     800     1100    1000    800     
11500  2014 10600   6800    3200    4000    2600    1100    2600    1600    1600    700     1400    500     500     200     400     200     900     1500    1100    
11500  2015 9000    4400    6800    1500    2800    4500    500     400     0       500     1000    1300    1100    2600    800     0       0       500     800     
11500  2016 6400    3200    3600    2300    1800    1600    1500    600     900     400     1200    200     200     900     500     600     200     700     0       
11500  2017 8300    2600    5800    600     3100    3700    500     0       600     1100    900     1100    1600    300     1800    100     0       400     400     
11500  2018 14700   3200    9100    2200    4000    4500    4200    1300    500     600     1600    1800    1900    1000    1600    1200    900     2100    200     
11500  2019 -999999 4200    6800    600     1500    5300    -999999 200     200     600     700     200     1600    1600    2100    600     -999999 1100    1200    
11500  2020 10600   -999999 6300    2600    2900    3300    1700    300     1100    500     900     1500    600     700     2000    600     500     600     1300    
11500  2021 -999999 4800    -999999 -999999 1200    -999999 -999999 800     -999999 300     600     300     1500    400     -999999 -999999 -999999 900     600     
