EUROPEAN CLIMATE ASSESSMENT & DATASET (ECA&D), file created on: 20-01-2022
THESE DATA CAN BE USED FOR NON-COMMERCIAL RESEARCH AND EDUCATION PROVIDED THAT THE FOLLOWING SOURCE IS ACKNOWLEDGED: 

Klein Tank, A.M.G. and Coauthors, 2002. Daily dataset of 20th-century surface
air temperature and precipitation series for the European Climate Assessment.
Int. J. of Climatol., 22, 1441-1453.
Data and metadata available at http://www.ecad.eu

FILE FORMAT (MISSING VALUE CODE = -999999):

THIS FILE HOLDS DATA FOR STATION FRANCE                                   LEGE-CAP-FERRET                          (STAID:    780)
LATITUDE: dd:mm:ss +44:37:54
LONGITUDE: ddd:mm:ss -001:14:53
ELEVATION: m    9

DATA IS FOR INDEX Days with TN > 90th percentile of daily min temp (warm nights) (TN90p) with unit 0.01 No of days

01-06 SOUID: Source identifier
08-11 YEAR : YYYY
13-20 ANNUAL DATA VALUES
21-28 WINTER HALF YEAR DATA VALUES
29-36 SUMMER HALF YEAR DATA VALUES
37-44 WINTER (DJF) DATA VALUES
45-52 SPRING (MAM) DATA VALUES
53-60 SUMMER (JJA) DATA VALUES
61-68 AUTUMN (SON) DATA VALUES
69-76 JANUARY DATA VALUES
etc. 
157-164 DECEMBER DATA VALUES

780    1887 -999999 -999999 -999999 -999999 -999999 -999999 0       -999999 -999999 -999999 -999999 -999999 -999999 300     0       0       0       0       0       
780    1888 -999999 0       100     0       0       100     0       0       0       0       0       0       100     0       0       0       0       0       -999999 
780    1889 -999999 -999999 -999999 -999999 -999999 -999999 0       0       -999999 0       0       -999999 0       -999999 0       0       0       0       0       
780    1890 300     200     100     200     0       100     0       200     0       0       0       0       100     0       0       0       0       0       0       
780    1891 100     0       0       0       0       0       0       0       0       0       0       0       0       0       0       0       0       0       100     
780    1892 1600    300     -999999 300     0       -999999 800     100     100     0       0       0       100     -999999 400     700     0       100     0       
780    1893 1700    200     1400    0       900     600     200     0       0       100     700     100     400     0       200     0       0       200     0       
780    1894 -999999 300     0       100     0       0       0       100     0       0       0       0       0       0       0       0       0       0       -999999 
780    1895 500     -999999 300     -999999 0       100     200     0       0       0       0       0       100     0       0       200     0       0       200     
780    1896 200     300     100     300     0       0       100     0       100     0       0       0       0       0       0       100     0       0       0       
780    1897 1700    500     1200    300     800     500     100     100     200     200     500     100     300     0       200     100     0       0       0       
780    1898 500     100     400     100     0       300     100     0       100     0       0       0       100     100     100     100     0       0       0       
780    1899 2400    600     1200    600     200     900     600     500     100     0       100     100     200     400     300     100     300     200     100     
780    1900 -999999 -999999 -999999 -999999 -999999 -999999 -999999 -999999 -999999 -999999 -999999 -999999 -999999 -999999 -999999 -999999 -999999 -999999 -999999 
780    1901 -999999 -999999 -999999 -999999 -999999 -999999 -999999 -999999 -999999 -999999 -999999 -999999 -999999 -999999 -999999 -999999 -999999 -999999 -999999 
780    1902 -999999 -999999 -999999 -999999 -999999 -999999 -999999 -999999 -999999 -999999 -999999 -999999 -999999 -999999 -999999 -999999 -999999 -999999 -999999 
780    1903 -999999 -999999 -999999 -999999 -999999 -999999 -999999 -999999 -999999 -999999 -999999 -999999 -999999 -999999 -999999 -999999 -999999 -999999 -999999 
780    1904 -999999 -999999 -999999 -999999 -999999 -999999 -999999 -999999 -999999 -999999 -999999 -999999 -999999 -999999 -999999 -999999 -999999 -999999 -999999 
780    1905 -999999 -999999 -999999 -999999 -999999 -999999 -999999 -999999 -999999 -999999 -999999 -999999 -999999 -999999 -999999 -999999 -999999 -999999 -999999 
780    1906 -999999 -999999 -999999 -999999 -999999 -999999 -999999 -999999 -999999 -999999 -999999 -999999 -999999 -999999 -999999 -999999 -999999 -999999 -999999 
780    1907 -999999 -999999 -999999 -999999 -999999 -999999 -999999 -999999 -999999 -999999 -999999 -999999 -999999 -999999 -999999 -999999 -999999 -999999 -999999 
780    1908 -999999 -999999 -999999 -999999 -999999 -999999 -999999 -999999 -999999 -999999 -999999 -999999 -999999 -999999 -999999 -999999 -999999 -999999 -999999 
780    1909 -999999 -999999 -999999 -999999 -999999 -999999 -999999 -999999 -999999 -999999 -999999 -999999 -999999 -999999 -999999 -999999 -999999 -999999 -999999 
780    1910 -999999 -999999 -999999 -999999 -999999 -999999 -999999 -999999 -999999 -999999 -999999 -999999 -999999 -999999 -999999 -999999 -999999 -999999 -999999 
780    1911 -999999 -999999 -999999 -999999 -999999 -999999 -999999 -999999 -999999 -999999 -999999 -999999 -999999 -999999 -999999 -999999 -999999 -999999 -999999 
780    1912 -999999 -999999 -999999 -999999 -999999 -999999 -999999 -999999 -999999 -999999 -999999 -999999 -999999 -999999 -999999 -999999 -999999 -999999 -999999 
780    1913 -999999 -999999 -999999 -999999 -999999 -999999 -999999 -999999 -999999 -999999 -999999 -999999 -999999 -999999 -999999 -999999 -999999 -999999 -999999 
780    1914 -999999 -999999 -999999 -999999 -999999 -999999 -999999 -999999 -999999 -999999 -999999 -999999 -999999 -999999 -999999 -999999 -999999 -999999 -999999 
780    1915 -999999 -999999 -999999 -999999 -999999 -999999 -999999 -999999 -999999 -999999 -999999 -999999 -999999 -999999 -999999 -999999 -999999 -999999 -999999 
780    1916 -999999 -999999 -999999 -999999 -999999 -999999 -999999 -999999 -999999 -999999 -999999 -999999 -999999 -999999 -999999 -999999 -999999 -999999 -999999 
780    1917 -999999 -999999 -999999 -999999 -999999 -999999 -999999 -999999 -999999 -999999 -999999 -999999 -999999 -999999 -999999 -999999 -999999 -999999 -999999 
780    1918 -999999 -999999 -999999 -999999 -999999 -999999 -999999 -999999 -999999 -999999 -999999 -999999 -999999 -999999 -999999 -999999 -999999 -999999 -999999 
780    1919 -999999 -999999 -999999 -999999 -999999 -999999 -999999 -999999 -999999 -999999 -999999 -999999 -999999 -999999 -999999 -999999 -999999 -999999 -999999 
780    1920 -999999 -999999 -999999 -999999 -999999 -999999 -999999 -999999 -999999 -999999 -999999 -999999 -999999 -999999 -999999 -999999 -999999 -999999 -999999 
780    1921 -999999 -999999 -999999 -999999 -999999 -999999 -999999 -999999 -999999 -999999 -999999 -999999 -999999 -999999 -999999 -999999 -999999 -999999 -999999 
780    1922 -999999 -999999 -999999 -999999 -999999 -999999 -999999 -999999 -999999 -999999 -999999 -999999 -999999 -999999 -999999 -999999 -999999 -999999 -999999 
780    1923 -999999 -999999 -999999 -999999 -999999 -999999 -999999 -999999 -999999 -999999 -999999 -999999 -999999 -999999 -999999 -999999 -999999 -999999 -999999 
780    1924 -999999 -999999 -999999 -999999 -999999 -999999 -999999 -999999 -999999 -999999 -999999 -999999 -999999 -999999 -999999 -999999 -999999 -999999 -999999 
780    1925 -999999 -999999 -999999 -999999 -999999 -999999 -999999 -999999 -999999 -999999 -999999 -999999 -999999 -999999 -999999 -999999 -999999 -999999 -999999 
780    1926 -999999 -999999 -999999 -999999 -999999 -999999 -999999 -999999 -999999 -999999 -999999 -999999 -999999 -999999 -999999 -999999 -999999 -999999 -999999 
780    1927 -999999 -999999 -999999 -999999 -999999 -999999 -999999 -999999 -999999 -999999 -999999 -999999 -999999 -999999 -999999 -999999 -999999 -999999 -999999 
780    1928 -999999 -999999 -999999 -999999 -999999 -999999 -999999 -999999 -999999 -999999 -999999 -999999 -999999 -999999 -999999 -999999 -999999 -999999 -999999 
780    1929 -999999 -999999 -999999 -999999 -999999 -999999 -999999 -999999 -999999 -999999 -999999 -999999 -999999 -999999 -999999 -999999 -999999 -999999 -999999 
780    1930 -999999 -999999 -999999 -999999 -999999 -999999 -999999 -999999 -999999 -999999 -999999 -999999 -999999 -999999 -999999 -999999 -999999 -999999 -999999 
780    1931 -999999 -999999 -999999 -999999 -999999 -999999 -999999 -999999 -999999 -999999 -999999 -999999 -999999 -999999 -999999 -999999 -999999 -999999 -999999 
780    1932 -999999 -999999 -999999 -999999 -999999 -999999 -999999 -999999 -999999 -999999 -999999 -999999 -999999 -999999 -999999 -999999 -999999 -999999 -999999 
780    1933 -999999 -999999 -999999 -999999 -999999 -999999 -999999 -999999 -999999 -999999 -999999 -999999 -999999 -999999 -999999 -999999 -999999 -999999 -999999 
780    1934 -999999 -999999 -999999 -999999 -999999 -999999 -999999 -999999 -999999 -999999 -999999 -999999 -999999 -999999 -999999 -999999 -999999 -999999 -999999 
780    1935 -999999 -999999 -999999 -999999 -999999 -999999 -999999 -999999 -999999 -999999 -999999 -999999 -999999 -999999 -999999 -999999 -999999 -999999 -999999 
780    1936 -999999 -999999 -999999 -999999 -999999 -999999 -999999 -999999 -999999 -999999 -999999 -999999 -999999 -999999 -999999 -999999 -999999 -999999 -999999 
780    1937 -999999 -999999 -999999 -999999 -999999 -999999 -999999 -999999 -999999 -999999 -999999 -999999 -999999 -999999 -999999 -999999 -999999 -999999 -999999 
780    1938 -999999 -999999 -999999 -999999 -999999 -999999 -999999 -999999 -999999 -999999 -999999 -999999 -999999 -999999 -999999 -999999 -999999 -999999 -999999 
780    1939 -999999 -999999 -999999 -999999 -999999 -999999 -999999 -999999 -999999 -999999 -999999 -999999 -999999 -999999 -999999 -999999 -999999 -999999 -999999 
780    1940 -999999 -999999 -999999 -999999 -999999 -999999 -999999 -999999 -999999 -999999 -999999 -999999 -999999 -999999 -999999 -999999 -999999 -999999 -999999 
780    1941 -999999 -999999 -999999 -999999 -999999 -999999 -999999 -999999 -999999 -999999 -999999 -999999 -999999 -999999 -999999 -999999 -999999 -999999 -999999 
780    1942 -999999 -999999 -999999 -999999 -999999 -999999 -999999 -999999 -999999 -999999 -999999 -999999 -999999 -999999 -999999 -999999 -999999 -999999 -999999 
780    1943 -999999 -999999 -999999 -999999 -999999 -999999 -999999 -999999 -999999 -999999 -999999 -999999 -999999 -999999 -999999 -999999 -999999 -999999 -999999 
780    1944 -999999 -999999 -999999 -999999 -999999 -999999 -999999 -999999 -999999 -999999 -999999 -999999 -999999 -999999 -999999 -999999 -999999 -999999 -999999 
780    1945 -999999 -999999 -999999 -999999 -999999 -999999 -999999 -999999 -999999 -999999 -999999 -999999 -999999 -999999 -999999 -999999 -999999 -999999 -999999 
780    1946 -999999 -999999 -999999 -999999 -999999 -999999 -999999 -999999 -999999 -999999 -999999 -999999 -999999 -999999 -999999 -999999 -999999 -999999 -999999 
780    1947 -999999 -999999 -999999 -999999 -999999 -999999 -999999 -999999 -999999 -999999 -999999 -999999 -999999 -999999 -999999 -999999 -999999 -999999 -999999 
780    1948 -999999 -999999 -999999 -999999 -999999 -999999 -999999 -999999 -999999 -999999 -999999 -999999 -999999 -999999 -999999 -999999 -999999 -999999 -999999 
780    1949 6100    -999999 3700    -999999 1400    1300    2600    400     0       100     1300    0       400     600     300     1100    1100    400     400     
780    1950 4800    2700    3000    1000    700     2300    1100    300     300     200     0       500     1400    800     100     200     300     600     100     
780    1951 4100    1800    2400    400     1000    1000    1500    300     0       500     300     200     500     400     100     900     0       600     300     
780    1952 5900    1900    2800    500     2100    1500    1500    200     0       800     700     600     700     200     600     0       700     800     600     
780    1953 2600    2200    1800    600     1200    600     100     0       0       100     500     600     100     100     400     100     0       0       700     
780    1954 3500    1200    1300    1100    800     100     1800    400     0       100     500     200     100     0       0       500     500     800     400     
780    1955 5300    3500    2000    1700    700     1500    900     1000    300     500     100     100     300     500     700     300     200     400     900     
780    1956 1700    2100    700     1400    500     200     400     500     0       100     200     200     0       100     100     100     300     0       100     
780    1957 2900    1800    1200    900     800     1000    100     300     500     600     200     0       300     400     300     0       0       100     200     
780    1958 3800    1300    2200    900     900     500     1300    200     500     300     0       600     100     100     300     1100    100     100     400     
780    1959 3700    1600    2100    800     1000    1200    800     400     0       600     100     300     100     500     600     500     100     200     300     
780    1960 3900    1900    2200    1300    1300    1200    400     700     300     300     400     600     1000    100     100     0       100     300     0       
780    1961 5900    900     3700    500     1500    1200    1800    100     400     0       1100    400     700     300     200     1000    600     200     900     
780    1962 1800    2100    1100    1300    100     600     700     400     0       0       0       100     100     0       500     400     300     0       0       
780    1963 2700    600     1200    100     300     700     1600    100     0       200     100     0       300     300     100     400     300     900     0       
780    1964 4200    2000    2800    400     1800    700     1300    0       400     400     500     900     200     300     200     700     300     300     0       
780    1965 1400    800     500     200     300     200     500     200     0       0       300     0       200     0       0       0       400     100     200     
780    1966 6200    3300    2600    2700    1400    800     900     1200    1300    100     900     400     400     200     200     500     400     0       600     
780    1967 2400    1600    800     900     600     400     900     0       300     300     0       300     200     100     100     100     700     100     200     
780    1968 4000    1800    1500    700     800     900     1300    300     200     300     500     0       100     300     500     100     700     500     500     
780    1969 3700    3200    1600    1000    1700    800     600     400     100     1000    100     600     0       300     500     100     100     400     100     
780    1970 4400    1800    2300    1200    400     1300    1400    400     700     100     200     100     900     100     300     700     0       700     200     
780    1971 2500    1200    1700    500     800     900     300     300     0       0       300     500     0       700     200     0       300     0       200     
780    1972 1000    700     600     300     500     200     200     0       100     100     300     100     0       100     100     0       0       200     0       
780    1973 2900    200     2600    0       800     1800    200     0       0       0       100     700     200     0       1600    0       0       200     100     
780    1974 3000    1300    900     900     500     200     800     600     200     200     100     200     100     0       100     400     0       400     700     
780    1975 2900    1900    1800    1200    500     1400    500     500     0       300     100     100     0       200     1200    200     200     100     0       
780    1976 2900    500     2300    200     200     1900    600     100     100     0       100     100     700     1200    0       200     200     200     0       
780    1977 2500    2100    100     1100    700     0       500     100     1000    600     100     0       0       0       0       0       300     200     200     
780    1978 2300    1600    500     800     300     500     200     100     500     300     0       0       400     100     0       0       100     100     700     
780    1979 4100    2600    800     1700    1100    200     1100    0       1000    700     100     300     0       200     0       200     400     500     700     
780    1980 1600    2600    500     1300    500     300     200     100     500     400     100     0       100     0       200     100     0       100     0       
780    1981 4900    1800    1500    300     2100    400     1700    300     0       1400    400     300     0       200     200     400     1000    300     400     
780    1982 5400    3400    2900    1900    800     1900    1000    1300    200     200     100     500     1100    600     200     400     300     300     200     
780    1983 3800    1300    2100    700     300     1300    1600    400     100     0       300     0       100     1200    0       500     100     1000    100     
780    1984 1800    1700    900     600     300     400     600     200     300     0       300     0       200     0       200     200     0       400     0       
780    1985 3900    1200    2000    600     700     1300    800     200     400     200     200     300     500     700     100     200     300     300     500     
780    1986 3400    1800    1500    1000    700     600     1200    500     0       200     0       500     300     100     200     400     400     400     400     
780    1987 5000    2300    3000    1000    1100    1300    1600    200     400     500     500     100     100     600     600     1100    400     100     400     
780    1988 5900    2700    3000    1500    2600    700     1300    900     200     700     900     1000    200     200     300     400     600     300     200     
780    1989 6300    2000    3600    200     2100    2300    700     0       0       900     100     1100    1100    700     500     100     300     300     1200    
780    1990 7500    3600    4000    2500    2000    2200    1800    200     1100    500     100     1400    200     900     1100    300     800     700     200     
780    1991 5000    3100    3000    700     1400    1700    1100    500     0       900     100     400     200     300     1200    800     100     200     300     
780    1992 5500    1100    3800    500     1400    2500    1300    0       200     300     100     1000    700     900     900     200     0       1100    100     
780    1993 3900    2000    2200    700     900     1500    100     600     0       200     400     300     700     200     600     0       0       100     800     
780    1994 8000    2400    4000    1600    1200    3400    1600    700     100     700     400     100     400     1300    1700    100     700     800     1000    
780    1995 7600    4200    4200    2400    1300    3200    1000    500     900     300     200     800     200     1400    1600    0       800     200     700     
780    1996 5600    2800    3400    1300    1400    2500    900     400     200     500     500     400     1400    700     400     0       400     500     200     
780    1997 8700    2500    4800    1100    2100    3000    2000    100     800     500     300     1300    800     400     1800    200     1300    500     700     
780    1998 5800    4400    3300    1800    2000    1800    600     1000    100     800     400     800     900     200     700     300     200     100     300     
780    1999 8800    2000    5800    900     3200    2800    1700    400     200     800     800     1600    700     1000    1100    600     900     200     500     
780    2000 7300    2600    4700    1300    2200    2200    1100    200     600     200     600     1400    1000    300     900     500     300     300     1000    
780    2001 8400    4600    3700    2100    3300    2300    1400    800     300     1900    600     800     500     400     1400    0       1200    200     300     
780    2002 5700    3000    2100    900     1500    800     1700    100     500     700     400     400     800     0       0       500     600     600     1100    
780    2003 10000   3400    7700    1500    2400    5600    1300    400     0       700     1200    500     2400    900     2300    400     400     500     300     
780    2004 6200    2200    3900    900     1000    2300    2000    600     0       400     200     400     900     300     1100    1000    1000    0       300     
780    2005 7500    2600    4600    800     2000    3200    1800    400     100     800     500     700     1400    1300    500     200     1300    300     0       
780    2006 11200   3000    6400    300     2300    3900    4200    300     0       1100    600     600     1500    2100    300     1300    1800    1100    500     
780    2007 8600    6600    4100    3000    3200    1500    800     1600    900     700     1200    1300    900     200     400     100     700     0       600     
780    2008 5500    3200    2900    1800    1800    1700    800     700     500     700     200     900     700     600     400     100     500     200     0       
780    2009 6500    1200    3700    300     1000    2700    1900    200     100     200     200     600     1200    500     1000    200     900     800     600     
780    2010 6200    3100    4000    800     2200    2200    1400    100     100     600     800     800     1000    800     400     200     700     500     200     
780    2011 9300    2800    5800    700     3800    1800    2300    500     0       900     1400    1500    700     0       1100    1100    300     900     900     
780    2012 7900    3100    4200    1800    1300    2600    1800    800     100     100     200     1000    900     200     1500    400     1100    300     1300    
780    2013 7500    3600    3800    1700    1300    2300    3300    300     100     500     600     200     0       1500    800     700     1700    900     200     
780    2014 9600    4400    5100    1800    1900    2600    3100    1200    400     0       1400    500     1000    900     700     600     1300    1200    400     
780    2015 7600    4100    4700    1000    2700    2500    1400    500     100     600     1100    1000    900     1000    600     100     200     1100    400     
780    2016 7100    3300    4700    1900    1800    2500    900     600     900     100     500     1200    1000    500     1000    500     300     100     400     
780    2017 8700    2000    6100    700     2800    3900    1500    200     100     900     400     1500    1800    1300    800     300     900     300     200     
780    2018 10900   3300    7300    1600    2900    4400    900     1100    300     500     1400    1000    1700    1500    1200    500     300     100     1300    
780    2019 8500    2700    4000    1500    1400    2900    2600    100     100     800     500     100     800     1300    800     500     1400    700     1400    
780    2020 11500   5500    7800    3000    4100    3200    2300    700     900     400     2000    1700    700     900     1600    900     700     700     300     
780    2021 7400    3600    4400    1700    1600    2300    1600    700     700     500     700     400     1200    700     400     1000    600     0       500     
