EUROPEAN CLIMATE ASSESSMENT & DATASET (ECA&D), file created on: 20-01-2022
THESE DATA CAN BE USED FOR NON-COMMERCIAL RESEARCH AND EDUCATION PROVIDED THAT THE FOLLOWING SOURCE IS ACKNOWLEDGED: 

Klein Tank, A.M.G. and Coauthors, 2002. Daily dataset of 20th-century surface
air temperature and precipitation series for the European Climate Assessment.
Int. J. of Climatol., 22, 1441-1453.
Data and metadata available at http://www.ecad.eu

FILE FORMAT (MISSING VALUE CODE = -999999):

THIS FILE HOLDS DATA FOR STATION RUSSIAN FEDERATION                       STARIÑA                                 (STAID:   8163)
LATITUDE: dd:mm:ss +56:30:00
LONGITUDE: ddd:mm:ss +034:55:59
ELEVATION: m  184

DATA IS FOR INDEX Days with TN > 90th percentile of daily min temp (warm nights) (TN90p) with unit 0.01 No of days

01-06 SOUID: Source identifier
08-11 YEAR : YYYY
13-20 ANNUAL DATA VALUES
21-28 WINTER HALF YEAR DATA VALUES
29-36 SUMMER HALF YEAR DATA VALUES
37-44 WINTER (DJF) DATA VALUES
45-52 SPRING (MAM) DATA VALUES
53-60 SUMMER (JJA) DATA VALUES
61-68 AUTUMN (SON) DATA VALUES
69-76 JANUARY DATA VALUES
etc. 
157-164 DECEMBER DATA VALUES

8163   1959 -999999 -999999 -999999 -999999 -999999 -999999 100     -999999 -999999 -999999 -999999 -999999 -999999 -999999 100     100     0       0       500     
8163   1960 -999999 500     -999999 500     -999999 900     900     0       0       0       -999999 100     300     300     300     200     200     500     1500    
8163   1961 -999999 -999999 1100    -999999 600     900     600     -999999 600     400     100     100     200     400     300     0       300     300     400     
8163   1962 2600    -999999 800     -999999 500     0       1400    400     0       0       200     300     0       0       0       300     500     600     300     
8163   1963 -999999 -999999 2500    -999999 700     1300    1300    0       -999999 100     100     500     0       500     800     600     100     600     0       
8163   1964 3100    800     1700    100     100     1000    1500    100     0       0       100     0       500     400     100     600     800     100     400     
8163   1965 2500    1600    1400    700     0       200     1300    100     200     0       0       0       0       0       200     1200    100     0       700     
8163   1966 -999999 -999999 2200    -999999 2100    500     1100    -999999 -999999 600     900     600     0       300     200     200     800     100     0       
8163   1967 5200    1400    2200    0       1700    800     2700    0       0       500     300     900     100     0       700     200     1600    900     0       
8163   1968 2600    3300    1200    200     1200    500     700     0       200     600     300     300     100     100     300     100     100     500     0       
8163   1969 2200    600     1100    0       400     700     1000    0       0       0       200     200     0       200     500     0       100     900     100     
8163   1970 2500    1100    1900    100     500     1100    700     0       0       0       100     400     300     400     400     300     300     100     200     
8163   1971 3300    2100    1200    1400    700     600     500     1200    0       300     0       400     100     100     400     200     200     100     300     
8163   1972 6700    900     4300    500     700     3500    600     100     100     100     300     300     800     1700    1000    200     0       400     1700    
8163   1973 2900    2600    1600    2100    1000    700     0       200     200     100     600     300     200     200     300     0       0       0       800     
8163   1974 4800    2500    1700    2300    300     900     1800    100     1400    200     0       100     200     600     100     700     600     500     300     
8163   1975 4200    3000    2300    1200    2000    300     800     800     100     700     1100    200     300     0       0       700     100     0       200     
8163   1976 -999999 -999999 -999999 -999999 -999999 -999999 -999999 -999999 -999999 -999999 -999999 -999999 -999999 -999999 -999999 -999999 -999999 -999999 -999999 
8163   1977 4100    -999999 2700    -999999 900     1800    900     0       400     200     200     500     500     300     1000    200     100     600     100     
8163   1978 2000    1500    800     200     1000    100     800     100     0       600     400     0       0       100     0       300     0       500     0       
8163   1979 3500    800     2300    0       1400    800     900     0       0       300     200     900     500     0       300     400     300     200     400     
8163   1980 2200    900     1700    400     400     1000    600     0       0       0       400     0       600     300     100     300     100     200     200     
8163   1981 4600    1000    3400    500     600     2600    1100    100     200     200     0       400     1400    600     600     400     700     0       0       
8163   1982 4000    1500    800     200     1200    0       1400    200     0       600     100     500     0       0       0       200     300     900     1200    
8163   1983 6300    4200    3000    2300    3000    400     1100    1100    0       700     1300    1000    200     100     100     300     300     500     700     
8163   1984 2900    1700    2000    900     1200    400     900     200     0       0       200     1000    200     200     0       400     400     100     200     
8163   1985 2800    700     2000    200     400     1400    900     0       0       0       200     200     0       0       1400    200     700     0       100     
8163   1986 3600    1800    2100    600     900     1700    500     500     0       500     300     100     1000    400     300     0       100     400     0       
8163   1987 800     600     700     0       200     600     0       0       0       100     0       100     500     100     0       0       0       0       0       
8163   1988 5000    1400    3400    1300    200     3000    500     600     700     100     0       100     1100    1500    400     300     200     0       0       
8163   1989 7800    4500    2500    3000    2500    1200    700     1700    1300    1300    1200    0       700     300     200     100     500     100     400     
8163   1990 5000    5000    800     3400    1400    400     0       1000    2000    1000    400     0       0       300     100     0       0       0       200     
8163   1991 5500    1500    2500    1100    1100    1400    1800    500     400     400     400     300     1000    200     200     400     700     700     300     
8163   1992 4500    3800    2100    1200    1500    900     900     400     500     1200    300     0       200     100     600     900     0       0       300     
8163   1993 4200    2200    1600    1700    1600    500     400     1200    200     500     400     700     0       400     100     0       400     0       300     
8163   1994 3400    1800    1700    1000    800     300     1300    700     0       400     400     0       100     100     100     1000    200     100     300     
8163   1995 6300    2900    3400    1600    2500    1100    1400    100     1200    1000    1000    500     800     0       300     800     500     100     0       
8163   1996 4400    900     2100    300     1400    600     1500    0       300     0       300     1100    200     400     0       100     300     1100    600     
8163   1997 4200    3400    1700    1400    1000    1100    900     300     500     600     300     100     500     200     400     200     200     500     400     
8163   1998 4800    2500    2500    1600    600     1700    700     700     500     200     100     300     1000    600     100     400     300     0       600     
8163   1999 5900    2100    3000    1500    1400    1500    1400    900     0       300     1100    0       800     700     0       400     800     200     700     
8163   2000 6600    3200    2200    2000    1400    800     1800    300     1000    200     1000    200     0       700     100     200     600     1000    1300    
8163   2001 6300    4300    4200    2100    2100    2300    1100    600     200     600     1400    100     400     1500    400     400     700     0       0       
8163   2002 5400    4000    1800    2400    1200    1300    500     1100    1300    900     200     100     200     800     300     200     0       300     0       
8163   2003 3100    1100    1300    700     600     600     800     600     100     100     0       500     0       100     500     200     200     400     400     
8163   2004 3900    2000    1800    700     800     1100    1100    200     100     700     100     0       100     400     600     600     200     300     600     
8163   2005 4900    2200    3100    1700    1500    1000    1100    1100    0       0       1200    300     100     400     500     600     0       500     200     
8163   2006 6200    1100    2400    400     300     1500    2500    200     0       200     100     0       500     300     700     800     1000    700     1700    
8163   2007 7200    6700    3100    3500    2700    1700    500     1800    0       1500    400     800     200     100     1400    200     300     0       500     
8163   2008 6600    3300    2200    2400    1400    900     1700    900     1000    600     600     200     100     100     700     500     900     300     700     
8163   2009 5200    3800    1100    2200    600     700     1900    600     900     400     200     0       400     300     0       200     300     1400    500     
8163   2010 8300    3000    6600    600     2900    4100    1200    0       100     700     500     1700    600     1700    1800    300     0       900     0       
8163   2011 5700    1000    3700    100     300     3000    1200    100     0       0       100     200     800     1700    500     400     300     500     1100    
8163   2012 4200    2300    2400    1500    700     1400    1500    200     200     0       300     400     300     900     200     300     600     600     200     
8163   2013 6100    2000    2800    800     1400    800     2400    0       600     0       200     1200    300     300     200     600     900     900     900     
8163   2014 5600    5000    1900    2400    1900    700     800     400     1100    800     300     800     200     100     400     100     400     300     700     
8163   2015 5300    3500    1500    2100    1000    700     900     800     600     700     200     100     100     100     500     500     100     300     1300    
8163   2016 4100    3400    2200    2600    1100    1300    200     400     900     400     700     0       800     200     300     200     0       0       200     
8163   2017 4500    1700    1800    900     1200    700     800     300     400     800     400     0       0       100     600     700     100     0       1100    
8163   2018 3600    1800    2800    1600    600     1400    1100    500     0       100     200     300     0       1200    200     900     100     100     0       
8163   2019 7400    1600    1600    800     900     800     2900    0       800     600     0       300     300     200     300     500     1300    1100    2000    
8163   2020 10700   9000    3100    5100    1900    1500    3800    1700    1400    1500    200     200     700     400     400     1200    1700    900     400     
8163   2021 6800    4500    4100    1300    1500    2700    1500    600     300     600     700     200     900     1000    800     500     400     600     200     
