EUROPEAN CLIMATE ASSESSMENT & DATASET (ECA&D), file created on: 20-01-2022
THESE DATA CAN BE USED FOR NON-COMMERCIAL RESEARCH AND EDUCATION PROVIDED THAT THE FOLLOWING SOURCE IS ACKNOWLEDGED: 

Klein Tank, A.M.G. and Coauthors, 2002. Daily dataset of 20th-century surface
air temperature and precipitation series for the European Climate Assessment.
Int. J. of Climatol., 22, 1441-1453.
Data and metadata available at http://www.ecad.eu

FILE FORMAT (MISSING VALUE CODE = -999999):

THIS FILE HOLDS DATA FOR STATION SWEDEN                                   HOGSJO                                   (STAID:   5433)
LATITUDE: dd:mm:ss +59:01:48
LONGITUDE: ddd:mm:ss +015:41:24
ELEVATION: m   69

DATA IS FOR INDEX Days with TN > 90th percentile of daily min temp (warm nights) (TN90p) with unit 0.01 No of days

01-06 SOUID: Source identifier
08-11 YEAR : YYYY
13-20 ANNUAL DATA VALUES
21-28 WINTER HALF YEAR DATA VALUES
29-36 SUMMER HALF YEAR DATA VALUES
37-44 WINTER (DJF) DATA VALUES
45-52 SPRING (MAM) DATA VALUES
53-60 SUMMER (JJA) DATA VALUES
61-68 AUTUMN (SON) DATA VALUES
69-76 JANUARY DATA VALUES
etc. 
157-164 DECEMBER DATA VALUES

5433   1945 -999999 -999999 3100    -999999 2100    1900    -999999 0       300     1000    800     300     0       600     1300    100     100     -999999 0       
5433   1946 3000    -999999 1300    500     1500    200     800     500     0       600     800     100     0       200     0       200     0       600     0       
5433   1947 5100    700     4400    100     1400    2000    1600    100     0       0       700     700     500     900     600     1000    500     100     0       
5433   1948 4000    1400    2000    300     1100    700     1000    100     200     500     500     100     200     300     200     700     100     200     900     
5433   1949 6500    2900    3400    2500    1500    600     2600    800     800     100     800     600     100     500     0       1400    700     500     200     
5433   1950 2600    2100    1600    300     1600    600     200     0       100     600     400     600     300     0       300     0       100     100     100     
5433   1951 2800    400     1500    200     0       700     1500    0       100     0       0       0       100     100     500     800     0       700     500     
5433   1952 1600    1800    1000    1100    700     300     0       300     300     0       500     200     0       100     200     0       0       0       0       
5433   1953 4300    900     2000    400     1500    800     1000    200     200     500     500     500     500     300     0       200     600     200     600     
5433   1954 2800    1500    1900    600     900     600     800     0       0       100     0       800     200     300     100     500     200     100     500     
5433   1955 2700    1200    1100    900     0       600     1200    400     0       0       0       0       0       200     400     500     500     200     500     
5433   1956 1400    1500    500     800     100     300     300     300     0       0       0       100     300     0       0       100     200     0       400     
5433   1957 2600    1400    1100    1100    500     600     400     400     300     100     200     200     100     400     100     100     200     100     400     
5433   1958 1800    1100    700     800     0       500     800     100     300     0       0       0       100     400     0       200     300     300     100     
5433   1959 4500    1700    2000    700     1100    1000    1500    0       600     400     500     200     200     100     700     300     300     900     300     
5433   1960 3400    2200    1600    1000    200     800     1200    700     0       0       200     0       100     200     500     600     100     500     500     
5433   1961 5900    3300    2000    1400    1800    800     2400    100     800     1300    400     100     600     200     0       700     1300    400     0       
5433   1962 1200    2100    200     400     200     0       600     300     100     0       200     0       0       0       0       0       400     200     0       
5433   1963 2500    600     2100    0       300     1200    700     0       0       0       0       300     0       800     400     600     100     0       300     
5433   1964 3600    1000    2100    900     800     900     700     500     100     0       700     100     300     100     500     400     100     200     600     
5433   1965 3500    1900    1800    1200    500     500     1900    600     0       400     100     0       100     0       400     1200    600     100     0       
5433   1966 2100    1200    1200    200     700     600     600     100     100     300     100     300     200     300     100     200     400     0       0       
5433   1967 4100    1700    1600    700     1100    800     1200    200     500     600     300     200     100     200     500     300     500     400     300     
5433   1968 3500    2100    2500    500     1600    1200    500     200     0       700     900     0       600     100     500     400     0       100     0       
5433   1969 2300    100     1700    0       300     800     1200    0       0       0       200     100     0       500     300     600     600     0       0       
5433   1970 2300    600     1100    0       100     600     1000    0       0       0       100     0       300     300     0       400     200     400     600     
5433   1971 4100    2300    1900    1700    1000    800     500     800     300     0       300     700     0       600     200     100     200     200     700     
5433   1972 4900    1400    2600    800     500     2300    400     0       100     200     100     200     700     1400    200     0       100     300     1600    
5433   1973 4200    3700    2100    2600    1100    1700    100     400     600     700     100     300     700     800     200     0       0       100     300     
5433   1974 3200    1200    1100    1100    400     500     700     300     500     0       200     200     100     100     300     200     0       500     800     
5433   1975 6000    2400    3400    1700    1000    1900    1400    700     200     200     200     600     400     300     1200    700     600     100     800     
5433   1976 2600    2400    1400    1400    800     900     300     100     500     300     300     200     400     300     200     0       0       300     0       
5433   1977 2100    500     1000    0       700     500     800     0       0       200     0       500     200     200     100     0       400     400     100     
5433   1978 3800    1500    1600    500     600     1200    1600    400     0       200     100     300     600     200     400     0       200     1400    0       
5433   1979 3100    1900    1800    0       900     700     1000    0       0       300     0       600     600     0       100     500     300     200     500     
5433   1980 3000    1300    1600    800     300     1100    500     100     200     0       200     100     600     100     400     200     0       300     800     
5433   1981 2400    1500    1900    1100    800     800     500     200     100     100     300     400     300     100     400     400     100     0       0       
5433   1982 3800    300     1900    0       600     900     1900    0       0       200     300     100     200     300     400     600     200     1100    400     
5433   1983 5700    3300    3000    1800    1300    1400    1400    1400    0       200     700     400     300     600     500     500     500     400     200     
5433   1984 3200    1300    2000    400     1100    900     700     200     0       0       200     900     200     200     500     0       300     400     300     
5433   1985 2000    1000    1200    300     500     700     500     0       0       0       100     400     0       200     500     0       500     0       300     
5433   1986 3200    900     1500    400     600     800     1200    100     0       0       0       600     300     500     0       100     100     1000    500     
5433   1987 1700    1900    900     700     600     300     400     0       200     100     200     300     0       100     200     100     200     100     200     
5433   1988 4400    1600    3200    1300    1000    1800    500     500     600     0       400     600     900     600     300     400     100     0       0       
5433   1989 8700    4300    2900    3400    1900    1500    1400    1700    1700    800     800     300     400     600     500     300     900     200     500     
5433   1990 8500    6300    3000    3600    3700    800     600     1400    1700    1600    1000    1100    0       100     700     100     200     300     300     
5433   1991 5100    2300    2200    1200    1500    1100    1000    300     600     600     800     100     0       500     600     200     200     600     600     
5433   1992 7200    4800    3400    2600    3000    1500    300     1000    1000    1400    500     1100    600     500     400     300     0       0       400     
5433   1993 3700    2500    1300    1600    2100    0       300     800     400     900     800     400     0       0       0       100     200     0       100     
5433   1994 3500    1100    1700    600     900     900     600     500     0       300     600     0       0       600     300     200     0       400     600     
5433   1995 -999999 2100    -999999 1300    900     -999999 -999999 0       700     400     200     300     300     700     -999999 -999999 -999999 -999999 -999999 
