EUROPEAN CLIMATE ASSESSMENT & DATASET (ECA&D), file created on: 20-01-2022
THESE DATA CAN BE USED FOR NON-COMMERCIAL RESEARCH AND EDUCATION PROVIDED THAT THE FOLLOWING SOURCE IS ACKNOWLEDGED: 

Klein Tank, A.M.G. and Coauthors, 2002. Daily dataset of 20th-century surface
air temperature and precipitation series for the European Climate Assessment.
Int. J. of Climatol., 22, 1441-1453.
Data and metadata available at http://www.ecad.eu

FILE FORMAT (MISSING VALUE CODE = -999999):

THIS FILE HOLDS DATA FOR STATION RUSSIAN FEDERATION                       SUXINICHI                                (STAID:   1236)
LATITUDE: dd:mm:ss +54:06:00
LONGITUDE: ddd:mm:ss +035:21:00
ELEVATION: m  237

DATA IS FOR INDEX Days with TN > 90th percentile of daily min temp (warm nights) (TN90p) with unit 0.01 No of days

01-06 SOUID: Source identifier
08-11 YEAR : YYYY
13-20 ANNUAL DATA VALUES
21-28 WINTER HALF YEAR DATA VALUES
29-36 SUMMER HALF YEAR DATA VALUES
37-44 WINTER (DJF) DATA VALUES
45-52 SPRING (MAM) DATA VALUES
53-60 SUMMER (JJA) DATA VALUES
61-68 AUTUMN (SON) DATA VALUES
69-76 JANUARY DATA VALUES
etc. 
157-164 DECEMBER DATA VALUES

1236   1959 -999999 -999999 -999999 -999999 -999999 -999999 -999999 -999999 -999999 -999999 -999999 -999999 -999999 500     400     -999999 200     0       500     
1236   1960 -999999 1200    -999999 1000    -999999 -999999 -999999 100     400     0       -999999 0       500     700     500     -999999 400     400     1600    
1236   1961 -999999 -999999 -999999 2400    -999999 800     300     500     300     600     -999999 0       200     400     200     0       100     200     300     
1236   1962 -999999 -999999 -999999 -999999 -999999 -999999 1800    700     -999999 -999999 -999999 -999999 -999999 -999999 -999999 400     500     900     500     
1236   1963 3200    2000    2100    500     400     1200    1600    0       0       100     0       300     0       600     600     600     200     800     0       
1236   1964 3200    1000    1300    0       100     900     1300    0       0       0       100     0       300     400     200     300     800     200     900     
1236   1965 -999999 2000    -999999 1000    -999999 300     800     100     0       0       0       -999999 0       100     200     700     100     0       600     
1236   1966 -999999 -999999 2400    -999999 2200    900     500     -999999 -999999 800     1100    300     100     200     600     100     200     200     0       
1236   1967 4900    700     3000    0       2100    800     1900    0       0       300     100     1700    100     100     600     400     900     600     100     
1236   1968 3100    2100    2000    400     800     1300    500     0       300     200     200     400     500     300     500     100     200     200     200     
1236   1969 2300    600     1100    200     200     900     1100    0       0       0       100     100     0       300     600     0       200     900     100     
1236   1970 2300    1500    1400    400     100     500     1100    300     0       0       0       100     0       300     200     800     200     100     300     
1236   1971 2900    2100    600     1700    100     500     600     1300    100     100     0       0       300     0       200     100     300     200     300     
1236   1972 6000    1000    4400    300     700     3700    800     0       0       200     300     200     800     1600    1300    200     100     500     800     
1236   1973 2500    2100    1000    1400    800     300     200     100     500     100     400     300     0       100     200     0       100     100     600     
1236   1974 -999999 2500    1300    2100    400     400     -999999 100     1400    200     100     100     0       200     200     700     700     -999999 -999999 
1236   1975 -999999 -999999 4100    -999999 -999999 900     -999999 -999999 -999999 -999999 1300    800     700     100     100     1100    -999999 -999999 -999999 
1236   1976 -999999 -999999 -999999 -999999 -999999 200     -999999 -999999 -999999 -999999 -999999 0       0       200     0       0       -999999 -999999 -999999 
1236   1977 4400    -999999 2200    -999999 1500    900     1200    0       700     600     200     700     300     200     400     400     100     700     100     
1236   1978 2500    1700    600     300     900     200     1100    100     100     600     300     0       0       0       200     100     100     900     100     
1236   1979 4000    1800    2700    700     1400    900     700     600     0       100     200     1100    500     100     300     500     200     0       400     
1236   1980 3400    700     2300    500     700     1100    800     0       100     0       500     200     400     500     200     500     100     200     700     
1236   1981 5400    2200    3100    1300    900     2600    800     300     300     600     0       300     1200    800     600     200     600     0       500     
1236   1982 3300    1500    1100    700     500     700     1000    200     0       200     100     200     100     200     400     100     400     500     900     
1236   1983 6300    3700    3000    2000    3200    500     1100    1100    0       800     1100    1300    300     100     100     100     400     600     400     
1236   1984 2800    1800    1700    700     600     300     1400    300     0       100     100     400     200     100     0       900     500     0       200     
1236   1985 2400    800     1700    300     400     1100    800     100     0       0       200     200     200     100     800     200     600     0       0       
1236   1986 3200    1000    2600    200     1400    1400    200     200     0       200     800     400     1000    300     100     0       200     0       0       
1236   1987 500     200     500     0       0       400     100     0       0       0       0       0       200     100     100     100     0       0       0       
1236   1988 4600    1400    2900    1200    500     2300    500     800     400     200     300     0       800     1100    400     300     200     0       100     
1236   1989 9000    4200    3600    2900    2400    2100    1200    1400    1400    1100    1000    300     1100    700     300     200     800     200     500     
1236   1990 5900    5800    900     3500    1800    400     700     1200    1800    1300    500     0       0       400     0       0       300     400     0       
1236   1991 5700    2100    2800    1000    1100    1600    2000    700     300     400     300     400     1200    300     100     500     1000    500     0       
1236   1992 4300    3900    1600    1100    1400    1100    400     700     400     1300    100     0       200     100     800     400     0       0       300     
1236   1993 3800    2000    1100    1700    1000    400     500     1200    200     300     400     300     0       300     100     0       500     0       500     
1236   1994 3700    1900    2200    1300    700     300     1700    800     0       100     500     100     0       200     100     1300    100     300     200     
1236   1995 7400    3000    4600    1700    3000    1600    1300    400     1100    900     1000    1100    1100    200     300     900     400     0       0       
1236   1996 5700    500     3200    100     1600    1400    2100    0       100     0       200     1400    300     600     500     200     400     1500    500     
1236   1997 5000    4400    1600    1700    800     1600    900     300     900     800     0       0       800     200     600     0       200     700     500     
1236   1998 5100    3200    2600    2000    400     2100    700     700     800     300     0       100     1100    500     500     400     300     0       400     
1236   1999 7900    1900    4900    1100    1500    3400    1600    500     200     500     1000    0       1700    1400    300     500     800     300     700     
1236   2000 7100    3300    3000    2100    2300    600     1600    400     1000    100     1900    300     100     300     200     200     600     800     1200    
1236   2001 7400    4300    5100    2200    2600    2800    1000    600     400     700     1500    400     200     2000    600     400     500     100     0       
1236   2002 6900    3900    2900    2200    1500    2200    1000    900     1300    1100    300     100     100     1600    500     300     200     500     0       
1236   2003 4200    1300    2100    600     1100    800     1400    600     0       0       100     1000    0       500     300     200     400     800     300     
1236   2004 5400    3400    2200    1000    1300    1500    1100    400     300     1200    100     0       200     500     800     600     200     300     800     
1236   2005 5500    2800    3000    2300    1700    600     1300    1400    100     0       900     800     0       300     300     700     400     200     400     
1236   2006 6800    1300    3100    600     200     2400    2300    0       200     100     100     0       900     400     1100    600     1000    700     1700    
1236   2007 8800    7200    4100    3900    2900    2400    1100    2100    100     1600    0       1300    600     300     1500    400     600     100     200     
1236   2008 8000    3400    3300    1600    2500    1400    1800    300     1100    1100    1000    400     0       800     600     500     1000    300     900     
1236   2009 6700    3900    2700    2300    500     1200    3000    600     800     300     100     100     400     700     100     1300    400     1300    600     
1236   2010 10700   3100    8200    900     3000    5300    2000    0       300     500     800     1700    1200    2100    2000    400     0       1600    100     
1236   2011 5400    2200    3200    400     400     2700    900     200     100     200     0       200     500     1500    700     300     200     400     1100    
1236   2012 6200    2400    3900    1800    1400    2100    1800    400     300     0       600     800     200     1200    700     400     900     500     200     
1236   2013 5500    2400    2500    900     1000    1000    2600    100     600     100     100     800     500     200     300     600     800     1200    200     
1236   2014 7800    5400    2700    2300    2300    1200    1400    800     1300    1100    300     900     400     100     700     300     500     600     800     
1236   2015 6700    4500    2600    2300    1700    1000    1500    800     700     1100    200     400     400     300     300     1000    100     400     1000    
1236   2016 6700    3400    4200    2300    1800    2800    700     400     900     600     900     300     700     1100    1000    200     500     0       100     
1236   2017 6700    2700    3000    1100    1800    1500    1100    400     600     1100    600     100     0       400     1100    800     100     200     1300    
1236   2018 5500    2200    4300    1900    1300    2100    1200    500     100     0       400     900     200     1300    600     900     100     200     300     
1236   2019 7800    1900    2600    1100    1500    1000    3000    100     700     500     500     500     500     100     400     600     1400    1000    1500    
1236   2020 10400   8800    2900    4900    2000    1700    2800    1900    1500    1500    100     400     1100    400     200     700     1400    700     500     
1236   2021 6800    4100    4000    1800    1000    3000    1200    1000    300     200     500     300     1000    1000    1000    200     300     700     300     
