EUROPEAN CLIMATE ASSESSMENT & DATASET (ECA&D), file created on: 20-01-2022
THESE DATA CAN BE USED FOR NON-COMMERCIAL RESEARCH AND EDUCATION PROVIDED THAT THE FOLLOWING SOURCE IS ACKNOWLEDGED: 

Klein Tank, A.M.G. and Coauthors, 2002. Daily dataset of 20th-century surface
air temperature and precipitation series for the European Climate Assessment.
Int. J. of Climatol., 22, 1441-1453.
Data and metadata available at http://www.ecad.eu

FILE FORMAT (MISSING VALUE CODE = -999999):

THIS FILE HOLDS DATA FOR STATION RUSSIAN FEDERATION                       MAXACHKALA                               (STAID:    398)
LATITUDE: dd:mm:ss +42:58:00
LONGITUDE: ddd:mm:ss +047:33:00
ELEVATION: m  -20

DATA IS FOR INDEX Days with TN > 90th percentile of daily min temp (warm nights) (TN90p) with unit 0.01 No of days

01-06 SOUID: Source identifier
08-11 YEAR : YYYY
13-20 ANNUAL DATA VALUES
21-28 WINTER HALF YEAR DATA VALUES
29-36 SUMMER HALF YEAR DATA VALUES
37-44 WINTER (DJF) DATA VALUES
45-52 SPRING (MAM) DATA VALUES
53-60 SUMMER (JJA) DATA VALUES
61-68 AUTUMN (SON) DATA VALUES
69-76 JANUARY DATA VALUES
etc. 
157-164 DECEMBER DATA VALUES

398    1882 800     -999999 500     -999999 0       300     300     100     0       0       0       0       0       0       300     200     100     0       100     
398    1883 1800    200     900     100     200     700     900     0       0       0       0       200     0       200     500     0       600     300     0       
398    1884 700     1000    0       100     0       0       0       0       100     0       0       0       0       0       0       0       0       0       600     
398    1885 -999999 800     -999999 800     -999999 -999999 100     0       200     0       0       -999999 -999999 -999999 100     0       100     0       100     
398    1886 900     400     300     300     100     200     0       200     0       0       0       100     200     0       0       0       0       0       400     
398    1887 2800    600     1200    600     0       200     2100    200     0       0       0       0       0       100     100     1000    600     500     300     
398    1888 2500    1900    700     500     800     200     1300    0       200     300     100     400     0       0       200     0       1200    100     0       
398    1889 2400    1800    1300    200     400     500     1300    0       200     300     0       100     0       300     200     700     500     100     0       
398    1890 2500    600     1900    0       600     300     1600    0       0       0       300     300     100     200     0       1000    0       600     0       
398    1891 900     800     500     0       300     200     200     0       0       200     100     0       0       100     100     200     0       0       200     
398    1892 2100    700     400     700     0       400     1200    400     100     0       0       0       200     100     100     0       400     800     0       
398    1893 2200    1200    900     0       300     500     1400    0       0       0       100     200     0       200     300     100     800     500     0       
398    1894 300     1300    300     0       0       100     200     0       0       0       0       0       0       0       100     200     0       0       0       
398    1895 1200    300     300     100     200     300     600     0       100     200     0       0       100     100     100     0       600     0       0       
398    1896 -999999 600     -999999 0       0       -999999 1200    0       0       0       0       0       0       0       -999999 300     800     100     200     
398    1897 -999999 -999999 -999999 -999999 -999999 -999999 1400    -999999 -999999 -999999 -999999 -999999 -999999 0       400     400     1000    0       0       
398    1898 300     1300    0       300     0       0       0       0       300     0       0       0       0       0       0       0       0       0       0       
398    1899 2800    300     1800    300     600     400     1400    200     100     0       300     300     100     200     100     800     600     0       100     
398    1900 300     700     100     100     0       100     100     0       0       0       0       0       0       100     0       0       100     0       100     
398    1901 1100    500     400     100     500     200     0       0       0       300     200     0       0       100     100     0       0       0       400     
398    1902 2500    1200    1700    1100    300     1000    500     600     100     100     200     0       600     100     300     500     0       0       0       
398    1903 800     400     400     100     500     200     0       0       100     300     0       200     0       100     100     0       0       0       0       
398    1904 400     100     300     100     100     200     0       0       100     0       0       100     0       100     100     0       0       0       0       
398    1905 3000    0       400     0       0       100     2800    0       0       0       0       0       0       100     0       300     2200    300     100     
398    1906 -999999 -999999 -999999 -999999 -999999 -999999 100     -999999 -999999 -999999 200     0       100     -999999 100     0       0       100     200     
398    1907 700     300     700     200     100     600     0       0       0       0       0       100     0       200     400     0       0       0       0       
398    1908 800     100     700     100     0       400     300     0       100     0       0       0       200     0       200     300     0       0       0       
398    1909 2800    0       1600    0       0       100     2400    0       0       0       0       0       0       0       100     1500    400     500     300     
398    1910 1500    2200    200     1300    0       200     300     700     300     0       0       0       0       100     100     0       0       300     0       
398    1911 500     300     500     0       200     300     0       0       0       0       0       200     0       200     100     0       0       0       0       
398    1912 -999999 400     -999999 200     -999999 100     600     100     100     200     -999999 0       100     0       0       400     100     100     0       
398    1913 1800    200     1300    0       0       900     700     0       0       0       0       0       0       200     700     400     200     100     200     
398    1914 3200    3300    300     1900    1200    200     100     400     1300    1100    100     0       0       100     100     0       0       100     0       
398    1915 3500    2200    500     1500    800     200     800     800     700     600     100     100     200     0       0       100     100     600     200     
398    1916 1300    1500    500     800     400     0       200     200     400     0       100     300     0       0       0       100     0       100     100     
398    1917 2000    400     1000    100     500     200     1300    0       0       200     300     0       0       0       200     500     200     600     0       
398    1918 3300    1000    900     200     0       200     2900    200     0       0       0       0       0       0       200     700     1900    300     0       
398    1919 2300    2700    300     400     300     100     1500    300     100     100     200     0       0       0       100     0       1100    400     0       
398    1920 -999999 -999999 -999999 400     -999999 200     200     400     0       0       -999999 200     0       0       200     200     0       0       -999999 
398    1921 900     -999999 500     -999999 300     400     0       200     0       200     0       100     100     100     200     0       0       0       0       
398    1922 1300    100     900     0       800     100     400     0       0       100     0       700     0       100     0       100     0       300     0       
398    1923 2500    1000    600     600     500     200     900     400     200     100     0       400     0       100     100     0       400     500     300     
398    1924 2200    -999999 2000    -999999 0       400     1800    -999999 0       0       0       0       200     200     0       1600    100     100     0       
398    1925 1400    700     600     200     500     300     300     100     100     300     0       200     100     0       200     100     200     0       100     
398    1926 -999999 -999999 300     -999999 200     200     100     -999999 100     100     0       100     100     0       100     0       0       100     300     
398    1927 4100    700     2000    300     900     700     2500    0       0       300     300     300     200     0       500     700     1400    400     0       
398    1928 800     1800    300     0       300     0       300     0       0       0       200     100     0       0       0       0       0       300     200     
398    1929 2000    500     1400    200     300     600     1100    0       0       0       0       300     0       0       600     500     300     300     0       
398    1930 1800    1200    800     400     200     700     500     300     100     200     0       0       0       0       700     100     100     300     0       
398    1931 2000    400     1900    0       100     1100    800     0       0       0       0       100     200     600     300     700     100     0       0       
398    1932 800     100     400     0       200     100     500     0       0       0       100     100     100     0       0       100     200     200     0       
398    1933 2200    500     1300    0       300     400     1500    0       0       100     200     0       0       0       400     700     300     500     0       
398    1934 1100    1100    0       0       300     0       600     0       0       300     0       0       0       0       0       0       100     500     200     
398    1935 -999999 1500    -999999 800     700     -999999 2700    400     200     100     300     300     0       -999999 800     700     1500    500     800     
398    1936 2200    3700    800     1700    100     700     400     600     300     0       0       100     200     200     300     0       100     300     100     
398    1937 6400    900     3800    400     400     1500    3200    300     0       100     100     200     0       400     1100    2000    1000    200     1000    
398    1938 6300    3200    3000    1800    800     1100    2800    400     400     -999999 300     300     0       500     600     1300    700     800     800     
398    1939 2600    2700    1600    1200    800     800     0       300     100     0       300     500     400     400     0       0       0       0       600     
398    1940 3300    700     2600    600     500     1600    600     0       0       100     400     0       0       200     1400    600     0       0       600     
398    1941 -999999 -999999 1500    -999999 1000    400     500     -999999 500     300     300     400     200     200     0       400     0       100     0       
398    1942 1300    100     800     0       100     700     400     0       0       0       0       100     300     200     200     0       200     200     100     
398    1943 -999999 700     -999999 300     200     -999999 800     200     0       0       200     0       -999999 -999999 500     100     200     500     100     
398    1944 3600    2100    1800    700     1900    100     1000    100     500     700     100     1100    100     0       0       500     0       500     0       
398    1945 1400    600     1000    100     100     600     600     100     0       0       100     0       100     200     300     300     200     100     0       
398    1946 3600    500     2000    0       700     700     800     0       0       200     100     400     200     100     400     800     0       0       1400    
398    1947 3100    1900    800     1500    600     600     300     0       100     400     200     0       0       500     100     0       100     200     1500    
398    1948 3900    3900    1700    3600    800     900     100     1100    1000    0       0       800     600     100     200     0       0       100     0       
398    1949 1800    100     1100    0       100     1000    0       0       0       0       0       100     100     600     300     0       0       0       700     
398    1950 3000    900     1700    800     900     500     1500    0       100     100     200     600     100     200     200     400     800     300     0       
398    1951 2400    1300    2200    200     700     900     600     200     0       0       300     400     100     200     600     600     0       0       0       
398    1952 6100    500     2200    500     100     1400    3200    0       500     0       100     0       0       500     900     700     1900    600     900     
398    1953 2800    4000    2100    1400    200     1700    300     300     200     100     0       100     100     600     1000    300     0       0       100     
398    1954 4400    100     2700    100     100     1700    2600    0       0       0       0       100     0       800     900     900     800     900     0       
398    1955 5700    3300    2100    1600    600     800     2500    300     1300    0       0       600     300     100     400     700     1600    200     200     
398    1956 2400    2600    1300    800     0       1200    600     600     0       0       0       0       100     100     1000    100     400     100     0       
398    1957 5000    1200    3100    500     1100    800     2600    0       500     200     200     700     400     0       400     1400    700     500     0       
398    1958 3600    3600    900     1600    1400    200     300     700     900     800     0       600     0       0       200     100     0       200     100     
398    1959 2600    1500    1400    1300    600     700     100     1200    0       0       300     300     100     200     400     100     0       0       0       
398    1960 3600    800     1000    800     300     500     1100    500     300     0       200     100     400     0       100     200     300     600     900     
398    1961 4200    3000    2300    1900    1700    800     0       400     600     200     500     1000    500     100     200     0       0       0       700     
398    1962 5300    3200    1600    1500    2400    900     1000    200     600     1700    200     500     300     400     200     0       300     700     200     
398    1963 3500    2000    1800    800     400     900     1600    100     500     200     100     100     200     200     500     700     600     300     0       
398    1964 2500    1100    1700    100     400     1000    800     0       100     100     200     100     900     0       100     400     400     0       200     
398    1965 1100    600     700     200     100     500     300     0       0       0       100     0       100     300     100     100     200     0       200     
398    1966 10500   4800    2800    3000    2300    2100    2200    1500    1300    1600    600     100     500     900     700     0       500     1700    1100    
398    1967 3700    3600    1600    1400    600     800     2000    300     0       0       300     300     100     400     300     200     700     1100    0       
398    1968 3500    2000    1700    100     900     200     1500    100     0       100     100     700     0       200     0       700     600     200     800     
398    1969 1100    1700    200     900     0       0       500     100     0       0       0       0       0       0       0       200     200     100     500     
398    1970 1400    1700    300     1000    600     100     200     400     100     400     100     100     0       0       100     0       100     100     0       
398    1971 2800    900     1500    600     400     400     1000    300     300     100     100     200     200     200     0       800     100     100     400     
398    1972 2800    600     1500    400     800     700     1200    0       0       0       400     400     500     0       200     0       1100    100     100     
398    1973 1600    1500    900     100     600     500     500     0       0       200     300     100     100     0       400     0       500     0       0       
398    1974 1600    600     400     0       300     200     900     0       0       100     100     100     100     0       100     0       500     400     200     
398    1975 5000    1500    4500    600     1000    2800    800     400     0       0       200     800     1000    1200    600     700     100     0       0       
398    1976 3100    400     2600    300     600     1800    200     200     100     0       200     400     100     0       1700    200     0       0       200     
398    1977 2600    800     2000    500     1000    1200    100     0       300     300     100     600     700     300     200     100     0       0       0       
398    1978 2500    1000    1200    400     900     300     900     0       400     600     300     0       0       200     100     600     300     0       0       
398    1979 5100    1800    1800    800     1100    800     2100    600     200     700     200     200     100     200     500     600     700     800     300     
398    1980 2700    2000    1200    500     200     900     400     100     100     0       100     100     100     700     100     100     0       300     1000    
398    1981 7500    4300    1800    3500    500     1200    1900    1200    1300    500     0       0       300     600     300     600     1100    200     1400    
398    1982 3300    3100    2200    1800    1100    700     900     400     0       0       800     300     0       600     100     400     400     100     200     
398    1983 4600    1900    2700    1300    1400    1400    600     200     900     100     900     400     200     800     400     0       200     400     100     
398    1984 4000    2400    1300    1800    200     500     1600    1700    0       0       100     100     100     400     0       600     500     500     0       
398    1985 2400    1200    2000    200     1400    500     300     0       200     0       600     800     300     100     100     100     100     100     0       
398    1986 4300    1500    2700    1300    400     1200    1300    1200    100     0       100     300     300     200     700     1100    100     100     100     
398    1987 3200    600     2500    300     300     2100    600     100     100     100     0       200     800     500     800     200     100     300     0       
398    1988 5000    900     3700    500     1500    2100    600     400     100     0       1300    200     900     800     400     100     500     0       300     
398    1989 7300    3200    2900    1200    2200    1700    1400    100     800     1500    500     200     600     600     500     500     200     700     1100    
398    1990 5100    3800    1900    1900    1800    400     1300    0       800     1000    700     100     300     100     0       700     100     500     800     
398    1991 4400    2300    2300    1700    600     1500    1400    800     100     0       500     100     100     1100    300     200     1100    100     0       
398    1992 500     1300    300     100     200     100     100     100     0       0       0       200     0       0       100     0       100     0       0       
398    1993 -999999 -999999 -999999 -999999 -999999 100     0       -999999 400     0       -999999 0       0       0       100     0       0       0       0       
398    1994 -999999 -999999 -999999 600     -999999 -999999 1800    600     0       -999999 200     0       100     -999999 100     800     1000    0       0       
398    1995 -999999 3600    -999999 1600    1200    300     -999999 700     900     1000    200     0       100     0       200     -999999 100     400     0       
398    1996 2200    500     300     0       100     200     1200    0       0       0       0       100     0       0       200     0       400     800     700     
398    1997 -999999 1900    800     700     200     500     -999999 0       0       0       200     0       0       100     400     100     -999999 100     400     
398    1998 3500    -999999 2200    500     500     1600    1300    0       100     300     0       200     900     100     600     400     600     300     0       
398    1999 5200    3000    2000    1300    1300    1100    1400    400     900     800     500     0       0       0       1100    400     1000    0       100     
398    2000 3700    2200    1900    900     1200    600     1100    300     500     300     800     100     0       100     500     400     300     400     0       
398    2001 4500    2400    2100    800     1500    800     1200    500     300     900     200     400     0       600     200     700     200     300     200     
398    2002 4600    3200    1400    1200    1500    500     1600    300     700     1500    0       0       0       300     200     900     700     0       0       
398    2003 2500    1100    900     400     400     300     1200    200     200     0       0       400     0       0       300     200     700     300     200     
398    2004 5400    3800    1300    1800    1300    400     2100    800     800     1000    100     200     100     0       300     600     900     600     0       
398    2005 -999999 -999999 -999999 -999999 -999999 -999999 -999999 -999999 -999999 -999999 -999999 -999999 -999999 -999999 -999999 -999999 -999999 -999999 -999999 
398    2006 4300    -999999 2400    -999999 400     1100    2100    400     0       100     300     0       0       100     1000    1000    600     500     300     
398    2007 -999999 2500    3700    1200    400     1800    3300    500     400     200     0       200     400     0       1400    1700    1600    0       -999999 
398    2008 -999999 -999999 3200    -999999 1900    1400    1600    0       100     1000    600     300     100     500     800     900     500     200     -999999 
