EUROPEAN CLIMATE ASSESSMENT & DATASET (ECA&D), file created on: 20-01-2022
THESE DATA CAN BE USED FOR NON-COMMERCIAL RESEARCH AND EDUCATION PROVIDED THAT THE FOLLOWING SOURCE IS ACKNOWLEDGED: 

Klein Tank, A.M.G. and Coauthors, 2002. Daily dataset of 20th-century surface
air temperature and precipitation series for the European Climate Assessment.
Int. J. of Climatol., 22, 1441-1453.
Data and metadata available at http://www.ecad.eu

FILE FORMAT (MISSING VALUE CODE = -999999):

THIS FILE HOLDS DATA FOR STATION FRANCE                                   BESANCON                                 (STAID:    747)
LATITUDE: dd:mm:ss +47:14:56
LONGITUDE: ddd:mm:ss +005:59:18
ELEVATION: m  307

DATA IS FOR INDEX Days with TN > 90th percentile of daily min temp (warm nights) (TN90p) with unit 0.01 No of days

01-06 SOUID: Source identifier
08-11 YEAR : YYYY
13-20 ANNUAL DATA VALUES
21-28 WINTER HALF YEAR DATA VALUES
29-36 SUMMER HALF YEAR DATA VALUES
37-44 WINTER (DJF) DATA VALUES
45-52 SPRING (MAM) DATA VALUES
53-60 SUMMER (JJA) DATA VALUES
61-68 AUTUMN (SON) DATA VALUES
69-76 JANUARY DATA VALUES
etc. 
157-164 DECEMBER DATA VALUES

747    1884 -999999 -999999 -999999 -999999 -999999 -999999 -999999 -999999 -999999 -999999 -999999 -999999 -999999 -999999 -999999 -999999 -999999 -999999 200     
747    1885 2000    -999999 500     700     600     0       700     0       500     300     200     100     0       0       0       200     0       500     200     
747    1886 3000    1100    2200    200     1300    900     700     0       0       400     600     300     100     100     700     400     200     100     100     
747    1887 1700    400     1500    100     400     700     400     0       0       0       300     100     100     500     100     400     0       0       200     
747    1888 1800    400     1100    400     500     400     700     200     0       0       200     300     400     0       0       200     100     400     0       
747    1889 1300    500     900     0       100     700     500     0       0       0       0       100     400     200     100     100     100     300     0       
747    1890 600     400     500     0       100     400     100     0       0       0       0       100     100     100     200     0       0       100     0       
747    1891 1500    300     500     0       400     300     300     0       0       200     0       200     100     100     100     0       300     0       500     
747    1892 2500    1000    1600    600     700     500     1200    0       100     100     200     400     0       100     400     500     300     400     0       
747    1893 2100    1100    1500    0       900     600     500     0       0       400     400     100     0       0       600     400     100     0       100     
747    1894 2700    700     1700    600     300     1100    800     200     300     0       300     0       200     500     400     300     300     200     0       
747    1895 4000    700     2300    200     600     900     2100    200     0       0       500     100     100     600     200     800     300     1000    200     
747    1896 1600    2600    500     400     1000    200     200     100     100     900     100     0       200     0       0       200     0       0       0       
747    1897 3500    1800    1500    700     1600    800     200     100     600     1100    200     300     500     100     200     200     0       0       200     
747    1898 3300    800     1600    800     300     1000    1200    400     200     0       300     0       200     0       800     300     400     500     200     
747    1899 4600    3000    1400    2000    300     700     1600    1100    700     100     100     100     200     100     400     500     500     600     200     
747    1900 3900    2200    2200    1100    300     1400    1000    600     300     0       100     200     400     1000    0       500     400     100     300     
747    1901 2600    1000    2100    400     700     1300    500     100     0       100     400     200     800     100     400     200     200     100     0       
747    1902 3200    1100    1900    500     1800    300     500     300     200     300     1400    100     100     200     0       100     200     200     100     
747    1903 3500    1900    1200    1300    700     300     1200    700     500     200     0       500     0       100     200     400     600     200     100     
747    1904 2900    1200    2100    400     1000    1100    400     200     100     0       500     500     300     400     400     0       200     200     100     
747    1905 2600    900     1900    100     900     1300    200     0       0       400     400     100     500     400     400     100     0       100     200     
747    1906 4500    1800    1700    1400    1000    900     1300    1000    200     300     200     500     300     100     500     100     600     600     100     
747    1907 1700    1300    1200    100     400     600     500     0       0       0       0       400     100     0       500     200     100     200     200     
747    1908 1700    600     1400    300     700     700     100     100     0       0       100     600     500     100     100     0       100     0       100     
747    1909 1500    400     800     300     500     300     200     200     0       0       300     200     200     0       100     0       200     0       300     
747    1910 2400    1100    900     900     700     100     700     300     300     0       400     300     100     0       0       100     300     300     300     
747    1911 3600    1000    2600    300     100     1800    1500    0       0       100     0       0       100     600     1100    800     300     400     200     
747    1912 2400    1900    700     700     1100    100     200     0       500     500     100     500     100     0       0       0       200     0       500     
747    1913 2400    1300    700     600     900     100     1300    100     0       500     200     200     0       0       100     200     300     800     0       
747    1914 2800    2000    1000    500     900     300     200     100     400     400     300     200     0       0       300     200     0       0       900     
747    1915 3800    1400    1900    1200    1100    1000    100     300     0       200     0       900     800     100     100     0       100     0       1300    
747    1916 2200    2100    500     1900    300     300     600     500     100     100     100     100     0       100     200     0       300     300     400     
747    1917 2300    1400    1600    800     800     600     500     400     0       0       0       800     600     0       0       200     200     100     0       
747    1918 2000    800     800     500     400     300     300     500     0       0       100     300     0       100     200     100     0       200     500     
747    1919 2500    1600    900     1100    400     400     500     200     400     300     100     0       200     0       200     400     0       100     600     
747    1920 2000    1400    800     1000    1000    100     200     400     0       300     100     600     0       100     0       0       100     100     300     
747    1921 3000    1300    1200    1000    500     600     1000    700     0       100     0       400     200     200     200     200     500     300     200     
747    1922 2700    2200    1300    800     1700    100     100     200     400     600     400     700     100     0       0       100     0       0       200     
747    1923 2300    500     1100    300     600     700     900     0       100     200     100     300     0       500     200     0       900     0       0       
747    1924 2600    1300    1300    200     1100    100     900     200     0       200     300     600     0       100     0       300     200     400     300     
747    1925 2000    1300    400     700     0       300     500     300     100     0       0       0       100     100     100     100     200     200     800     
747    1926 3400    2400    1400    1700    1000    100     1400    300     600     300     300     400     0       0       100     600     600     200     0       
747    1927 2000    1300    1000    400     600     400     300     100     300     100     100     400     400     0       0       100     100     100     300     
747    1928 3200    1200    1800    1000    100     1500    700     400     300     0       0       100     200     800     500     200     300     200     200     
747    1929 4600    700     2600    200     400     1100    2200    0       0       0       0       400     500     300     300     1100    400     700     900     
747    1930 3800    2400    2200    1300    500     1300    1600    400     0       0       500     0       700     100     500     400     300     900     0       
747    1931 1900    1300    1000    0       500     600     600     0       0       100     0       400     500     100     0       0       100     500     200     
747    1932 4800    1600    3100    900     400     1400    2100    700     0       100     100     200     0       300     1100    1400    200     500     200     
747    1933 3300    2200    1300    900     1200    500     900     200     500     600     300     300     0       200     300     200     600     100     0       
747    1934 3400    900     1700    200     900     600     500     200     0       0       600     300     300     300     0       200     200     100     1200    
747    1935 3200    2000    2100    1600    500     1300    700     100     300     100     300     100     800     300     200     400     100     200     300     
747    1936 3800    2700    1100    2000    600     600     600     1200    500     400     200     0       300     200     100     300     0       300     300     
747    1937 2500    1600    1200    1200    500     800     300     400     500     100     100     300     700     0       100     0       300     0       0       
747    1938 1600    600     900     300     0       400     900     300     0       0       0       0       200     0       200     500     0       400     0       
747    1939 3200    1500    900     900     800     0       1500    900     0       200     600     0       0       0       0       300     300     900     0       
747    1940 2600    1800    1300    300     500     700     1100    0       300     300     200     0       600     0       100     400     200     500     0       
747    1941 3900    1800    1400    600     600     1100    1300    300     300     500     100     0       400     500     200     200     500     600     300     
747    1942 4400    2000    2400    300     1400    1100    1600    0       0       600     300     500     400     0       700     500     700     400     300     
747    1943 3400    2300    2000    900     1100    600     1100    500     100     300     400     400     100     0       500     600     400     100     0       
747    1944 4400    1200    3100    700     1200    1700    800     500     200     0       700     500     0       200     1500    200     100     500     0       
747    1945 5400    1100    4100    300     2300    1600    800     0       300     200     1000    1100    800     400     400     400     400     0       400     
747    1946 3100    1600    1800    1000    900     1000    500     300     300     200     500     200     300     600     100     100     200     200     100     
747    1947 6100    1100    4500    200     2300    2300    1300    100     0       500     700     1100    1100    700     500     400     200     700     100     
747    1948 4800    2600    2500    1300    1400    1500    300     900     300     400     100     900     900     300     300     0       100     200     400     
747    1949 6500    1200    4100    900     1200    1300    2800    400     100     0       1100    100     300     100     900     1600    900     300     700     
747    1950 4700    2900    2900    1600    800     2000    900     500     400     100     0       700     600     700     700     200     500     200     100     
747    1951 3800    1700    2200    600     1300    800     1100    400     100     400     600     300     400     200     200     500     100     500     100     
747    1952 5400    1700    3700    300     2000    2400    700     200     0       800     1000    200     300     1200    900     100     300     300     100     
747    1953 3900    800     2200    100     1200    900     1300    0       0       100     200     900     0       300     600     200     800     300     500     
747    1954 3400    2200    1300    800     500     500     1700    300     0       300     200     0       300     200     0       600     300     800     400     
747    1955 4000    2300    1800    800     1100    900     800     400     0       400     300     400     300     100     500     200     0       600     800     
747    1956 2700    2200    1300    1300    1000    300     600     400     100     300     400     300     100     100     100     300     300     0       300     
747    1957 4600    2700    2000    1300    1300    1400    900     300     700     1100    200     0       700     600     100     400     300     200     0       
747    1958 4400    1700    2300    1200    600     1100    800     200     1000    0       0       600     100     400     600     600     100     100     700     
747    1959 4200    2200    2500    1200    1400    1600    400     500     0       800     300     300     400     800     400     300     0       100     300     
747    1960 4500    1800    1700    1200    1200    1000    1100    600     300     500     100     600     600     0       400     0       300     800     300     
747    1961 6200    2400    3400    700     2000    500     2400    100     300     600     1100    300     200     100     200     1500    400     500     900     
747    1962 2900    3000    1400    2000    600     700     500     1100    0       100     400     100     400     100     200     200     200     100     0       
747    1963 2500    500     1200    0       600     400     1500    0       0       200     200     200     100     200     100     400     0       1100    0       
747    1964 3400    1800    2100    500     700     1100    1000    0       500     200     100     400     300     600     200     500     0       500     100     
747    1965 2700    1500    1000    600     600     800     200     500     0       400     0       200     700     0       100     0       100     100     600     
747    1966 4900    2100    2000    1900    1000    600     1800    500     800     0       600     400     300     100     200     400     1400    0       200     
747    1967 4000    3200    1400    1300    900     700     1100    400     700     500     100     300     300     200     200     300     800     0       200     
747    1968 2900    1600    1200    700     600     700     1000    100     400     100     300     200     100     600     0       0       700     300     100     
747    1969 2900    1700    1600    200     1300    700     800     100     0       500     400     400     0       600     100     100     100     600     0       
747    1970 3400    1000    2000    300     300     1300    1100    100     200     0       300     0       500     100     700     400     200     500     400     
747    1971 2200    1200    1600    500     1100    500     100     100     0       0       400     700     0       200     300     0       0       100     400     
747    1972 2100    1200    900     1100    500     400     300     400     300     0       300     200     100     0       300     0       0       300     200     
747    1973 3100    500     2800    200     800     1600    600     0       0       0       100     700     500     200     900     400     0       200     100     
747    1974 4100    2400    1100    1400    900     700     400     900     400     800     0       100     0       100     600     300     0       100     800     
747    1975 3000    1800    1800    1300    1100    700     700     500     0       400     500     200     200     100     400     400     0       300     0       
747    1976 4100    1200    2600    800     800     1700    700     700     100     100     100     600     700     1000    0       200     200     300     100     
747    1977 4400    3100    400     1900    1100    0       1100    500     1300    700     200     200     0       0       0       0       600     500     400     
747    1978 2200    2200    500     800     400     400     100     0       400     300     0       100     400     0       0       0       0       100     900     
747    1979 3600    2300    1600    1500    1300    1000    300     0       600     700     100     500     600     300     100     0       100     200     400     
747    1980 2000    1700    700     1100    500     400     200     100     600     300     200     0       100     0       300     100     0       100     200     
747    1981 4500    1700    2200    200     2400    700     1300    0       0       1400    900     100     400     0       300     500     400     400     100     
747    1982 4000    1400    2700    400     900     1700    800     200     100     200     100     600     800     700     200     300     0       500     300     
747    1983 6800    2000    4100    1100    700     3200    1600    700     100     400     300     0       700     1700    800     600     600     400     500     
747    1984 1900    1800    900     800     100     700     800     200     100     0       100     0       300     300     100     100     300     400     0       
747    1985 3700    1300    2000    400     800     1200    700     0       400     200     200     400     400     700     100     200     300     200     600     
747    1986 4800    1500    3300    1000    1000    1800    1400    400     0       0       100     900     1000    400     400     500     500     400     200     
747    1987 4800    1600    3200    400     1200    1500    1600    100     100     300     800     100     200     800     500     800     600     200     300     
747    1988 5200    2400    2600    1400    1800    700     1200    900     200     200     500     1100    0       200     500     300     600     300     400     
747    1989 5100    2700    2200    1200    1200    1500    700     300     500     600     200     400     300     500     700     100     400     200     900     
747    1990 5500    3300    2400    2300    1200    1500    1200    400     1000    400     0       800     100     400     1000    100     700     400     200     
747    1991 4800    3100    2500    1100    900     2000    800     900     0       900     0       0       400     800     800     500     100     200     200     
747    1992 5200    1500    3100    800     1500    1900    600     300     300     400     400     700     400     400     1100    100     0       500     600     
747    1993 4400    2600    2300    1700    1200    1100    500     1100    0       400     200     600     500     300     300     400     100     0       500     
747    1994 9000    2800    4600    1500    1700    3500    1900    700     300     1200    100     400     800     1500    1200    600     400     900     900     
747    1995 6400    4000    2700    2600    600     2200    1500    400     1300    100     200     300     300     1200    700     0       800     700     400     
747    1996 2900    2700    1600    900     1000    900     400     400     100     300     500     200     600     200     100     0       100     300     100     
747    1997 6200    2000    2800    800     1600    1700    1300    100     600     800     100     700     500     0       1200    300     400     600     900     
747    1998 5200    3500    3000    2200    1400    1400    800     1000    300     300     500     600     600     200     600     500     200     100     300     
747    1999 6200    2200    4300    1400    2200    1900    1000    800     300     500     500     1200    200     600     1100    700     200     100     0       
747    2000 6300    1700    3500    1100    1800    1600    1100    500     600     300     500     1000    1000    100     500     400     100     600     700     
747    2001 8100    4200    3100    2200    2900    1500    1500    900     600     1300    400     1200    100     300     1100    0       1300    200     700     
747    2002 7000    4500    2500    2400    800     2000    1500    600     1100    600     0       200     1200    0       800     300     200     1000    1000    
747    2003 9100    3200    7000    1500    1900    5600    700     500     0       500     400     1000    2500    900     2200    0       200     500     400     
747    2004 5200    2100    2800    1100    800     1700    1600    600     100     300     400     100     500     300     900     600     600     400     400     
747    2005 6500    2700    4200    900     2300    2000    1600    400     100     800     600     900     1400    400     200     700     500     400     100     
747    2006 8600    1800    5000    400     1800    2700    3200    100     200     500     600     700     900     1800    0       1000    1100    1100    600     
747    2007 7600    5800    3400    2900    2900    1200    700     1600    700     700     1100    1100    900     100     200     0       400     300     500     
747    2008 5200    3100    2300    2000    1200    1400    1000    1000    500     400     100     700     800     200     400     100     700     200     100     
747    2009 6300    1200    3900    200     1300    2400    2000    100     0       100     100     1100    500     800     1100    300     700     1000    500     
747    2010 5100    3200    2900    900     1100    2400    800     0       400     600     200     300     700     1200    500     0       200     600     400     
747    2011 6400    2500    3300    1300    1600    1400    1700    800     100     400     600     600     400     0       1000    700     400     600     800     
747    2012 7600    3300    3600    1900    1800    2000    1700    1000    100     400     700     700     700     400     900     200     800     700     1000    
747    2013 6500    3200    3600    1500    900     2200    2400    500     0       200     600     100     300     1100    800     700     1300    400     500     
747    2014 6600    3600    2600    1700    1300    1100    2400    800     400     200     800     300     600     100     400     400     1100    900     600     
747    2015 8300    3600    5200    1100    1500    4000    1500    500     0       500     400     600     1000    1600    1400    200     300     1000    800     
747    2016 6800    4000    3800    2600    1600    1500    1800    1200    600     100     900     600     600     400     500     800     200     800     100     
747    2017 7400    2600    5100    900     1900    3600    900     200     600     700     300     900     1600    800     1200    300     200     400     200     
747    2018 10300   3000    5900    2000    2600    3300    1500    1700    100     400     1300    900     1100    900     1300    400     400     700     1100    
747    2019 7600    3400    3700    1400    1100    2900    2500    200     100     900     200     0       1000    1000    900     600     1100    800     800     
747    2020 8100    5000    4000    2800    1300    2400    1800    600     1400    300     700     300     400     600     1400    600     500     700     600     
747    2021 5100    3400    2400    2000    400     1700    1000    600     800     200     100     100     1100    100     500     500     300     200     600     
