EUROPEAN CLIMATE ASSESSMENT & DATASET (ECA&D), file created on: 20-01-2022
THESE DATA CAN BE USED FOR NON-COMMERCIAL RESEARCH AND EDUCATION PROVIDED THAT THE FOLLOWING SOURCE IS ACKNOWLEDGED: 

Klein Tank, A.M.G. and Coauthors, 2002. Daily dataset of 20th-century surface
air temperature and precipitation series for the European Climate Assessment.
Int. J. of Climatol., 22, 1441-1453.
Data and metadata available at http://www.ecad.eu

FILE FORMAT (MISSING VALUE CODE = -999999):

THIS FILE HOLDS DATA FOR STATION GERMANY                                  PFULLENDORF                              (STAID:   4519)
LATITUDE: dd:mm:ss +47:56:07
LONGITUDE: ddd:mm:ss +009:17:16
ELEVATION: m  630

DATA IS FOR INDEX Days with TN > 90th percentile of daily min temp (warm nights) (TN90p) with unit 0.01 No of days

01-06 SOUID: Source identifier
08-11 YEAR : YYYY
13-20 ANNUAL DATA VALUES
21-28 WINTER HALF YEAR DATA VALUES
29-36 SUMMER HALF YEAR DATA VALUES
37-44 WINTER (DJF) DATA VALUES
45-52 SPRING (MAM) DATA VALUES
53-60 SUMMER (JJA) DATA VALUES
61-68 AUTUMN (SON) DATA VALUES
69-76 JANUARY DATA VALUES
etc. 
157-164 DECEMBER DATA VALUES

4519   1958 3200    -999999 1800    -999999 800     700     500     100     700     0       0       800     0       500     200     300     200     0       400     
4519   1959 3100    1600    1900    800     1200    1200    100     400     0       600     400     200     300     600     300     100     0       0       200     
4519   1960 3100    900     1600    600     1000    900     600     200     200     300     300     400     300     0       600     0       100     500     200     
4519   1961 6100    2100    3400    1000    2100    800     1500    100     700     500     1200    400     200     200     400     1000    400     100     900     
4519   1962 3300    2400    2300    1800    1000    1000    400     900     0       100     600     300     700     100     200     400     0       0       0       
4519   1963 1600    0       1000    0       400     300     900     0       0       0       100     300     100     200     0       300     100     500     0       
4519   1964 4000    700     2900    100     800     1500    1600    0       100     0       400     400     400     800     300     600     0       1000    0       
4519   1965 2100    1400    1300    200     600     900     100     200     0       200     100     300     800     0       100     0       0       100     300     
4519   1966 4600    2000    1300    1900    200     800     1900    400     1200    0       0       200     500     100     200     300     1600    0       100     
4519   1967 5000    3400    2000    1500    900     900     1600    400     1000    300     200     400     300     400     200     500     1100    0       200     
4519   1968 3800    2200    1500    900     1000    700     1200    400     300     200     500     300     300     300     100     0       800     400     200     
4519   1969 3000    1800    2100    300     1400    1000    500     100     0       300     500     600     100     800     100     0       100     400     0       
4519   1970 3100    600     2200    100     600     1300    900     0       100     0       600     0       400     400     500     300     0       600     200     
4519   1971 3500    1300    2300    700     900     1400    600     500     0       0       300     600     0       600     800     0       200     400     100     
4519   1972 2400    1000    1800    300     1000    800     300     200     0       100     600     300     100     200     500     100     0       200     100     
4519   1973 3200    400     3000    100     1100    1300    800     0       0       100     200     800     400     400     500     700     0       100     0       
4519   1974 5700    2700    2000    1100    1900    1100    600     600     500     1500    300     100     0       200     900     500     0       100     1000    
4519   1975 3600    2500    2000    1900    1000    600     1100    800     100     500     300     200     100     300     200     900     0       200     0       
4519   1976 4900    1500    2800    1200    1100    1600    1000    1100    100     100     400     600     700     800     100     200     600     200     0       
4519   1977 5100    3200    800     1400    1200    300     1900    200     1200    1000    100     100     200     100     0       300     700     900     300     
4519   1978 2100    2400    1000    600     300     800     100     0       300     200     100     0       500     0       300     100     0       0       600     
4519   1979 4400    1600    1600    800     1300    1000    900     0       200     800     0       500     600     100     300     100     400     400     1000    
4519   1980 3100    2600    1400    1600    400     1000    800     100     500     200     100     100     100     100     800     200     100     500     300     
4519   1981 5900    2400    2900    400     2400    1600    1800    0       100     1400    800     200     900     100     600     300     600     900     0       
4519   1982 4500    2000    2700    400     700     1800    1100    400     0       100     100     500     600     500     700     300     300     500     500     
4519   1983 6600    3100    3400    1600    1400    2400    1100    1000    100     700     600     100     600     1100    700     300     500     300     600     
4519   1984 1900    1700    1100    900     100     800     700     200     100     0       0       100     100     500     200     200     100     400     0       
4519   1985 1800    1000    500     500     0       300     400     100     400     0       0       0       200     100     0       200     100     100     600     
4519   1986 2900    1300    1800    1100    1000    500     600     500     0       0       400     600     500     0       0       300     200     100     300     
4519   1987 3600    1100    2100    600     500     1200    1200    200     100     200     300     0       100     700     400     600     200     400     400     
4519   1988 3500    2200    1100    1400    800     400     700     800     200     200     0       600     100     100     200     100     400     200     600     
4519   1989 4100    3000    1000    1900    600     800     500     500     800     500     0       100     0       500     300     100     300     100     900     
4519   1990 3800    2700    1000    2000    900     400     1200    400     700     300     0       600     0       300     100     0       500     700     200     
4519   1991 3400    2700    1500    1200    300     1000    900     1000    0       300     0       0       200     700     100     500     200     200     200     
4519   1992 3400    1500    1600    700     800     1100    600     400     100     400     300     100     300     200     600     100     0       500     400     
4519   1993 3700    2400    1200    1700    800     500     300     1300    0       200     300     300     400     100     0       100     0       200     800     
4519   1994 6500    3500    1900    2000    1600    1300    1700    1200    0       1300    0       300     300     700     300     300     100     1300    700     
4519   1995 4700    3200    2200    1700    1100    1200    1200    400     600     100     600     400     0       300     900     0       1000    200     200     
4519   1996 1900    1700    1000    300     800     400     500     100     0       200     300     300     100     200     100     0       300     200     100     
4519   1997 3000    2000    700     800     1000    200     600     100     600     700     300     0       0       0       200     200     400     0       500     
4519   1998 3200    2300    1000    1700    500     700     500     800     400     200     0       300     400     200     100     0       300     200     300     
4519   1999 3400    1800    1800    1200    1100    600     600     700     200     100     300     700     200     100     300     200     300     100     200     
4519   2000 4900    2200    1500    1400    1000    800     1200    600     600     400     200     400     400     100     300     100     900     200     700     
4519   2001 3800    3600    800     1600    1200    500     600     400     500     900     0       300     0       0       500     0       600     0       600     
4519   2002 -999999 3100    -999999 2100    -999999 -999999 -999999 600     900     400     -999999 -999999 -999999 -999999 -999999 -999999 -999999 -999999 -999999 
4519   2003 -999999 -999999 -999999 -999999 -999999 -999999 -999999 -999999 -999999 -999999 -999999 -999999 -999999 -999999 -999999 -999999 -999999 -999999 -999999 
4519   2004 -999999 -999999 -999999 -999999 -999999 -999999 1300    -999999 -999999 -999999 -999999 -999999 -999999 0       200     200     500     600     200     
4519   2005 3000    2500    1500    800     1200    600     600     400     200     600     300     300     400     100     100     300     300     0       0       
4519   2006 4600    700     2400    200     900     1100    1900    0       200     200     500     200     600     500     0       600     1000    300     500     
4519   2007 4600    4200    1600    2500    1500    500     200     1600    400     400     200     900     200     300     0       0       200     0       400     
4519   2008 2700    1500    1000    900     900     300     800     200     300     400     0       500     300     0       0       200     400     200     200     
4519   2009 3400    800     1900    200     900     500     1700    0       0       0       100     800     100     200     200     500     600     600     300     
4519   2010 2300    1600    1500    400     400     1100    700     100     0       0       100     300     300     400     400     0       200     500     0       
4519   2011 3100    2100    1200    1100    500     700     500     800     300     300     200     0       0       0       700     300     0       200     300     
4519   2012 5000    1700    2000    1300    1000    1100    1000    1000    0       200     300     500     400     200     500     100     0       900     900     
4519   2013 3900    2600    1800    1600    1100    500     1600    600     100     100     600     400     300     200     0       300     900     400     0       
4519   2014 4400    2500    1100    1100    800     300     1500    800     300     100     400     300     300     0       0       100     800     600     700     
4519   2015 4500    2800    2300    1300    800     1600    1100    600     0       100     200     500     400     500     700     0       200     900     400     
4519   2016 4300    3000    1600    1800    600     1000    1100    900     500     100     200     300     500     200     300     100     200     800     200     
4519   2017 3700    2500    2000    900     1200    1400    200     200     500     600     200     400     500     400     500     0       100     100     200     
4519   2018 5500    2200    2100    1900    1200    800     700     1700    0       100     400     700     300     100     400     200     100     400     1100    
4519   2019 4200    2600    1500    1600    600     1200    1400    400     100     500     100     0       400     300     500     200     700     500     500     
4519   2020 3300    3400    700     1900    600     400     600     300     1100    300     100     200     0       100     300     0       300     300     300     
4519   2021 2700    1700    900     1000    200     700     400     300     400     100     100     0       400     0       300     100     200     100     700     
