EUROPEAN CLIMATE ASSESSMENT & DATASET (ECA&D), file created on: 20-01-2022
THESE DATA CAN BE USED FOR NON-COMMERCIAL RESEARCH AND EDUCATION PROVIDED THAT THE FOLLOWING SOURCE IS ACKNOWLEDGED: 

Klein Tank, A.M.G. and Coauthors, 2002. Daily dataset of 20th-century surface
air temperature and precipitation series for the European Climate Assessment.
Int. J. of Climatol., 22, 1441-1453.
Data and metadata available at http://www.ecad.eu

FILE FORMAT (MISSING VALUE CODE = -999999):

THIS FILE HOLDS DATA FOR STATION SWEDEN                                   AKERS_STYCKEBRUK                         (STAID:   5451)
LATITUDE: dd:mm:ss +59:15:00
LONGITUDE: ddd:mm:ss +017:05:24
ELEVATION: m   20

DATA IS FOR INDEX Days with TN > 90th percentile of daily min temp (warm nights) (TN90p) with unit 0.01 No of days

01-06 SOUID: Source identifier
08-11 YEAR : YYYY
13-20 ANNUAL DATA VALUES
21-28 WINTER HALF YEAR DATA VALUES
29-36 SUMMER HALF YEAR DATA VALUES
37-44 WINTER (DJF) DATA VALUES
45-52 SPRING (MAM) DATA VALUES
53-60 SUMMER (JJA) DATA VALUES
61-68 AUTUMN (SON) DATA VALUES
69-76 JANUARY DATA VALUES
etc. 
157-164 DECEMBER DATA VALUES

5451   1961 5900    -999999 1800    -999999 1500    900     2300    100     1000    1100    100     300     800     100     0       500     1300    500     100     
5451   1962 1800    2600    700     800     500     100     500     500     200     0       500     0       0       100     0       100     300     100     0       
5451   1963 3100    400     2600    0       700     1200    800     0       0       0       200     500     0       600     600     700     0       100     400     
5451   1964 3600    800     2400    700     1200    900     600     300     0       0       900     300     300     300     300     300     100     200     600     
5451   1965 3900    1900    2400    1200    500     1300    1400    600     0       400     0       100     700     100     500     1000    400     0       100     
5451   1966 2100    600     1500    200     500     900     500     100     0       0       200     300     500     200     200     100     400     0       100     
5451   1967 4900    2300    2200    800     2000    900     1200    200     500     1100    700     200     200     300     400     400     400     400     100     
5451   1968 4400    2000    3100    300     1900    1300    1000    100     100     900     900     100     600     200     500     800     0       200     0       
5451   1969 2300    300     1800    100     300     1100    800     100     0       0       300     0       0       900     200     400     300     100     0       
5451   1970 2100    400     1100    0       200     400     1100    0       0       0       0       200     200     100     100     500     200     400     400     
5451   1971 4300    2300    1900    1700    900     900     600     700     600     0       300     600     100     600     200     100     200     300     600     
5451   1972 5400    1300    3100    700     800     2200    600     0       100     100     400     300     700     1100    400     200     100     300     1700    
5451   1973 4300    3900    2100    3000    1300    1300    0       500     800     500     100     700     700     500     100     0       0       0       400     
5451   1974 3500    1700    900     1700    200     400     700     600     700     0       200     0       0       100     300     300     0       400     900     
5451   1975 6200    2900    3000    2100    1200    1700    1600    1100    100     400     200     600     300     300     1100    500     600     500     500     
5451   1976 2800    2400    1700    900     1200    900     200     100     300     400     500     300     500     400     0       0       0       200     100     
5451   1977 3000    900     1100    100     1100    500     1200    0       0       600     0       500     100     200     200     100     600     500     200     
5451   1978 2900    1900    1400    400     800     1000    900     100     100     400     100     300     400     200     400     0       100     800     0       
5451   1979 2800    1200    1600    0       1100    600     600     0       0       300     0       800     600     0       0       200     300     100     500     
5451   1980 2200    1000    1300    600     100     700     900     0       100     0       0       100     600     0       100     500     100     300     400     
5451   1981 2600    1200    1900    600     600     1100    700     100     100     200     200     200     400     500     200     400     300     0       0       
5451   1982 6100    600     3900    0       1400    2200    2200    0       0       300     700     400     400     700     1100    600     300     1300    300     
5451   1983 4800    3400    2500    1400    1500    800     1300    1100    0       400     700     400     200     300     300     600     300     400     100     
5451   1984 3900    1100    1900    400     1300    500     1000    300     0       0       400     900     0       200     300     100     600     300     800     
5451   1985 1500    1800    800     800     200     700     200     0       0       100     100     0       0       100     600     0       200     0       400     
5451   1986 2700    700     900     500     500     300     1300    100     0       0       200     300     100     200     0       100     200     1000    500     
5451   1987 1300    1900    500     600     300     300     400     0       100     100     0       200     0       100     200     0       300     100     200     
5451   1988 4200    2000    2600    1600    800     1500    400     700     700     0       500     300     400     800     300     300     100     0       100     
5451   1989 6800    4000    1900    3000    1700    900     1000    1600    1300    900     800     0       300     300     300     200     700     100     300     
5451   1990 6900    4800    2200    2900    2200    900     800     800     1800    1100    700     400     100     100     700     200     300     300     400     
5451   1991 4300    2300    1500    1100    1200    700     1100    300     400     600     500     100     0       200     500     200     300     600     600     
5451   1992 -999999 -999999 -999999 -999999 -999999 -999999 -999999 600     -999999 -999999 -999999 -999999 -999999 -999999 -999999 -999999 0       0       700     
5451   1993 2800    2200    1000    1600    1500    100     200     600     300     600     400     500     0       100     0       0       200     0       100     
5451   1994 4400    1200    2100    700     700     1600    500     600     0       300     400     0       100     1000    500     100     0       400     1000    
5451   1995 -999999 -999999 -999999 2100    -999999 -999999 -999999 200     900     -999999 -999999 -999999 -999999 -999999 -999999 -999999 -999999 -999999 -999999 
