EUROPEAN CLIMATE ASSESSMENT & DATASET (ECA&D), file created on: 20-01-2022
THESE DATA CAN BE USED FOR NON-COMMERCIAL RESEARCH AND EDUCATION PROVIDED THAT THE FOLLOWING SOURCE IS ACKNOWLEDGED: 

Klein Tank, A.M.G. and Coauthors, 2002. Daily dataset of 20th-century surface
air temperature and precipitation series for the European Climate Assessment.
Int. J. of Climatol., 22, 1441-1453.
Data and metadata available at http://www.ecad.eu

FILE FORMAT (MISSING VALUE CODE = -999999):

THIS FILE HOLDS DATA FOR STATION UNITED KINGDOM                           NEWTOWN LINFORD                          (STAID:   1852)
LATITUDE: dd:mm:ss +52:40:48
LONGITUDE: ddd:mm:ss -001:12:57
ELEVATION: m  119

DATA IS FOR INDEX Days with TN > 90th percentile of daily min temp (warm nights) (TN90p) with unit 0.01 No of days

01-06 SOUID: Source identifier
08-11 YEAR : YYYY
13-20 ANNUAL DATA VALUES
21-28 WINTER HALF YEAR DATA VALUES
29-36 SUMMER HALF YEAR DATA VALUES
37-44 WINTER (DJF) DATA VALUES
45-52 SPRING (MAM) DATA VALUES
53-60 SUMMER (JJA) DATA VALUES
61-68 AUTUMN (SON) DATA VALUES
69-76 JANUARY DATA VALUES
etc. 
157-164 DECEMBER DATA VALUES

1852   1960 3800    -999999 2400    -999999 2000    700     200     500     300     300     700     1000    700     0       0       0       0       200     100     
1852   1961 3700    1600    2100    900     1600    400     700     0       800     500     900     200     100     100     200     600     100     -999999 200     
1852   1962 1300    -999999 700     600     200     300     400     300     100     0       0       200     200     0       100     200     100     100     0       
1852   1963 2100    700     1000    0       800     500     800     0       0       500     300     0       400     100     0       200     100     500     0       
1852   1964 3400    1400    2000    500     1400    800     500     0       500     300     400     700     300     200     300     100     0       400     200     
1852   1965 2700    1300    1600    500     1200    600     500     300     0       400     400     400     600     0       0       200     200     100     100     
1852   1966 2800    1800    1200    1300    700     400     500     300     900     200     400     100     300     100     0       300     200     0       0       
1852   1967 4400    1800    1800    1000    800     1300    800     700     300     600     100     100     400     500     400     300     400     100     500     
1852   1968 3900    2200    1400    1100    900     900     1500    600     0       600     300     0       400     400     100     200     1000    300     0       
1852   1969 3900    -999999 2400    600     900     1400    1000    600     0       0       300     600     200     400     800     100     900     0       0       
1852   1970 4600    1200    3200    200     1200    1500    1600    100     100     100     500     600     500     200     800     600     500     500     100     
1852   1971 3300    1500    1600    400     500     1000    900     300     0       100     100     300     0       700     300     200     400     300     600     
1852   1972 1900    -999999 700     800     700     100     500     100     100     100     400     200     100     0       0       0       100     400     400     
1852   1973 3700    1900    2100    1200    800     900     700     500     300     200     100     500     300     300     300     600     0       100     500     
1852   1974 2400    1400    700     1300    200     400     100     200     600     0       0       200     200     0       200     100     0       0       900     
1852   1975 4000    1800    2700    1800    700     1800    300     800     100     0       600     100     200     600     1000    200     100     0       300     
1852   1976 4400    2300    2500    2000    800     1600    300     1200    500     200     300     300     700     800     100     300     0       0       0       
1852   1977 2900    600     1100    100     800     500     1000    0       100     500     300     0       0       100     400     300     600     100     500     
1852   1978 3300    2300    700     1100    600     300     1500    100     500     500     0       100     100     200     0       300     600     600     300     
1852   1979 3100    -999999 1600    -999999 800     500     1100    0       0       100     200     500     200     100     200     400     300     400     700     
1852   1980 3500    2000    1700    1300    500     800     1100    0       600     0       300     200     400     100     300     400     100     600     500     
1852   1981 3800    -999999 1900    900     2100    600     700     300     100     1200    300     600     200     300     100     400     0       300     0       
1852   1982 5800    -999999 3200    900     1100    2100    1600    400     500     300     300     500     1100    300     700     300     300     1000    100     
1852   1983 5400    2500    2900    900     500     2300    1700    800     0       300     0       200     400     1300    600     400     400     900     100     
1852   1984 4300    -999999 2300    400     300     1600    1700    200     100     0       200     100     600     300     700     400     400     900     400     
1852   1985 3400    1900    1900    600     900     500     1000    0       200     0       600     300     0       500     0       500     500     0       800     
1852   1986 2500    1400    1300    800     600     800     600     0       0       100     0       500     300     400     100     0       300     300     500     
1852   1987 4400    1400    2600    700     1000    1300    1000    0       200     100     700     200     200     400     700     400     400     200     900     
1852   1988 5400    2800    1900    1900    1100    900     1300    600     400     300     400     400     300     400     200     200     1000    100     1100    
1852   1989 4700    3700    2700    1900    1500    1400    900     500     300     700     100     700     300     800     300     500     300     100     100     
1852   1990 6600    3500    2000    1900    1900    1200    1600    700     1100    1200    300     400     200     200     800     100     900     600     100     
1852   1991 4700    2800    3000    200     2400    1200    900     0       100     1100    600     700     100     600     500     500     100     300     100     
1852   1992 5000    2100    2900    1200    2000    1200    500     500     600     500     500     1000    500     400     300     200     0       300     200     
1852   1993 4500    2100    2600    -999999 1900    1000    500     500     400     700     800     400     400     400     200     400     0       100     200     
1852   1994 5100    1500    2100    600     1400    1500    1600    200     200     800     500     100     400     700     400     0       200     1400    200     
1852   1995 5400    -999999 2900    900     1000    1900    1800    200     500     200     600     200     100     800     1000    200     900     700     0       
1852   1996 2900    2400    1600    -999999 900     500     700     600     200     0       400     500     0       200     300     200     200     300     0       
1852   1997 5700    2200    2800    800     1700    1700    1200    0       800     900     500     300     500     0       1200    300     200     700     300     
1852   1998 6500    3700    3400    1900    2300    800     1500    600     1000    900     600     800     500     100     200     1200    100     200     300     
1852   1999 5900    2300    3400    1000    2600    1200    1300    400     300     1000    900     700     200     500     500     600     300     400     100     
1852   2000 4800    2300    2300    800     1700    1000    600     200     500     800     600     300     500     100     400     400     0       200     800     
1852   2001 4200    1500    2400    1100    1000    1400    1500    100     200     200     200     600     200     700     500     200     1100    200     0       
1852   2002 5300    -999999 3000    1400    1700    1300    500     700     700     300     600     800     500     300     500     300     0       200     400     
