EUROPEAN CLIMATE ASSESSMENT & DATASET (ECA&D), file created on: 20-01-2022
THESE DATA CAN BE USED FOR NON-COMMERCIAL RESEARCH AND EDUCATION PROVIDED THAT THE FOLLOWING SOURCE IS ACKNOWLEDGED: 

Klein Tank, A.M.G. and Coauthors, 2002. Daily dataset of 20th-century surface
air temperature and precipitation series for the European Climate Assessment.
Int. J. of Climatol., 22, 1441-1453.
Data and metadata available at http://www.ecad.eu

FILE FORMAT (MISSING VALUE CODE = -999999):

THIS FILE HOLDS DATA FOR STATION FRANCE                                   LUS L CROIX HTE                          (STAID:  21112)
LATITUDE: dd:mm:ss +44:40:22
LONGITUDE: ddd:mm:ss +005:42:38
ELEVATION: m 1059

DATA IS FOR INDEX Days with TN > 90th percentile of daily min temp (warm nights) (TN90p) with unit 0.01 No of days

01-06 SOUID: Source identifier
08-11 YEAR : YYYY
13-20 ANNUAL DATA VALUES
21-28 WINTER HALF YEAR DATA VALUES
29-36 SUMMER HALF YEAR DATA VALUES
37-44 WINTER (DJF) DATA VALUES
45-52 SPRING (MAM) DATA VALUES
53-60 SUMMER (JJA) DATA VALUES
61-68 AUTUMN (SON) DATA VALUES
69-76 JANUARY DATA VALUES
etc. 
157-164 DECEMBER DATA VALUES

21112  1950 4600    -999999 3000    -999999 1100    2000    1000    300     200     300     100     700     200     900     900     200     400     400     0       
21112  1951 4000    1400    2500    400     900     1100    1600    300     100     200     400     300     200     400     500     700     100     800     0       
21112  1952 4000    1900    2400    0       1900    1300    700     0       0       1000    500     400     500     400     400     200     400     100     100     
21112  1953 4100    600     2600    100     1000    1200    1200    0       0       0       400     600     300     600     300     400     500     300     700     
21112  1954 3000    2200    1300    1000    1000    400     1000    200     100     400     400     200     300     0       100     300     200     500     300     
21112  1955 3700    2300    1200    1500    500     700     700     1100    100     100     300     100     500     100     100     100     0       600     600     
21112  1956 3200    2200    1800    1100    1200    400     1000    500     0       500     300     400     0       100     300     700     200     100     100     
21112  1957 3200    1900    1000    1000    800     500     700     200     700     600     200     0       0       100     400     300     100     300     300     
21112  1958 3400    1500    1900    1000    1000    300     900     100     600     100     0       900     100     100     100     700     0       200     500     
21112  1959 3900    2000    2000    900     1500    800     1000    400     0       900     200     400     300     400     100     600     0       400     200     
21112  1960 3400    1800    1500    1100    1300    500     600     600     300     300     200     800     100     100     300     0       300     300     100     
21112  1961 3900    1200    1900    400     1200    500     900     0       300     200     800     200     300     0       200     400     200     300     1000    
21112  1962 2400    2400    1300    1700    500     800     400     600     100     200     100     200     300     200     300     200     0       200     0       
21112  1963 2900    500     1700    300     500     800     1100    300     0       0       400     100     400     100     300     400     0       700     200     
21112  1964 4400    2100    2500    1200    1300    1000    1000    300     700     200     600     500     600     100     300     400     100     500     100     
21112  1965 2600    1400    1200    200     900     500     800     100     0       600     0       300     300     100     100     400     200     200     300     
21112  1966 4400    1800    1900    1400    1200    500     1600    300     800     0       800     400     300     100     100     200     1100    300     0       
21112  1967 4000    3200    1400    900     1400    800     700     500     400     900     100     400     100     400     300     100     400     200     200     
21112  1968 2500    1100    1500    400     900     600     600     0       200     100     300     500     100     300     200     100     200     300     200     
21112  1969 3700    1700    2000    500     1700    800     900     100     200     700     700     300     100     300     400     200     300     400     0       
21112  1970 3300    1300    1700    600     200     900     1500    500     100     0       100     100     500     100     300     600     400     500     100     
21112  1971 2500    1500    1600    500     800     900     200     400     0       100     300     400     100     100     700     0       0       200     200     
21112  1972 3600    1500    1200    1300    400     800     600     600     500     0       200     200     200     400     200     0       300     300     700     
21112  1973 3300    1300    2300    700     700     1300    800     0       0       0       0       700     500     500     300     300     0       500     500     
21112  1974 4800    2900    1800    1400    1900    800     500     500     400     1000    400     500     100     200     500     100     0       400     700     
21112  1975 2700    2400    1300    1800    400     500     700     800     300     200     200     0       300     100     100     600     0       100     0       
21112  1976 4000    700     2700    400     1000    1300    1000    300     100     200     400     400     400     600     300     600     400     0       300     
21112  1977 -999999 3300    -999999 1800    1700    -999999 1500    600     900     1100    500     100     300     -999999 0       500     900     100     400     
21112  1978 1900    2200    700     700     500     300     400     0       300     500     0       0       200     0       100     400     0       0       400     
21112  1979 3700    1900    1500    1400    1400    600     600     400     600     500     100     800     300     300     0       0       400     200     100     
21112  1980 2200    1100    1500    500     100     1000    700     100     300     0       100     0       300     0       700     400     200     100     0       
21112  1981 3500    800     2300    0       1500    700     1200    0       0       500     400     600     500     200     0       600     500     100     100     
21112  1982 5200    1700    3100    1000    600     2100    1200    700     200     100     0       500     700     1000    400     500     0       700     400     
21112  1983 5800    2200    4100    1200    1100    2600    1200    800     0       300     400     400     700     1000    900     700     100     400     100     
21112  1984 2500    700     1100    200     200     800     1200    100     0       0       100     100     400     400     0       100     300     800     200     
21112  1985 -999999 -999999 1400    1100    -999999 700     600     200     700     -999999 400     200     200     300     200     100     500     0       800     
21112  1986 3300    1800    2000    1000    1000    900     1100    200     0       300     200     500     400     400     100     400     400     300     100     
21112  1987 4700    1300    1500    400     600     700     1800    100     200     200     400     0       0       300     400     400     1100    300     1300    
21112  1988 6100    4400    2800    2700    1500    1300    1500    1400    0       300     200     1000    300     200     800     300     700     500     400     
21112  1989 5200    2600    2500    1200    800     1600    1300    400     400     200     300     300     100     800     700     300     400     600     700     
21112  1990 5000    3500    2200    1500    1500    1500    1200    0       800     1000    100     400     300     700     500     200     700     300     0       
21112  1991 4800    2200    3200    100     1300    2000    1300    100     0       1100    100     100     300     900     800     1000    200     100     100     
21112  1992 4300    1600    2300    300     1700    1200    800     200     0       1000    200     500     200     300     700     400     0       400     400     
21112  1993 4300    1700    2600    900     1300    1200    900     400     100     400     500     400     400     100     700     500     400     0       400     
21112  1994 9000    3100    4600    1200    2400    3100    1800    400     400     1500    100     800     700     900     1500    600     300     900     900     
21112  1995 -999999 2800    -999999 1500    400     -999999 1400    100     500     100     200     100     200     -999999 700     200     600     600     700     
21112  1996 4900    3400    2200    2000    1200    1200    400     1200    100     200     700     300     600     400     200     0       200     200     800     
21112  1997 6400    3500    2700    1900    1900    1400    1500    600     500     1200    100     600     700     200     500     600     600     300     500     
21112  1998 -999999 2700    -999999 1400    -999999 2400    600     600     300     400     -999999 100     800     600     1000    500     0       100     500     
21112  1999 6600    2100    4200    1200    2900    1400    1300    400     300     800     600     1500    300     300     800     700     400     200     300     
21112  2000 6000    2200    3200    900     1500    2300    900     100     500     700     500     300     1100    400     800     100     200     600     700     
21112  2001 6500    3700    2800    1700    2600    1400    1100    700     300     1200    300     1100    300     500     600     0       1000    100     400     
21112  2002 5900    3400    2300    1200    1700    1400    1500    200     600     1100    400     200     800     200     400     300     400     800     500     
21112  2003 7100    2400    4900    900     1400    3700    1200    200     200     300     300     800     1900    700     1100    100     600     500     400     
21112  2004 5100    2600    2700    1000    1100    1900    1300    400     200     500     400     200     600     500     800     200     900     200     200     
21112  2005 5300    2300    3200    600     1400    2200    1300    300     100     600     200     600     1500    400     300     200     800     300     0       
21112  2006 7500    1400    4600    0       1700    1900    3400    0       0       300     600     800     800     700     400     1300    1300    800     500     
21112  2007 5500    4600    2600    1900    2100    900     900     1000    400     600     600     900     300     300     300     200     200     500     200     
21112  2008 5200    2200    3200    1300    1800    1100    1100    700     400     200     600     1000    600     100     400     500     200     400     100     
21112  2009 7400    1000    5400    200     2700    2400    1800    0       100     200     1100    1400    800     900     700     500     600     700     400     
21112  2010 3800    2400    2200    500     1300    1400    600     0       100     600     500     200     500     400     500     100     300     200     400     
21112  2011 6500    2800    3400    1300    2500    1100    1700    600     300     1000    700     800     600     0       500     800     300     600     300     
21112  2012 6800    2200    4000    900     1600    2500    1800    500     100     400     600     600     1000    400     1100    300     900     600     300     
21112  2013 4900    2800    2100    800     1300    900     1700    400     100     500     300     500     500     300     100     400     1200    100     500     
21112  2014 7200    3000    3300    1300    1800    1100    3000    700     100     400     1000    400     600     200     300     800     1100    1100    500     
21112  2015 8400    3700    5900    1100    2400    3400    1400    500     100     400     1000    1000    1000    1500    900     500     100     800     600     
21112  2016 6400    2700    4000    1700    2000    1300    1800    700     400     100     1200    700     300     800     200     800     300     700     200     
21112  2017 6900    3100    4300    900     2400    3000    700     100     600     1200    700     500     1500    600     900     100     400     200     100     
21112  2018 8500    2100    5600    1000    2600    3100    1500    800     100     500     1000    1100    1300    600     1200    400     500     600     400     
21112  2019 6400    2100    3500    500     1300    2100    2100    0       100     500     500     300     900     500     700     600     800     700     800     
21112  2020 5700    3700    3200    1800    2000    1300    600     300     700     400     800     800     400     400     500     300     200     100     800     
