EUROPEAN CLIMATE ASSESSMENT & DATASET (ECA&D), file created on: 20-01-2022
THESE DATA CAN BE USED FOR NON-COMMERCIAL RESEARCH AND EDUCATION PROVIDED THAT THE FOLLOWING SOURCE IS ACKNOWLEDGED: 

Klein Tank, A.M.G. and Coauthors, 2002. Daily dataset of 20th-century surface
air temperature and precipitation series for the European Climate Assessment.
Int. J. of Climatol., 22, 1441-1453.
Data and metadata available at http://www.ecad.eu

FILE FORMAT (MISSING VALUE CODE = -999999):

THIS FILE HOLDS DATA FOR STATION UNITED KINGDOM                           LECKFORD                                 (STAID:   1869)
LATITUDE: dd:mm:ss +51:07:23
LONGITUDE: ddd:mm:ss -001:26:17
ELEVATION: m  117

DATA IS FOR INDEX Days with TN > 90th percentile of daily min temp (warm nights) (TN90p) with unit 0.01 No of days

01-06 SOUID: Source identifier
08-11 YEAR : YYYY
13-20 ANNUAL DATA VALUES
21-28 WINTER HALF YEAR DATA VALUES
29-36 SUMMER HALF YEAR DATA VALUES
37-44 WINTER (DJF) DATA VALUES
45-52 SPRING (MAM) DATA VALUES
53-60 SUMMER (JJA) DATA VALUES
61-68 AUTUMN (SON) DATA VALUES
69-76 JANUARY DATA VALUES
etc. 
157-164 DECEMBER DATA VALUES

1869   1960 4200    -999999 2700    -999999 2000    1100    200     500     300     400     700     900     900     200     0       0       0       200     100     
1869   1961 4200    1800    2400    1000    1700    600     700     0       900     600     1100    0       100     200     300     700     0       0       300     
1869   1962 1400    600     900     -999999 200     500     400     300     0       0       0       200     300     0       200     200     200     0       0       
1869   1963 2400    800     900     0       900     600     900     0       0       600     200     100     400     200     0       0       300     600     0       
1869   1964 4500    1900    2500    700     1600    1000    1000    0       700     300     400     900     300     500     200     200     0       800     200     
1869   1965 2900    1800    1400    400     1400    500     600     200     0       600     200     600     400     0       100     100     400     100     200     
1869   1966 4700    2700    2300    2100    1200    800     600     700     1200    100     800     300     600     0       200     400     200     0       200     
1869   1967 3700    1600    2000    1100    800     1300    500     600     300     300     100     400     500     600     200     200     200     100     200     
1869   1968 2700    1100    1300    600     700     600     1000    400     0       200     400     100     300     200     100     200     400     400     0       
1869   1969 3200    1600    1700    800     700     700     1000    800     0       0       400     300     0       300     400     300     700     0       0       
1869   1970 4400    1300    2600    500     1000    1200    1700    500     0       100     200     700     500     400     300     500     500     700     0       
1869   1971 1900    1300    900     100     300     600     600     100     0       0       0       300     0       400     200     0       500     100     300     
1869   1972 2300    1500    600     500     900     100     600     100     100     400     400     100     0       100     0       0       300     300     500     
1869   1973 3400    1800    2300    900     700     1200    900     200     200     300     0       400     500     100     600     700     100     100     200     
1869   1974 2500    1300    800     1000    300     500     200     400     400     100     100     100     200     100     200     100     0       100     700     
1869   1975 3200    2000    1900    1700    700     1400    0       800     200     200     500     0       0       600     800     0       0       0       100     
1869   1976 5300    1600    3300    1500    700     2000    1200    800     600     100     100     500     800     1100    100     700     200     300     0       
1869   1977 3200    1700    1100    500     1300    200     1000    100     400     700     400     200     0       200     0       300     500     200     200     
1869   1978 3400    1700    800     800     400     300     1600    100     500     200     0       200     100     200     0       300     400     900     500     
1869   1979 3100    1900    1400    500     400     800     1100    0       0       100     100     200     100     200     500     300     500     300     800     
1869   1980 3900    2100    2100    1300    300     1300    1300    0       500     0       300     0       500     200     600     500     100     700     500     
1869   1981 3300    -999999 1000    -999999 2100    300     500     200     200     1500    300     300     100     0       200     100     0       400     0       
1869   1982 5300    1500    3000    900     900     1900    1400    600     300     200     300     400     900     300     700     400     200     800     200     
1869   1983 5500    2500    3000    1100    500     2500    1400    900     0       400     0       100     400     1600    500     400     500     500     200     
1869   1984 3600    1500    1800    400     100     1400    1800    100     100     100     0       0       500     200     700     400     600     800     100     
1869   1985 3400    2000    1800    500     1100    600     400     0       400     100     500     500     100     300     200     200     200     0       900     
1869   1986 2300    1300    1200    1000    400     900     300     100     0       100     0       300     600     200     100     0       100     200     600     
1869   1987 3800    1500    1900    900     900     800     900     100     200     300     400     200     200     100     500     500     200     200     900     
1869   1988 4600    2100    1700    1200    1500    300     1400    100     200     500     500     500     100     200     0       400     900     100     1100    
1869   1989 7000    4000    3900    2300    1600    2200    1600    600     600     700     200     700     500     1000    700     800     700     100     400     
1869   1990 6600    3700    2800    1900    2100    1500    1400    800     700     1000    200     900     300     200     1000    200     700     500     100     
1869   1991 4200    2600    2200    300     1800    1100    1000    100     100     1100    300     400     100     500     500     400     200     400     100     
1869   1992 4400    2000    2900    1000    1800    1500    100     500     400     400     500     900     300     600     600     0       0       100     100     
1869   1993 3900    1200    2700    -999999 2200    800     200     400     100     500     1000    700     400     400     0       200     0       0       200     
1869   1994 6000    1700    2600    700     1800    1600    1500    300     200     1000    500     300     300     700     600     200     100     1200    600     
1869   1995 6900    2900    3700    1500    1000    2500    2400    200     700     100     500     400     200     1000    1300    300     1300    800     100     
1869   1996 2700    -999999 1500    -999999 800     600     900     300     100     100     400     300     200     400     0       200     500     200     0       
1869   1997 7700    2300    4200    700     2000    2800    1800    0       700     900     500     600     600     300     1900    300     700     800     400     
1869   1998 6300    4100    3100    1400    2300    1100    1400    400     600     1200    400     700     600     300     200     900     400     100     500     
1869   1999 5700    2200    3400    1000    2400    1000    1700    300     200     700     1000    700     200     300     500     700     500     500     100     
1869   2000 6400    3200    3100    1300    2200    1000    1100    500     700     900     400     900     500     0       500     800     100     200     900     
1869   2001 6500    -999999 3900    -999999 1700    2300    2000    200     300     500     500     700     600     900     800     400     1400    200     0       
1869   2002 7300    -999999 3000    -999999 2600    1100    1200    800     900     900     700     1000    400     400     300     200     200     800     700     
1869   2003 7100    3300    4600    1600    2500    2800    700     500     400     700     700     1100    900     600     1300    0       100     600     200     
1869   2004 7100    2900    4300    1700    1600    2500    1100    700     800     500     600     500     1000    400     1100    700     100     300     400     
1869   2005 7200    2700    3600    1200    2600    1500    2200    500     300     1100    800     700     1100    200     200     600     1300    300     100     
1869   2006 11200   3100    6700    900     2600    3100    4000    500     300     600     800     1200    900     1400    800     1600    1600    800     700     
1869   2007 -999999 5900    -999999 3300    1900    -999999 1000    1100    1500    200     1100    600     900     300     -999999 500     500     0       400     
1869   2008 6100    2600    3700    1700    2500    1600    500     800     500     400     600     1500    600     100     900     0       300     200     200     
1869   2009 5700    1500    3600    800     1600    1800    1600    100     500     200     800     600     500     300     1000    400     400     800     100     
1869   2010 3800    1900    2500    100     1400    1400    1000    0       0       600     200     600     300     600     500     300     500     200     0       
1869   2011 7900    2500    3500    1400    2500    800     2800    500     900     400     1200    900     500     0       300     600     900     1300    400     
1869   2012 5700    4700    2700    2000    1600    1500    600     800     800     500     100     1000    400     200     900     100     300     200     400     
