EUROPEAN CLIMATE ASSESSMENT & DATASET (ECA&D), file created on: 20-01-2022
THESE DATA CAN BE USED FOR NON-COMMERCIAL RESEARCH AND EDUCATION PROVIDED THAT THE FOLLOWING SOURCE IS ACKNOWLEDGED: 

Klein Tank, A.M.G. and Coauthors, 2002. Daily dataset of 20th-century surface
air temperature and precipitation series for the European Climate Assessment.
Int. J. of Climatol., 22, 1441-1453.
Data and metadata available at http://www.ecad.eu

FILE FORMAT (MISSING VALUE CODE = -999999):

THIS FILE HOLDS DATA FOR STATION CZECH REPUBLIC                           NOVA VES V HORACH                        (STAID:   3984)
LATITUDE: dd:mm:ss +50:35:33
LONGITUDE: ddd:mm:ss +013:29:08
ELEVATION: m  725

DATA IS FOR INDEX Days with TN > 90th percentile of daily min temp (warm nights) (TN90p) with unit 0.01 No of days

01-06 SOUID: Source identifier
08-11 YEAR : YYYY
13-20 ANNUAL DATA VALUES
21-28 WINTER HALF YEAR DATA VALUES
29-36 SUMMER HALF YEAR DATA VALUES
37-44 WINTER (DJF) DATA VALUES
45-52 SPRING (MAM) DATA VALUES
53-60 SUMMER (JJA) DATA VALUES
61-68 AUTUMN (SON) DATA VALUES
69-76 JANUARY DATA VALUES
etc. 
157-164 DECEMBER DATA VALUES

3984   1955 -999999 -999999 -999999 -999999 -999999 -999999 -999999 -999999 -999999 -999999 -999999 -999999 -999999 -999999 -999999 -999999 -999999 400     0       
3984   1956 2400    -999999 1500    200     1000    500     500     200     0       100     300     600     100     400     0       100     400     0       200     
3984   1957 -999999 -999999 -999999 1100    -999999 800     900     300     600     -999999 -999999 0       100     700     0       200     100     600     0       
3984   1958 2400    1300    1200    600     700     300     700     0       600     0       0       700     0       300     0       200     0       500     100     
3984   1959 4400    -999999 2900    500     1700    1900    200     200     200     800     600     300     300     600     1000    100     0       100     200     
3984   1960 2500    1000    700     600     300     600     1000    200     200     300     0       0       100     0       500     100     300     600     200     
3984   1961 6600    3100    3700    1200    2100    1400    1700    200     -999999 1000    1100    0       300     300     800     1200    200     300     400     
3984   1962 2600    1500    1600    1000    800     600     600     600     0       0       700     100     500     100     0       200     200     200     0       
3984   1963 1900    500     1300    0       400     1000    -999999 0       0       100     100     200     100     400     500     0       0       -999999 0       
3984   1964 2600    -999999 -999999 100     300     1400    700     0       100     0       100     200     500     700     200     100     0       600     100     
3984   1965 800     800     300     100     400     0       300     0       0       100     100     200     0       0       0       0       300     0       100     
3984   1966 5800    -999999 3200    1300    -999999 1700    1500    100     1100    -999999 800     600     1100    100     500     100     1400    0       0       
3984   1967 5400    2800    2400    -999999 1200    1300    1900    200     500     700     100     400     300     400     600     600     1300    0       300     
3984   1968 2800    2600    1400    800     1400    400     500     300     200     500     600     300     300     100     0       100     200     200     0       
3984   1969 -999999 -999999 1400    -999999 700     800     700     100     0       100     100     500     200     600     0       0       100     600     0       
3984   1970 -999999 700     700     0       0       500     600     0       0       0       0       0       300     200     0       200     100     300     -999999 
3984   1971 -999999 -999999 -999999 -999999 -999999 -999999 400     -999999 -999999 -999999 -999999 -999999 -999999 600     400     0       200     200     600     
3984   1972 2600    -999999 2000    -999999 500     1500    600     0       -999999 200     100     200     100     1000    400     200     0       400     0       
3984   1973 1400    400     1400    0       400     600     400     0       0       0       100     300     100     200     300     400     0       0       0       
3984   1974 2600    1000    900     800     400     500     300     500     300     200     200     0       0       0       500     200     0       100     600     
3984   1975 3400    1900    1800    1600    500     900     1000    900     100     200     0       300     300     0       600     600     400     0       0       
3984   1976 -999999 1000    900     -999999 200     600     -999999 500     -999999 0       100     100     200     400     0       100     100     100     0       
3984   1977 2400    -999999 700     400     600     300     1100    300     100     500     0       100     200     0       100     300     400     400     0       
3984   1978 2300    1000    1300    0       500     1000    -999999 0       0       200     0       300     500     400     100     0       100     200     500     
3984   1979 3300    1000    1800    500     1000    900     300     0       0       200     0       800     900     0       0       100     0       200     1100    
3984   1980 1400    1400    -999999 1200    100     0       800     0       100     0       100     0       0       0       0       0       100     700     400     
3984   1981 3400    2800    1400    700     2000    500     600     0       300     1300    400     300     500     0       0       200     0       400     0       
3984   1982 2600    800     1400    300     200     600     -999999 300     0       100     0       100     400     200     0       700     -999999 500     300     
3984   1983 4400    -999999 2200    1500    900     1700    200     1200    0       400     400     100     0       1000    700     0       0       200     400     
3984   1984 1200    700     500     500     100     400     600     100     0       0       0       100     0       400     0       0       100     500     0       
3984   1985 2900    -999999 1500    -999999 1000    300     800     0       0       100     500     400     0       0       300     300     500     0       800     
3984   1986 3100    1700    2100    1200    1100    900     600     400     0       0       100     1000    400     300     200     100     100     400     100     
3984   1987 2500    600     1300    100     400     400     900     0       0       0       200     200     100     300     0       500     100     300     800     
3984   1988 2500    2100    700     1700    300     200     600     900     -999999 0       100     200     0       0       200     200     400     0       500     
3984   1989 4700    2200    1800    1500    900     500     1600    600     400     300     400     200     0       200     300     700     800     100     700     
3984   1990 3400    2900    1200    1600    1100    500     800     300     600     400     100     600     100     0       400     0       500     300     100     
3984   1991 2500    2400    900     800     800     800     100     500     200     800     0       0       100     500     200     100     0       0       100     
3984   1992 2900    900     2000    700     700     1400    200     300     300     200     100     400     100     200     1100    100     100     0       -999999 
3984   1993 4000    -999999 2100    -999999 2300    300     -999999 1100    0       600     900     800     200     0       100     100     100     0       100     
3984   1994 -999999 -999999 2500    -999999 1100    2000    900     -999999 -999999 700     400     0       300     1300    400     100     100     700     700     
3984   1995 4000    2800    2000    1900    800     1300    700     400     800     100     400     300     100     600     600     0       600     100     0       
3984   1996 1500    700     1300    -999999 400     900     200     0       0       0       400     0       600     0       300     0       0       200     0       
3984   1997 3200    1100    1600    500     800     1100    400     0       500     400     0       400     100     0       1000    100     100     200     400     
3984   1998 5200    3100    2300    2100    2100    700     500     400     1300    700     700     700     400     200     100     200     200     100     200     
3984   1999 4900    1800    3300    900     1700    1000    1300    600     100     600     600     500     0       700     300     1200    100     0       200     
3984   2000 6800    1600    3800    1000    2500    1400    1600    100     700     500     800     1200    800     0       600     400     700     500     500     
3984   2001 4300    2600    2300    1100    1300    1200    1200    100     500     300     300     700     100     0       1100    100     1100    0       0       
3984   2002 5400    3000    2900    1700    800     2100    800     1000    700     200     100     500     600     500     1000    200     0       600     0       
3984   2003 4900    1000    3600    200     1100    2300    1200    200     0       200     300     600     800     300     1200    400     0       800     100     
3984   2004 3500    2000    1300    800     800     700     1100    100     600     400     300     100     300     100     300     200     600     300     200     
3984   2005 4800    2200    3000    600     2100    700     1600    400     0       700     500     900     100     300     300     900     700     0       0       
3984   2006 6400    1000    4000    100     500     2300    2900    0       -999999 200     200     100     800     1500    0       1400    600     900     600     
3984   2007 5400    4500    -999999 2500    2200    -999999 400     1500    -999999 500     900     800     -999999 300     0       0       200     200     100     
3984   2008 4600    2100    1800    1700    500     1000    1400    700     900     0       0       500     500     400     100     300     200     900     100     
3984   2009 5400    1500    3200    200     1900    1200    2100    0       100     200     1400    300     100     500     600     300     200     1600    100     
3984   2010 3600    2400    2600    100     800     2300    500     0       0       500     200     100     400     1600    300     0       0       500     0       
3984   2011 8700    2300    4800    1000    2800    1700    2800    700     300     800     1100    900     600     300     800     1100    900     800     400     
3984   2012 6600    3600    4000    1000    2300    2000    1300    400     200     900     400     1000    400     700     900     600     300     400     400     
3984   2013 5500    2000    3200    1100    1200    2000    1200    700     0       200     600     400     600     700     700     200     800     200     400     
3984   2014 10400   3600    4500    1400    3200    1400    4000    800     200     1200    1200    800     500     700     200     1100    1400    1500    800     
3984   2015 8400    4400    4300    1200    1200    3300    1900    400     0       300     600     300     200     1300    1800    100     300     1500    1600    
3984   2016 -999999 4700    -999999 2900    -999999 2100    2100    700     600     0       600     -999999 500     800     800     1400    100     600     500     
3984   2017 7600    3000    4200    1400    2100    2800    1600    0       900     900     400     800     800     1100    900     200     1000    400     200     
3984   2018 12300   3100    7800    1400    3700    3300    3500    1200    0       300     1900    1500    800     900     1600    1100    900     1500    600     
3984   2019 -999999 5200    5500    2000    1800    4000    -999999 200     1200    800     800     200     1700    800     1500    500     -999999 800     1000    
3984   2020 7300    -999999 3700    2200    1300    2200    2200    400     800     600     600     100     400     200     1600    800     500     900     400     
3984   2021 -999999 3200    3900    1300    800     2400    1600    200     700     500     100     200     1700    400     300     1200    300     100     -999999 
