EUROPEAN CLIMATE ASSESSMENT & DATASET (ECA&D), file created on: 20-01-2022
THESE DATA CAN BE USED FOR NON-COMMERCIAL RESEARCH AND EDUCATION PROVIDED THAT THE FOLLOWING SOURCE IS ACKNOWLEDGED: 

Klein Tank, A.M.G. and Coauthors, 2002. Daily dataset of 20th-century surface
air temperature and precipitation series for the European Climate Assessment.
Int. J. of Climatol., 22, 1441-1453.
Data and metadata available at http://www.ecad.eu

FILE FORMAT (MISSING VALUE CODE = -999999):

THIS FILE HOLDS DATA FOR STATION GERMANY                                  KIEFERSFELDEN-GACH                       (STAID:   4482)
LATITUDE: dd:mm:ss +47:37:09
LONGITUDE: ddd:mm:ss +012:10:05
ELEVATION: m  518

DATA IS FOR INDEX Days with TN > 90th percentile of daily min temp (warm nights) (TN90p) with unit 0.01 No of days

01-06 SOUID: Source identifier
08-11 YEAR : YYYY
13-20 ANNUAL DATA VALUES
21-28 WINTER HALF YEAR DATA VALUES
29-36 SUMMER HALF YEAR DATA VALUES
37-44 WINTER (DJF) DATA VALUES
45-52 SPRING (MAM) DATA VALUES
53-60 SUMMER (JJA) DATA VALUES
61-68 AUTUMN (SON) DATA VALUES
69-76 JANUARY DATA VALUES
etc. 
157-164 DECEMBER DATA VALUES

4482   1947 1900    -999999 1100    -999999 800     500     600     0       0       200     400     200     100     400     0       0       0       600     0       
4482   1948 3400    2800    1100    1700    1100    400     200     1200    500     500     200     400     100     0       300     100     0       100     0       
4482   1949 -999999 -999999 -999999 -999999 -999999 -999999 -999999 -999999 -999999 -999999 -999999 -999999 -999999 -999999 -999999 -999999 -999999 -999999 -999999 
4482   1950 1700    -999999 700     -999999 700     300     700     0       0       500     0       200     0       100     200     200     300     200     0       
4482   1951 2900    900     1400    200     500     300     1900    200     0       200     100     200     100     100     100     800     100     1000    0       
4482   1952 2700    1200    2000    100     1100    800     600     100     0       0       900     200     300     200     300     100     500     0       100     
4482   1953 2600    800     1600    100     900     600     1100    0       0       200     200     500     100     500     0       300     800     0       0       
4482   1954 2900    1700    700     300     800     100     1200    300     0       600     200     0       100     0       0       400     200     600     500     
4482   1955 2500    1900    700     900     500     100     900     100     300     200     0       300     100     0       0       300     200     400     600     
4482   1956 2800    2000    1000    800     1200    200     500     200     0       600     400     200     100     0       100     200     300     0       700     
4482   1957 3400    2800    1000    1600    1000    700     700     300     600     900     100     0       100     500     100     200     200     300     100     
4482   1958 4400    1400    1900    900     700     900     1600    200     600     0       0       700     0       700     200     300     600     700     400     
4482   1959 2200    2300    1200    500     1000    500     300     100     0       500     500     0       100     300     100     200     100     0       300     
4482   1960 3200    2200    1000    1300    1200    600     400     500     500     800     100     300     200     0       400     0       200     200     0       
4482   1961 4700    1100    2500    300     1900    600     1300    0       300     400     1400    100     300     0       300     400     600     300     600     
4482   1962 1300    1900    700     1000    300     400     200     400     0       0       100     200     300     100     0       0       100     100     0       
4482   1963 2900    200     1800    0       800     400     1700    0       0       0       600     200     0       400     0       600     200     900     0       
4482   1964 3600    1700    2200    400     1000    1300    900     0       400     200     300     500     600     500     200     100     100     700     0       
4482   1965 1700    1200    700     400     200     500     400     400     0       0       0       200     100     300     100     0       100     300     200     
4482   1966 5500    2000    2800    1400    1400    1100    1700    200     1000    200     900     300     900     200     0       500     1200    0       100     
4482   1967 5800    3300    2200    1200    1200    1600    1200    400     700     900     100     200     200     700     700     300     400     500     700     
4482   1968 2400    1800    1100    900     300     800     1100    200     0       0       200     100     300     400     100     0       300     800     0       
4482   1969 3500    1800    2400    300     1200    1100    900     0       300     400     400     400     100     800     200     500     100     300     0       
4482   1970 2400    400     1600    0       200     1200    600     0       0       0       100     100     500     500     200     200     0       400     400     
4482   1971 2300    1500    1300    900     800     700     200     400     100     200     100     500     0       100     600     0       0       200     100     
4482   1972 -999999 -999999 -999999 -999999 -999999 1000    100     -999999 -999999 -999999 -999999 200     100     300     600     100     0       0       100     
4482   1973 2100    100     1800    100     400     1200    200     0       0       0       0       400     200     300     700     200     0       0       300     
4482   1974 4100    2600    900     1900    700     600     500     1100    500     700     0       0       100     0       500     300     0       200     700     
4482   1975 4900    2100    3300    1400    1600    1600    1000    500     200     500     500     600     800     700     100     600     100     300     0       
4482   1976 2800    1500    1000    1100    300     400     1000    1000    100     0       100     200     100     200     100     300     400     300     0       
4482   1977 6000    3100    1600    1300    1800    600     1600    200     1100    1100    200     500     500     0       100     300     1100    200     700     
4482   1978 2400    2800    1000    1200    700     400     200     300     200     300     300     100     300     0       100     200     0       0       600     
4482   1979 3800    1800    1500    1200    800     1100    800     0       600     600     0       200     700     200     200     200     600     0       500     
4482   1980 2300    1900    1400    1000    500     800     500     0       500     300     200     0       200     0       600     400     0       100     0       
4482   1981 3900    1100    2500    300     1300    1200    1000    200     100     700     300     300     700     100     400     700     100     200     100     
4482   1982 6100    1200    3300    800     700     2000    2000    600     100     100     100     500     900     800     300     700     500     800     700     
4482   1983 6200    3600    3700    1900    1300    2400    900     1100    100     400     700     200     400     1100    900     400     300     200     400     
4482   1984 3000    1200    1000    700     300     600     1200    100     200     0       0       300     200     200     200     100     600     500     600     
4482   1985 3900    2400    2100    1000    1300    1000    400     200     200     300     400     600     300     400     300     100     200     100     800     
4482   1986 3500    1300    3000    1000    1400    1300    500     200     0       0       400     1000    300     300     700     300     0       200     100     
4482   1987 6100    1100    2900    700     600     1200    2900    200     400     200     300     100     100     900     200     1300    900     700     800     
4482   1988 3800    3400    2000    1800    1100    600     900     800     200     0       200     900     0       200     400     300     500     100     200     
4482   1989 5100    2600    2200    1100    1300    1400    900     300     600     900     400     0       0       800     600     400     300     200     600     
4482   1990 4000    2400    1200    1300    1200    600     1400    300     400     600     0       600     300     100     200     0       700     700     100     
4482   1991 5900    3800    3300    900     1700    2400    1000    800     0       1500    200     0       600     1100    700     700     200     100     0       
4482   1992 5200    800     3600    300     800     2800    1100    100     200     200     400     200     700     600     1500    200     200     700     200     
4482   1993 5300    2600    2800    1400    1800    1100    1000    1200    0       300     500     1000    500     100     500     200     400     400     200     
4482   1994 11100   4600    4300    2000    2400    2600    3500    1300    500     1800    300     300     600     900     1100    1100    300     2100    800     
4482   1995 5700    4500    2600    1900    1100    1700    1500    200     900     200     400     500     100     1000    600     0       1000    500     300     
4482   1996 3800    2500    2500    700     1300    1500    600     400     0       300     500     500     1000    300     200     0       300     300     0       
4482   1997 5500    2300    2100    700     1800    900     1400    100     600     1000    100     700     400     100     400     400     400     600     700     
4482   1998 5800    3300    3900    1800    1600    2400    600     400     700     500     600     500     900     800     700     400     100     100     100     
4482   1999 3900    900     2600    400     1300    1000    1200    300     0       300     100     900     300     200     500     600     400     200     100     
4482   2000 6500    2200    3200    1000    2100    1300    1500    200     700     600     500     1000    800     200     300     400     400     700     700     
4482   2001 5100    4400    1200    1900    1900    700     800     800     400     1400    0       500     200     0       500     0       700     100     500     
4482   2002 10600   3300    4500    1900    2000    2500    2900    200     1200    600     300     1100    1100    600     800     600     600     1700    1800    
4482   2003 -999999 -999999 7400    -999999 2800    4900    900     -999999 -999999 500     500     1800    2400    700     1800    200     100     600     400     
4482   2004 6500    2300    3200    1400    1200    1900    2300    700     300     200     700     300     300     800     800     300     1400    600     100     
4482   2005 6700    3000    4800    500     2200    2100    1900    200     200     500     800     900     1200    700     200     1000    100     800     100     
4482   2006 -999999 -999999 -999999 -999999 -999999 -999999 -999999 100     -999999 -999999 -999999 -999999 -999999 -999999 -999999 -999999 -999999 600     400     
4482   2007 5000    -999999 2100    2200    1600    900     500     1000    800     400     300     900     400     500     0       0       300     200     200     
4482   2008 4800    2300    2400    1300    1100    1200    1000    600     500     500     100     500     1000    100     100     600     200     200     400     
4482   2009 4300    900     3200    500     1300    1300    1400    100     0       0       100     1200    300     300     700     600     300     500     200     
4482   2010 3600    2000    1700    600     900     1400    800     100     300     600     0       300     400     700     300     0       300     500     100     
4482   2011 5400    2600    3000    1000    2000    1500    800     700     200     800     800     400     300     100     1100    300     100     400     200     
4482   2012 5900    1900    3800    1100    1900    1800    1100    700     200     300     600     1000    800     500     500     400     100     600     200     
4482   2013 5400    2200    2900    1000    1800    1200    1500    700     100     500     700     600     600     400     200     400     800     300     100     
4482   2014 6300    3200    1900    1700    1500    800     1300    1000    600     400     600     500     300     500     0       0       400     900     1100    
4482   2015 6100    2900    4400    1500    1400    2900    1000    400     0       100     500     800     800     1400    700     200     200     600     400     
4482   2016 5500    3000    2400    2100    800     1100    1800    600     1100    100     500     200     300     300     500     600     300     900     100     
4482   2017 5300    3000    3500    700     2000    2600    100     200     400     1100    500     400     1200    300     1100    0       100     0       0       
4482   2018 6700    500     4400    400     2100    1800    1600    400     0       0       1100    1000    700     100     1000    500     500     600     800     
4482   2019 5300    2700    3200    1100    1100    2200    900     200     100     500     500     100     800     500     900     400     400     100     800     
4482   2020 4100    2800    1700    1900    800     1000    700     100     1000    400     200     200     0       300     700     300     0       400     500     
4482   2021 2500    1500    1400    1100    200     1000    500     300     300     0       100     100     700     100     200     200     100     200     200     
