EUROPEAN CLIMATE ASSESSMENT & DATASET (ECA&D), file created on: 20-01-2022
THESE DATA CAN BE USED FOR NON-COMMERCIAL RESEARCH AND EDUCATION PROVIDED THAT THE FOLLOWING SOURCE IS ACKNOWLEDGED: 

Klein Tank, A.M.G. and Coauthors, 2002. Daily dataset of 20th-century surface
air temperature and precipitation series for the European Climate Assessment.
Int. J. of Climatol., 22, 1441-1453.
Data and metadata available at http://www.ecad.eu

FILE FORMAT (MISSING VALUE CODE = -999999):

THIS FILE HOLDS DATA FOR STATION GERMANY                                  BAD KISSINGEN                            (STAID:   4285)
LATITUDE: dd:mm:ss +50:13:32
LONGITUDE: ddd:mm:ss +010:04:49
ELEVATION: m  282

DATA IS FOR INDEX Days with TN > 90th percentile of daily min temp (warm nights) (TN90p) with unit 0.01 No of days

01-06 SOUID: Source identifier
08-11 YEAR : YYYY
13-20 ANNUAL DATA VALUES
21-28 WINTER HALF YEAR DATA VALUES
29-36 SUMMER HALF YEAR DATA VALUES
37-44 WINTER (DJF) DATA VALUES
45-52 SPRING (MAM) DATA VALUES
53-60 SUMMER (JJA) DATA VALUES
61-68 AUTUMN (SON) DATA VALUES
69-76 JANUARY DATA VALUES
etc. 
157-164 DECEMBER DATA VALUES

4285   1946 1900    -999999 900     -999999 400     400     200     200     700     0       0       400     0       300     100     100     100     0       0       
4285   1947 3300    100     2800    0       600     1800    800     0       0       0       400     200     1000    500     300     400     0       400     100     
4285   1948 4400    2700    1500    1600    1200    800     900     600     900     700     200     300     400     200     200     200     300     400     0       
4285   1949 3900    1500    1900    700     1100    400     1000    500     200     100     500     500     100     0       300     500     300     200     700     
4285   1950 4300    2300    2200    1600    900     1100    1200    200     700     200     200     500     300     600     200     400     500     300     200     
4285   1951 3300    2000    1700    800     800     700     1000    300     300     400     100     300     200     100     400     600     0       400     200     
4285   1952 2600    1000    2100    400     1000    1200    200     0       200     200     700     100     200     600     400     100     100     0       0       
4285   1953 3600    700     2000    400     1000    1000    1000    200     200     200     0       800     500     400     100     200     600     200     200     
4285   1954 2600    1400    1200    500     200     400     1300    200     100     100     100     0       400     0       0       700     500     100     400     
4285   1955 1700    1000    1300    400     300     900     200     0       0       0       100     200     100     600     200     100     0       100     300     
4285   1956 3300    800     1500    400     1100    400     700     0       100     300     400     400     200     100     100     300     300     100     1000    
4285   1957 4200    3500    1800    2000    1300    1300    600     200     800     1100    100     100     400     800     100     300     0       300     0       
4285   1958 3100    1200    1700    800     800     700     800     300     500     100     0       700     0       200     500     300     0       500     0       
4285   1959 2600    1300    1700    100     1600    800     0       100     0       700     600     300     300     400     100     0       0       0       100     
4285   1960 4000    1300    1800    800     1500    700     800     300     400     500     500     500     300     100     300     100     200     500     300     
4285   1961 4800    2300    2400    1200    1700    200     1600    200     700     400     1200    100     200     0       0       900     500     200     400     
4285   1962 2100    1900    1200    1100    700     400     300     700     0       100     400     200     200     0       200     200     0       100     0       
4285   1963 2600    100     1700    0       800     500     1300    0       0       0       400     400     100     200     200     400     200     700     0       
4285   1964 3700    1300    2200    400     900     1000    1300    0       400     0       400     500     400     500     100     300     0       1000    100     
4285   1965 1400    1300    700     300     200     500     100     200     0       0       0       200     300     200     0       0       0       100     400     
4285   1966 5400    2300    2600    2000    1400    1100    1200    300     1300    200     900     300     700     0       400     300     900     0       100     
4285   1967 4700    2900    1600    1300    900     1000    1500    400     800     700     0       200     200     400     400     400     1100    0       100     
4285   1968 3700    1800    1900    600     700     1200    1300    300     200     100     300     300     400     300     500     100     1000    200     0       
4285   1969 3200    1300    2600    0       800     1600    800     0       0       100     200     500     0       900     700     300     100     400     0       
4285   1970 3100    500     1400    0       600     600     1600    0       0       0       400     200     300     0       300     200     600     800     300     
4285   1971 3400    2300    1300    800     700     600     600     300     200     100     0       600     100     200     300     100     400     100     1000    
4285   1972 2700    2000    1800    1400    600     1300    400     0       400     100     300     200     0       700     600     0       0       400     0       
4285   1973 2200    600     1700    200     700     900     400     100     100     0       100     600     200     400     300     100     0       300     0       
4285   1974 4100    2500    800     1200    1300    300     300     700     500     1000    300     0       100     0       200     200     0       100     1000    
4285   1975 5500    3200    3200    2600    1000    1900    1000    1300    300     500     300     200     600     400     900     800     200     0       0       
4285   1976 4900    1500    2600    1300    400     1900    1200    1200    100     0       100     300     600     1100    200     300     400     500     100     
4285   1977 5100    3600    1500    1500    1500    600     1500    300     1100    1200    200     100     400     100     100     600     600     300     100     
4285   1978 3100    2100    900     400     1200    300     400     100     200     800     300     100     300     0       0       200     100     100     900     
4285   1979 2400    1400    1200    900     600     700     400     0       0       300     100     200     700     0       0       200     0       200     700     
4285   1980 2600    1500    1100    1000    300     700     900     100     200     300     0       0       300     0       400     400     0       500     400     
4285   1981 5000    2300    2700    600     2400    1300    1100    0       200     1200    600     600     600     400     300     200     200     700     0       
4285   1982 4300    1100    3300    200     500     2400    1000    200     0       0       100     400     800     1100    500     400     100     500     200     
4285   1983 5900    3000    2700    1500    1500    1900    900     1300    0       900     600     0       100     1100    700     200     400     300     300     
4285   1984 2200    1100    1000    400     200     600     1300    100     0       0       0       200     100     200     300     200     600     500     0       
4285   1985 3700    1500    2200    200     1600    400     800     0       200     200     400     1000    0       300     100     400     300     100     700     
4285   1986 4100    1600    2900    1100    1600    1300    600     400     0       100     300     1200    800     200     300     100     100     400     200     
4285   1987 4200    1100    2500    500     400     1200    1600    200     100     100     300     0       100     500     600     1000    200     400     700     
4285   1988 4200    2600    1300    1900    600     600     1000    900     300     100     0       500     0       200     400     200     600     200     800     
4285   1989 5300    3300    2000    1800    1100    1300    1000    400     600     700     300     100     0       800     500     300     500     200     900     
4285   1990 4200    3600    1300    1900    1200    1100    800     600     400     1000    0       200     300     0       800     0       300     500     100     
4285   1991 4600    2600    2500    1000    1000    1800    700     900     0       800     100     100     100     1100    600     500     100     100     200     
4285   1992 4700    1700    2800    1300    900     2000    500     400     700     200     200     500     500     500     1000    100     0       400     200     
4285   1993 3900    1900    1800    1100    1600    400     400     900     0       400     700     500     100     0       300     200     200     0       600     
4285   1994 7600    3100    3600    1900    1300    3100    1300    1100    200     1000    100     200     600     1600    900     200     100     1000    600     
4285   1995 6300    3200    3200    2000    1500    1700    1700    400     1000    100     800     600     200     1100    400     100     1400    200     0       
4285   1996 1200    1700    600     100     100     500     500     0       100     0       0       100     500     0       0       0       200     300     0       
4285   1997 4400    2400    1500    1000    1300    700     800     0       1000    900     0       400     100     0       600     400     300     100     600     
4285   1998 5600    3800    2000    2600    1800    600     1000    900     1100    800     400     600     300     100     200     400     500     100     200     
4285   1999 4300    1800    2100    900     800     900     1100    500     200     300     400     100     100     500     300     700     400     0       800     
4285   2000 5700    3300    2000    2100    2200    400     900     400     900     800     700     700     400     0       0       200     400     300     900     
4285   2001 4700    3100    1800    1700    1500    1000    1100    200     600     700     100     700     0       200     800     0       800     300     300     
4285   2002 5700    3800    2100    2300    1100    1400    1000    1000    1000    400     100     600     500     100     800     0       200     800     200     
4285   2003 5800    2000    4200    500     1800    2900    700     300     0       500     400     900     1000    500     1400    0       100     600     100     
4285   2004 4700    2600    2000    1500    800     1500    900     500     900     400     300     100     200     300     1000    100     300     500     100     
4285   2005 4900    2100    2700    800     1500    900     1800    500     200     500     400     600     200     400     300     800     800     200     0       
4285   2006 5700    1600    2800    200     800     1800    2300    0       200     400     300     100     400     1400    0       600     1000    700     600     
4285   2007 5700    5100    2000    3300    1400    600     400     1600    1100    100     500     800     400     200     0       100     300     0       600     
4285   2008 4500    2600    2400    1700    1300    1400    600     500     600     600     0       700     500     600     300     300     0       300     100     
4285   2009 4100    800     2700    300     1500    1200    1200    0       200     200     1000    300     300     500     400     200     200     800     0       
4285   2010 2700    1400    1500    0       700     1200    800     0       0       400     100     200     300     800     100     0       200     600     0       
4285   2011 3300    1900    1700    700     900     700     700     400     300     400     500     0       100     0       600     500     200     0       300     
4285   2012 4700    2700    2400    1800    2100    1000    100     900     600     700     400     1000    300     300     400     0       0       100     0       
4285   2013 4100    1100    1900    900     1000    800     1100    800     100     100     500     400     300     400     100     200     700     200     300     
4285   2014 6200    2600    3100    1100    1800    1200    1800    200     600     600     800     400     400     800     0       700     900     200     600     
4285   2015 6000    2400    3100    1200    500     2600    1300    600     0       100     100     300     200     1200    1200    100     100     1100    1000    
4285   2016 4500    3300    3100    2100    900     1200    1200    400     700     0       400     500     400     500     300     1000    100     100     100     
4285   2017 3800    1600    1600    700     1000    1100    900     0       600     700     0       300     300     400     400     200     600     100     200     
4285   2018 7900    2500    4900    1600    2400    2300    1000    1400    0       200     1200    1000    1000    500     800     400     400     200     800     
4285   2019 5500    2500    3000    1100    1300    2200    1200    300     0       800     300     200     700     700     800     300     600     300     500     
4285   2020 4500    3400    1500    2200    400     1300    900     500     1200    300     100     0       100     100     1100    100     400     400     200     
4285   2021 2600    1200    1700    400     200     1100    500     100     100     0       0       200     1000    0       100     400     100     0       600     
