EUROPEAN CLIMATE ASSESSMENT & DATASET (ECA&D), file created on: 20-01-2022
THESE DATA CAN BE USED FOR NON-COMMERCIAL RESEARCH AND EDUCATION PROVIDED THAT THE FOLLOWING SOURCE IS ACKNOWLEDGED: 

Klein Tank, A.M.G. and Coauthors, 2002. Daily dataset of 20th-century surface
air temperature and precipitation series for the European Climate Assessment.
Int. J. of Climatol., 22, 1441-1453.
Data and metadata available at http://www.ecad.eu

FILE FORMAT (MISSING VALUE CODE = -999999):

THIS FILE HOLDS DATA FOR STATION GERMANY                                  SELB/OBERFRANKEN-LAUTERBACH              (STAID:   4620)
LATITUDE: dd:mm:ss +50:12:20
LONGITUDE: ddd:mm:ss +012:08:42
ELEVATION: m  609

DATA IS FOR INDEX Days with TN > 90th percentile of daily min temp (warm nights) (TN90p) with unit 0.01 No of days

01-06 SOUID: Source identifier
08-11 YEAR : YYYY
13-20 ANNUAL DATA VALUES
21-28 WINTER HALF YEAR DATA VALUES
29-36 SUMMER HALF YEAR DATA VALUES
37-44 WINTER (DJF) DATA VALUES
45-52 SPRING (MAM) DATA VALUES
53-60 SUMMER (JJA) DATA VALUES
61-68 AUTUMN (SON) DATA VALUES
69-76 JANUARY DATA VALUES
etc. 
157-164 DECEMBER DATA VALUES

4620   1941 1800    -999999 800     -999999 100     700     400     0       100     0       100     0       100     500     100     0       400     0       500     
4620   1942 1500    900     900     500     0       200     1300    0       0       0       0       0       0       0       200     700     600     0       0       
4620   1943 1400    700     1100    100     200     500     600     0       100     0       100     100     0       100     400     400     100     100     0       
4620   1944 1800    700     1000    500     300     700     300     400     100     0       200     100     100     200     400     0       200     100     0       
4620   1945 -999999 1200    -999999 700     -999999 -999999 -999999 0       700     200     -999999 -999999 -999999 -999999 -999999 -999999 -999999 -999999 -999999 
4620   1946 -999999 -999999 -999999 -999999 -999999 -999999 -999999 -999999 -999999 -999999 -999999 -999999 -999999 -999999 -999999 -999999 -999999 -999999 -999999 
4620   1947 1600    -999999 1300    -999999 200     800     600     0       0       0       200     0       200     300     300     300     0       300     0       
4620   1948 3200    1700    1400    1000    1000    500     700     500     500     400     200     400     200     100     200     300     100     300     0       
4620   1949 2600    1000    1400    500     800     300     600     300     200     100     400     300     0       0       300     400     100     100     400     
4620   1950 2700    1200    1600    900     600     800     600     0       500     100     200     300     300     300     200     300     200     100     200     
4620   1951 2000    800     1200    300     300     800     600     100     0       200     0       100     200     300     300     300     0       300     200     
4620   1952 2500    600     -999999 300     800     -999999 400     100     0       0       600     200     100     -999999 600     200     100     100     0       
4620   1953 3000    800     1300    400     600     800     1100    100     300     200     0       400     600     200     0       100     800     200     100     
4620   1954 1500    1100    700     100     300     100     700     0       0       0       200     100     100     0       0       300     400     0       400     
4620   1955 1600    900     800     400     200     400     700     0       0       100     0       100     100     300     0       300     200     200     300     
4620   1956 1900    800     800     300     400     300     500     0       0       100     300     0       100     200     0       200     300     0       700     
4620   1957 4100    3100    1700    1900    900     1400    600     300     900     900     0       0       600     800     0       300     100     200     0       
4620   1958 3400    800     1800    500     800     700     1300    0       500     0       100     700     0       300     400     300     400     600     100     
4620   1959 3400    2100    2100    500     1500    1100    100     300     100     600     700     200     400     300     400     100     0       0       300     
4620   1960 3000    1100    1700    900     900     700     500     400     200     200     300     400     0       200     500     300     0       200     300     
4620   1961 4200    1800    1900    1100    1800    400     700     200     600     500     1000    300     200     0       200     200     400     100     500     
4620   1962 2400    1800    1200    1300    600     500     500     800     0       0       500     100     100     200     200     100     0       400     0       
4620   1963 3700    400     2400    0       900     1000    1800    0       0       0       400     500     300     500     200     500     0       1300    0       
4620   1964 3100    1600    1800    300     700     700     1400    0       300     0       400     300     300     400     0       400     200     800     0       
4620   1965 1600    1300    800     200     300     500     300     200     0       100     0       200     300     100     100     100     100     100     300     
4620   1966 5400    2400    2300    2100    1200    900     1400    300     1500    100     900     200     500     0       400     300     1100    0       100     
4620   1967 4600    3200    1400    1300    1400    700     1100    500     700     800     200     400     200     300     200     100     1000    0       200     
4620   1968 3700    1900    1700    700     700     1200    1300    300     200     200     200     300     400     300     500     0       1000    300     0       
4620   1969 3500    1500    2600    100     900     1600    900     100     0       100     200     600     200     1100    300     200     0       700     0       
4620   1970 3600    800     2000    100     500     1300    1400    0       100     0       300     200     600     200     500     200     400     800     300     
4620   1971 4200    2300    2000    1100    600     1400    500     600     200     0       0       600     300     500     600     0       400     100     900     
4620   1972 2800    2100    1600    1500    500     1000    600     0       600     100     300     100     200     400     400     200     100     300     100     
4620   1973 1900    800     1500    400     700     700     200     200     100     0       200     500     200     400     100     100     0       100     0       
4620   1974 4100    2200    1000    900     1400    600     200     500     400     1200    200     0       0       100     500     200     0       0       1000    
4620   1975 4400    2800    2400    2300    1200    1300    600     1000    300     500     100     600     600     400     300     400     100     100     0       
4620   1976 3400    1100    1700    800     300     1200    1100    800     0       100     0       200     200     900     100     300     400     400     0       
4620   1977 5500    2500    2600    800     1000    1700    1800    200     600     900     0       100     1000    300     400     800     700     300     200     
4620   1978 2500    1500    1200    200     800     400     400     0       0       300     400     100     200     100     100     300     0       100     900     
4620   1979 2500    1300    1300    1000    700     600     300     0       100     200     100     400     500     0       100     200     0       100     800     
4620   1980 3300    1700    1400    1400    200     1100    1000    100     500     200     0       0       600     100     400     300     0       700     400     
4620   1981 4600    2500    2400    600     2100    1100    1200    0       200     1200    200     700     600     300     200     400     200     600     0       
4620   1982 4200    1400    2600    500     500     1800    1100    400     100     100     200     200     600     700     500     400     200     500     300     
4620   1983 -999999 2800    1700    1500    900     1200    -999999 1200    0       600     300     0       100     700     400     200     400     -999999 -999999 
4620   1984 -999999 -999999 -999999 -999999 -999999 600     900     -999999 -999999 -999999 -999999 200     300     200     100     0       500     400     0       
4620   1985 -999999 -999999 -999999 -999999 -999999 300     800     0       -999999 -999999 -999999 800     0       0       300     400     400     0       700     
4620   1986 3900    1500    3100    1000    1700    1400    300     300     0       100     500     1100    700     100     600     100     0       200     200     
4620   1987 4000    800     2200    600     200     1000    1500    100     300     0       200     0       100     300     600     1000    200     300     900     
4620   1988 5400    2500    2600    2000    1400    800     1400    800     300     0       500     900     0       500     300     400     900     100     700     
4620   1989 5700    3300    2300    1800    1100    900     1600    500     600     500     600     0       0       500     400     800     600     200     1000    
4620   1990 -999999 4100    800     2500    900     700     900     1000    500     800     0       100     300     100     300     0       700     200     -999999 
4620   1991 -999999 -999999 -999999 -999999 700     -999999 -999999 800     0       400     100     200     100     700     -999999 -999999 100     0       100     
4620   1992 6000    2400    3300    1800    1300    2400    500     800     900     500     200     600     600     400     1400    100     100     300     100     
4620   1993 -999999 -999999 -999999 -999999 -999999 400     200     -999999 -999999 -999999 -999999 500     200     100     100     200     0       0       400     
4620   1994 6400    2500    3000    1400    1300    2200    1200    800     200     1100    100     100     600     800     800     600     100     500     700     
4620   1995 5000    2700    2600    2000    900     1600    1100    300     1000    100     700     100     0       1000    600     200     800     100     100     
4620   1996 1400    1000    900     100     100     700     600     0       0       0       100     0       400     0       300     100     400     100     0       
4620   1997 4400    1800    2500    600     1300    1500    600     0       600     700     0       600     300     100     1100    400     200     0       400     
4620   1998 5900    2900    2900    2000    2100    900     1100    700     900     700     800     600     500     300     100     600     400     100     200     
4620   1999 3200    1300    2200    500     700     1100    800     300     0       300     300     100     200     700     200     700     100     0       300     
4620   2000 -999999 1600    -999999 1100    1500    -999999 1400    100     700     400     800     300     600     -999999 -999999 400     800     200     700     
4620   2001 -999999 2900    2500    1300    1600    1400    900     200     400     600     200     800     0       100     1300    100     800     0       -999999 
4620   2002 -999999 -999999 -999999 -999999 -999999 -999999 -999999 -999999 -999999 -999999 -999999 -999999 -999999 -999999 -999999 -999999 -999999 -999999 -999999 
4620   2003 -999999 -999999 -999999 -999999 -999999 -999999 -999999 -999999 -999999 -999999 -999999 -999999 -999999 -999999 -999999 -999999 -999999 -999999 -999999 
4620   2004 -999999 -999999 -999999 -999999 -999999 -999999 -999999 -999999 -999999 -999999 -999999 -999999 -999999 -999999 -999999 -999999 -999999 -999999 -999999 
4620   2005 -999999 -999999 -999999 -999999 -999999 -999999 -999999 -999999 -999999 -999999 -999999 -999999 -999999 -999999 -999999 -999999 -999999 -999999 -999999 
4620   2006 -999999 -999999 -999999 -999999 -999999 -999999 -999999 -999999 -999999 -999999 -999999 -999999 -999999 -999999 -999999 -999999 -999999 -999999 -999999 
4620   2007 -999999 -999999 -999999 -999999 -999999 -999999 400     -999999 -999999 -999999 -999999 -999999 -999999 400     200     0       300     100     300     
4620   2008 4100    2200    2000    1600    900     900     900     400     900     200     100     600     400     200     300     400     100     400     100     
4620   2009 5100    1000    2800    200     1700    1100    1900    0       100     300     1100    300     100     500     500     300     300     1300    300     
4620   2010 3600    2600    2300    600     700     1900    700     0       300     400     100     200     400     1100    400     100     0       600     0       
4620   2011 4600    2100    2200    1100    1000    1100    800     800     300     400     500     100     200     200     700     500     200     100     600     
4620   2012 5400    2600    3300    1800    1800    1800    400     700     500     500     400     900     600     400     800     200     100     100     200     
4620   2013 4300    1100    2600    900     1100    1300    1100    700     0       0       600     500     300     400     600     200     700     200     100     
4620   2014 6800    2700    2700    1200    1600    900     2400    700     400     600     800     200     300     500     100     800     1100    500     800     
4620   2015 6900    3100    3200    1200    700     2600    1700    400     0       300     200     200     100     1000    1500    200     200     1300    1500    
4620   2016 6000    4200    4100    2700    900     2000    1700    500     700     0       500     400     600     800     600     1200    100     400     200     
4620   2017 4800    2300    2500    800     1900    1600    500     0       600     1000    500     400     200     600     800     0       400     100     200     
4620   2018 7300    2200    4200    1400    2300    1700    1500    1200    0       300     1200    800     500     300     900     500     300     700     600     
4620   2019 -999999 2300    -999999 700     1100    -999999 1800    100     0       600     300     200     -999999 -999999 800     500     900     400     500     
4620   2020 -999999 3900    2300    2100    600     2000    -999999 500     1100    500     0       100     500     300     1200    200     200     -999999 200     
4620   2021 4000    -999999 2900    700     500     1900    700     100     400     200     100     200     1600    100     200     700     0       0       400     
