EUROPEAN CLIMATE ASSESSMENT & DATASET (ECA&D), file created on: 20-01-2022
THESE DATA CAN BE USED FOR NON-COMMERCIAL RESEARCH AND EDUCATION PROVIDED THAT THE FOLLOWING SOURCE IS ACKNOWLEDGED: 

Klein Tank, A.M.G. and Coauthors, 2002. Daily dataset of 20th-century surface
air temperature and precipitation series for the European Climate Assessment.
Int. J. of Climatol., 22, 1441-1453.
Data and metadata available at http://www.ecad.eu

FILE FORMAT (MISSING VALUE CODE = -999999):

THIS FILE HOLDS DATA FOR STATION GERMANY                                  BURGWALD-BOTTENDORF                      (STAID:   4948)
LATITUDE: dd:mm:ss +51:01:54
LONGITUDE: ddd:mm:ss +008:48:56
ELEVATION: m  293

DATA IS FOR INDEX Days with TN > 90th percentile of daily min temp (warm nights) (TN90p) with unit 0.01 No of days

01-06 SOUID: Source identifier
08-11 YEAR : YYYY
13-20 ANNUAL DATA VALUES
21-28 WINTER HALF YEAR DATA VALUES
29-36 SUMMER HALF YEAR DATA VALUES
37-44 WINTER (DJF) DATA VALUES
45-52 SPRING (MAM) DATA VALUES
53-60 SUMMER (JJA) DATA VALUES
61-68 AUTUMN (SON) DATA VALUES
69-76 JANUARY DATA VALUES
etc. 
157-164 DECEMBER DATA VALUES

4948   1952 -999999 -999999 -999999 -999999 -999999 -999999 -999999 -999999 -999999 -999999 -999999 -999999 -999999 -999999 -999999 -999999 200     0       0       
4948   1953 4400    800     2300    400     1200    1300    1200    200     200     200     100     900     800     300     200     0       800     400     300     
4948   1954 2700    1600    1000    400     200     300     1600    100     0       0       200     0       200     0       100     500     800     300     500     
4948   1955 2100    1700    1100    500     400     500     500     0       0       100     100     200     100     100     300     300     0       200     700     
4948   1956 2700    1300    800     800     800     200     600     0       100     300     200     300     0       200     0       100     500     0       1000    
4948   1957 3900    3700    1100    2100    1100    1000    700     300     800     1100    0       0       200     700     100     100     300     300     0       
4948   1958 3200    1400    1700    800     600     700     800     100     700     0       100     500     0       100     600     400     400     0       300     
4948   1959 3300    1600    2000    600     1400    1100    100     200     100     600     300     500     400     500     200     100     0       0       400     
4948   1960 5300    2000    2400    1300    1600    1200    1300    700     200     700     300     600     500     600     100     300     300     700     300     
4948   1961 5800    2800    3500    1300    2600    300     1600    100     900     500     1800    300     100     100     100     1100    500     0       300     
4948   1962 2500    2100    900     1500    600     100     600     1000    200     100     300     200     100     0       0       300     300     0       0       
4948   1963 3100    300     2200    0       800     900     1400    0       0       0       500     300     300     400     200     500     100     800     0       
4948   1964 3500    1500    2100    600     500     1000    1400    0       600     0       100     400     400     200     400     600     0       800     0       
4948   1965 1700    1300    900     100     500     700     200     100     0       400     0       100     200     300     200     100     0       100     200     
4948   1966 7400    2300    4400    1900    2100    2100    1400    200     1500    300     800     1000    1100    400     600     500     900     0       100     
4948   1967 5700    2600    2300    1200    800     1600    1800    300     800     500     0       300     300     700     600     400     1300    100     400     
4948   1968 5300    2600    3100    900     1400    1500    1900    400     100     300     700     400     400     300     800     500     1100    300     0       
4948   1969 4300    1600    3500    200     900     2300    900     200     0       0       300     600     300     1200    800     300     100     500     0       
4948   1970 4000    700     2000    0       600     1300    1900    0       0       100     300     200     700     200     400     200     900     800     200     
4948   1971 4300    2800    2200    1000    1200    1100    500     400     400     100     300     800     100     400     600     0       400     100     700     
4948   1972 3400    1400    2500    900     900     1600    500     0       200     0       400     500     0       1000    600     0       0       500     200     
4948   1973 2600    1000    2100    500     600     1100    600     0       300     0       0       600     200     500     400     400     0       200     0       
4948   1974 3600    1800    500     900     900     200     300     600     300     700     200     0       0       0       200     100     0       200     1300    
4948   1975 3500    3000    2000    2500    400     1600    300     1200    0       300     0       100     700     400     500     300     0       0       0       
4948   1976 3300    1100    1400    1000    100     1200    900     1000    0       100     0       0       300     800     100     200     300     400     100     
4948   1977 4500    2900    1700    1300    1200    1100    900     200     1000    900     100     200     600     300     200     300     300     300     100     
4948   1978 2700    1800    1300    300     1300    600     500     100     100     900     300     100     400     0       200     300     100     100     100     
4948   1979 3500    500     1900    100     700     1100    500     0       0       200     0       500     900     100     100     300     0       200     1200    
4948   1980 2900    2300    800     1700    500     500     1100    100     400     400     100     0       200     200     100     200     200     700     300     
4948   1981 5200    2800    2900    700     2700    1300    800     100     300     1200    800     700     600     200     500     100     200     500     0       
4948   1982 4100    1100    2500    300     600     1700    1100    300     0       100     100     400     500     700     500     300     300     500     400     
4948   1983 4600    3200    1700    1700    900     1400    400     1300    0       700     100     100     300     500     600     100     0       300     600     
4948   1984 1700    1200    400     700     300     200     1100    100     0       200     0       100     100     0       100     100     600     400     0       
4948   1985 2800    1400    1100    200     1200    0       500     0       200     200     600     400     0       0       0       100     300     100     900     
4948   1986 2600    1600    1500    1100    1000    600     600     200     0       100     200     700     300     200     100     0       100     500     200     
4948   1987 2900    1000    1300    300     200     700     1000    100     0       100     100     0       200     200     300     500     100     400     900     
4948   1988 3600    2700    800     2200    200     300     1200    900     400     0       100     100     0       100     200     300     700     200     600     
4948   1989 4700    3100    1600    1600    1200    700     900     500     500     600     500     100     100     200     400     300     400     200     900     
4948   1990 3000    3400    500     2000    800     400     700     400     700     800     0       0       200     0       200     100     200     400     0       
4948   1991 2500    2000    600     700     900     100     700     700     0       700     100     100     0       0       100     300     200     200     100     
4948   1992 2800    1500    1400    1000    200     1300    300     600     300     100     0       100     300     200     800     0       0       300     100     
4948   1993 3800    1600    1600    1000    1300    400     600     900     0       300     500     500     200     100     100     200     400     0       600     
4948   1994 5700    2800    2100    1400    1700    1400    1100    700     100     1000    200     500     500     400     500     0       200     900     700     
4948   1995 4800    3300    2200    2000    1400    900     1100    300     1000    200     800     400     0       800     100     100     1000    0       100     
4948   1996 -999999 1100    -999999 100     -999999 -999999 900     0       0       0       100     -999999 400     -999999 -999999 100     300     500     100     
4948   1997 5700    2700    2400    1000    1800    1300    1000    0       900     900     300     600     200     100     1000    200     300     500     700     
4948   1998 7600    4600    3600    3000    2800    800     1300    1100    1200    800     1100    900     500     100     200     800     500     0       400     
4948   1999 7400    2800    4200    1500    2100    2000    1600    900     200     800     700     600     400     1000    600     900     600     100     600     
4948   2000 8200    3600    3000    2000    2400    1200    1800    500     900     900     500     1000    600     200     400     300     1000    500     1400    
4948   2001 6200    5100    2600    2900    1600    1300    1600    500     1000    700     400     500     100     400     800     400     1000    200     200     
4948   2002 8300    4000    3600    2300    1800    2300    1300    1100    1000    500     300     1000    700     300     1300    0       400     900     800     
4948   2003 7100    3600    4600    1600    2000    3200    900     800     0       700     400     900     1000    900     1300    100     100     700     200     
4948   2004 4700    2800    2000    1500    1100    1300    900     300     1000    500     400     200     200     400     700     100     200     600     100     
4948   2005 -999999 -999999 3100    -999999 1800    1200    1400    -999999 200     500     400     900     500     300     400     600     600     200     100     
4948   2006 6600    1500    3000    400     800     1800    2500    0       300     300     300     200     500     1300    0       700     1100    700     1200    
4948   2007 5900    5800    2200    3800    1300    1100    400     1600    1000    200     100     1000    800     0       300     0       200     200     500     
4948   2008 5000    2900    2300    2000    1200    1200    1100    1100    400     500     0       700     400     400     400     400     300     400     0       
4948   2009 4300    1300    2000    300     900     1000    1700    0       300     300     600     0       300     600     100     400     200     1100    400     
4948   2010 3400    2400    1900    700     800     1400    900     0       300     400     300     100     400     800     200     100     100     700     0       
4948   2011 4500    2400    2400    1100    1300    1200    600     700     400     500     700     100     300     0       900     400     200     0       300     
4948   2012 5800    2500    2400    1500    2200    900     600     600     600     800     600     800     400     200     300     100     100     400     900     
4948   2013 5100    2300    2500    1800    800     1400    1300    900     0       0       500     300     400     700     300     300     800     200     700     
4948   2014 7300    3800    3100    2200    1900    1300    2000    900     600     600     900     400     300     900     100     500     700     800     600     
4948   2015 6600    2800    2500    1200    200     2300    2000    500     100     100     0       100     0       1000    1300    100     500     1400    1500    
4948   2016 5300    5000    3100    3000    1300    1500    600     800     700     100     500     700     400     800     300     400     100     100     400     
4948   2017 4300    1700    2300    1000    1000    1600    800     0       600     500     100     400     200     700     700     200     600     0       300     
4948   2018 6800    2000    4100    1300    2100    2000    600     1000    0       100     1000    1000    900     300     800     100     200     300     1100    
4948   2019 6400    3300    2600    1900    1200    1800    2200    600     200     900     200     100     700     500     600     500     1100    600     400     
4948   2020 6200    4500    2200    2500    300     2000    1300    700     1400    300     0       0       400     200     1400    200     600     500     500     
4948   2021 3700    1900    2000    700     300     1500    1000    100     100     100     0       200     1300    200     0       300     400     300     700     
