EUROPEAN CLIMATE ASSESSMENT & DATASET (ECA&D), file created on: 20-01-2022
THESE DATA CAN BE USED FOR NON-COMMERCIAL RESEARCH AND EDUCATION PROVIDED THAT THE FOLLOWING SOURCE IS ACKNOWLEDGED: 

Klein Tank, A.M.G. and Coauthors, 2002. Daily dataset of 20th-century surface
air temperature and precipitation series for the European Climate Assessment.
Int. J. of Climatol., 22, 1441-1453.
Data and metadata available at http://www.ecad.eu

FILE FORMAT (MISSING VALUE CODE = -999999):

THIS FILE HOLDS DATA FOR STATION ITALY                                    BUSTO ARSIZIO (V.MAGENTA)                (STAID:  11509)
LATITUDE: dd:mm:ss +45:36:42
LONGITUDE: ddd:mm:ss +008:51:00
ELEVATION: m  222

DATA IS FOR INDEX Days with TN > 90th percentile of daily min temp (warm nights) (TN90p) with unit 0.01 No of days

01-06 SOUID: Source identifier
08-11 YEAR : YYYY
13-20 ANNUAL DATA VALUES
21-28 WINTER HALF YEAR DATA VALUES
29-36 SUMMER HALF YEAR DATA VALUES
37-44 WINTER (DJF) DATA VALUES
45-52 SPRING (MAM) DATA VALUES
53-60 SUMMER (JJA) DATA VALUES
61-68 AUTUMN (SON) DATA VALUES
69-76 JANUARY DATA VALUES
etc. 
157-164 DECEMBER DATA VALUES

11509  1951 3800    -999999 1800    -999999 500     700     1700    500     400     200     100     200     200     0       500     800     100     800     0       
11509  1952 5500    900     5100    0       1800    3000    600     0       0       0       1500    300     1200    1300    500     300     200     100     100     
11509  1953 6400    400     3200    100     1800    800     2000    0       0       0       800     1000    0       300     500     600     1400    0       1800    
11509  1954 4700    4100    2700    2100    1700    800     1300    100     200     600     600     500     500     100     200     800     100     400     600     
11509  1955 5600    3200    2400    2600    900     900     1200    1000    1000    100     500     300     500     300     100     700     100     400     600     
11509  1956 900     1300    500     800     200     300     0       200     0       0       200     0       100     0       200     0       0       0       200     
11509  1957 4300    1600    1800    700     1500    1200    700     0       500     900     500     100     400     700     100     0       300     400     400     
11509  1958 3600    1400    1100    700     100     800     1300    0       300     0       0       100     100     100     600     200     300     800     1100    
11509  1959 3800    3400    1400    1500    1000    900     1100    300     100     800     200     0       500     400     0       300     0       800     400     
11509  1960 4500    2700    1500    1100    1800    500     400     500     200     800     200     800     500     0       0       0       100     300     1100    
11509  1961 5100    1700    3300    1100    1900    1100    1700    0       0       200     1500    200     500     100     500     500     700     500     400     
11509  1962 2400    2100    1500    900     100     1200    600     400     100     0       100     0       800     0       400     200     0       400     0       
11509  1963 4900    700     3300    300     1400    1400    1500    300     0       0       800     600     500     600     300     500     0       1000    300     
11509  1964 5100    2100    2800    700     1500    1300    900     0       400     400     400     700     800     400     100     400     300     200     1000    
11509  1965 1900    2100    400     1300    300     400     500     300     0       300     0       0       300     100     0       0       0       500     400     
11509  1966 5400    2400    2600    1700    1500    700     1900    100     1200    200     800     500     600     0       100     600     1300    0       0       
11509  1967 3400    2800    1100    700     1200    600     800     500     200     800     0       400     0       400     200     100     200     500     100     
11509  1968 4200    1900    2000    1100    1200    900     600     100     900     100     500     600     200     700     0       0       100     500     500     
11509  1969 2600    1500    1900    500     1400    700     500     0       0       400     300     700     0       600     100     200     0       300     0       
11509  1970 3000    1300    1500    700     500     600     1200    600     100     300     200     0       500     100     0       700     300     200     0       
11509  1971 4400    1400    2800    800     1200    1700    600     600     200     100     400     700     100     400     1200    0       0       600     100     
11509  1972 -999999 4300    -999999 3000    -999999 400     -999999 1000    1900    700     -999999 100     0       200     200     0       200     -999999 400     
11509  1973 3400    -999999 2500    800     800     1700    100     300     100     100     0       700     900     100     700     100     0       0       400     
11509  1974 4200    3200    700     2400    1200    200     -999999 1100    900     800     300     100     0       0       200     100     0       600     100     
11509  1975 2700    -999999 500     1300    700     100     400     900     300     500     100     100     100     0       0       200     0       200     300     
11509  1976 1200    700     600     500     200     200     500     0       200     0       0       200     200     0       0       200     300     0       100     
11509  1977 2800    1500    500     500     1200    0       1100    200     200     700     300     200     0       0       0       0       1000    100     100     
11509  1978 1600    2100    -999999 600     400     -999999 0       500     0       400     0       0       100     -999999 0       0       0       0       600     
11509  1979 3100    1600    1300    1300    500     1100    400     200     500     300     0       200     800     200     100     0       300     100     400     
11509  1980 1300    900     900     400     100     800     300     0       0       100     0       0       100     0       700     100     0       200     100     
11509  1981 3000    900     2100    200     1000    800     1100    0       100     500     400     100     600     100     100     800     300     0       0       
11509  1982 6500    1300    3600    700     400     2100    2500    400     300     300     0       100     500     1400    200     1400    200     900     800     
11509  1983 3900    2400    3000    1100    900     1700    900     300     0       200     600     100     200     1000    500     600     200     100     100     
11509  1984 2100    700     300     300     100     200     900     100     100     100     0       0       0       0       200     100     300     500     700     
11509  1985 2800    2100    1100    800     700     800     400     100     0       500     0       200     200     400     200     100     200     100     800     
11509  1986 5200    1600    3300    800     2200    1400    1400    0       0       500     500     1200    600     100     700     200     200     1000    200     
11509  1987 5900    1800    4000    400     500     2600    2300    0       200     200     300     0       200     1200    1200    1100    1100    100     300     
11509  1988 7000    3600    3600    2300    1800    1700    1100    1800    200     100     700     1000    0       700     1000    200     900     0       400     
11509  1989 4100    2600    1600    1200    1100    1000    600     300     500     500     200     400     100     400     500     0       0       600     600     
11509  1990 -999999 2500    -999999 1700    1100    -999999 1400    400     700     200     100     800     -999999 100     200     200     1000    200     100     
11509  1991 11600   3300    8500    900     1300    6200    3000    700     100     1200    100     0       1400    2200    2600    2200    100     700     300     
11509  1992 11800   3600    7900    1600    4100    4200    1400    600     700     1200    900     2000    600     1400    2200    800     100     500     800     
11509  1993 11700   4500    6900    3000    3600    3900    1100    1600    600     900     1000    1700    1500    400     2000    300     500     300     900     
11509  1994 16800   6600    9100    3300    4700    5800    2700    1400    1000    2500    1000    1200    1400    2100    2300    1100    200     1400    1200    
11509  1995 12200   5700    6200    3600    2700    3900    2200    700     1700    500     1000    1200    700     2200    1000    100     1300    800     1000    
11509  1996 11900   6200    6400    3200    4200    3100    1000    1800    400     900     1800    1500    1600    700     800     0       100     900     1400    
11509  1997 12900   6700    6000    3700    3500    3100    2800    1200    1100    2000    400     1100    1000    600     1500    1400    900     500     1200    
11509  1998 12800   6600    8100    4100    3500    5100    900     1400    1500    1100    1100    1300    1900    1300    1900    600     200     100     400     
11509  1999 12400   3500    8200    2100    4100    4000    2400    1500    200     1100    1200    1800    1000    1500    1500    1200    700     500     200     
11509  2000 13700   3200    9100    1200    4700    4300    2100    200     800     800     1300    2600    2100    700     1500    900     900     300     1600    
11509  2001 13000   7700    6700    4500    4900    3800    1400    1400    1500    2000    1000    1900    900     1200    1700    0       1300    100     0       
11509  2002 8200    4300    2800    1000    3200    1500    1500    300     700     1900    700     600     1400    0       100     0       200     1300    1000    
11509  2003 9900    3000    7700    1000    2900    5300    900     0       0       500     1000    1400    2500    1000    1800    0       200     700     800     
11509  2004 11800   2100    7200    900     900     5400    3900    0       100     300     500     100     1800    1700    1900    1200    1600    1100    1500    
11509  2005 12300   6800    8000    2500    3900    4200    2900    700     300     1600    800     1500    2100    1500    600     1500    700     700     300     
11509  2006 15400   3000    9500    800     4000    5300    4000    100     400     800     1500    1700    2400    2700    200     1000    1500    1500    1600    
11509  2007 15900   9800    8900    5100    5900    4400    1500    2200    1300    1700    2500    1700    1800    1500    1100    300     600     600     600     
11509  2008 13700   6100    7300    3200    3800    4400    2400    1500    1100    1700    700     1400    1600    1300    1500    800     1000    600     500     
11509  2009 15700   4100    10500   1200    5100    5500    3600    300     400     1300    1600    2200    1700    1400    2400    1200    600     1800    800     
11509  2010 12900   5800    8400    2100    3500    5800    1700    400     900     1300    1200    1000    2100    2400    1300    400     100     1200    600     
11509  2011 18300   5700    11900   2600    6700    4500    4100    700     1300    1800    2700    2200    1700    600     2200    2500    800     800     1000    
11509  2012 17300   6600    10900   2500    5300    6600    3600    900     600     2500    1500    1300    2200    1800    2600    1500    800     1300    300     
11509  2013 14600   4700    9400    1900    3200    5600    3300    1200    400     700     1600    900     1600    2000    2000    1300    1200    800     900     
11509  2014 17500   9900    6100    5400    5500    2200    4100    2400    2100    2500    2200    800     1200    300     700     900     1500    1700    1200    
11509  2015 15600   8200    9800    3400    4600    6300    1100    1500    700     1600    1400    1600    1900    3000    1400    500     300     300     1400    
11509  2016 15300   6000    8600    4100    4100    4400    2800    1000    1700    1300    1900    900     1400    1600    1400    1400    300     1100    1300    
11509  2017 14800   6700    9500    2900    5500    6000    1200    100     1500    2400    1700    1400    2200    1800    2000    400     200     600     500     
11509  2018 15100   4000    9300    2300    3900    4500    4700    1300    500     900     1500    1500    1400    1200    1900    1800    1200    1700    200     
11509  2019 9900    3600    5900    600     1100    4200    3100    300     100     100     800     200     1500    1100    1600    700     1200    1200    1100    
11509  2020 9800    4700    6400    1800    1900    3600    -999999 300     400     500     600     800     700     700     2200    1400    500     -999999 1300    
11509  2021 -999999 -999999 -999999 3500    1100    -999999 -999999 800     1400    300     400     400     1700    800     -999999 -999999 -999999 1100    300     
