EUROPEAN CLIMATE ASSESSMENT & DATASET (ECA&D), file created on: 20-01-2022
THESE DATA CAN BE USED FOR NON-COMMERCIAL RESEARCH AND EDUCATION PROVIDED THAT THE FOLLOWING SOURCE IS ACKNOWLEDGED: 

Klein Tank, A.M.G. and Coauthors, 2002. Daily dataset of 20th-century surface
air temperature and precipitation series for the European Climate Assessment.
Int. J. of Climatol., 22, 1441-1453.
Data and metadata available at http://www.ecad.eu

FILE FORMAT (MISSING VALUE CODE = -999999):

THIS FILE HOLDS DATA FOR STATION IRELAND                                  SLIEVE BLOOM MTNS.(NEALSTOWN)            (STAID:   1757)
LATITUDE: dd:mm:ss +52:59:35
LONGITUDE: ddd:mm:ss -007:42:14
ELEVATION: m  219

DATA IS FOR INDEX Days with TN > 90th percentile of daily min temp (warm nights) (TN90p) with unit 0.01 No of days

01-06 SOUID: Source identifier
08-11 YEAR : YYYY
13-20 ANNUAL DATA VALUES
21-28 WINTER HALF YEAR DATA VALUES
29-36 SUMMER HALF YEAR DATA VALUES
37-44 WINTER (DJF) DATA VALUES
45-52 SPRING (MAM) DATA VALUES
53-60 SUMMER (JJA) DATA VALUES
61-68 AUTUMN (SON) DATA VALUES
69-76 JANUARY DATA VALUES
etc. 
157-164 DECEMBER DATA VALUES

1757   1999 -999999 -999999 -999999 -999999 -999999 -999999 -999999 -999999 -999999 -999999 -999999 -999999 -999999 -999999 -999999 -999999 -999999 -999999 -999999 
1757   2000 -999999 -999999 -999999 -999999 -999999 -999999 -999999 -999999 -999999 -999999 -999999 -999999 -999999 -999999 -999999 -999999 -999999 -999999 -999999 
1757   2001 -999999 -999999 -999999 -999999 -999999 -999999 -999999 -999999 -999999 -999999 -999999 -999999 -999999 -999999 -999999 -999999 -999999 -999999 -999999 
1757   2002 -999999 -999999 -999999 -999999 -999999 -999999 -999999 -999999 -999999 -999999 -999999 -999999 -999999 -999999 -999999 -999999 -999999 -999999 -999999 
1757   2003 -999999 -999999 -999999 -999999 -999999 -999999 -999999 -999999 -999999 -999999 -999999 -999999 -999999 -999999 -999999 -999999 -999999 -999999 -999999 
1757   2004 -999999 -999999 -999999 -999999 -999999 -999999 -999999 -999999 -999999 -999999 -999999 -999999 -999999 -999999 -999999 -999999 -999999 -999999 -999999 
1757   2005 -999999 -999999 -999999 -999999 -999999 -999999 -999999 -999999 -999999 -999999 -999999 -999999 -999999 -999999 -999999 -999999 -999999 -999999 -999999 
1757   2006 -999999 -999999 -999999 -999999 -999999 -999999 -999999 -999999 -999999 -999999 -999999 -999999 -999999 -999999 -999999 -999999 -999999 -999999 -999999 
1757   2007 -999999 -999999 -999999 -999999 -999999 -999999 -999999 -999999 -999999 -999999 -999999 -999999 -999999 -999999 -999999 -999999 -999999 -999999 -999999 
1757   2008 -999999 -999999 -999999 -999999 -999999 -999999 -999999 -999999 -999999 -999999 -999999 -999999 -999999 -999999 -999999 -999999 -999999 -999999 -999999 
1757   2009 -999999 -999999 -999999 -999999 -999999 -999999 -999999 -999999 -999999 -999999 -999999 -999999 -999999 -999999 -999999 -999999 -999999 -999999 -999999 
1757   2010 -999999 -999999 -999999 -999999 -999999 -999999 -999999 -999999 -999999 -999999 -999999 -999999 -999999 -999999 -999999 -999999 -999999 -999999 -999999 
1757   2011 -999999 -999999 -999999 -999999 -999999 -999999 -999999 -999999 -999999 -999999 -999999 -999999 -999999 -999999 -999999 -999999 -999999 -999999 -999999 
1757   2012 -999999 -999999 -999999 -999999 -999999 -999999 -999999 -999999 -999999 -999999 -999999 -999999 -999999 -999999 -999999 -999999 -999999 -999999 -999999 
1757   2013 -999999 -999999 -999999 -999999 -999999 -999999 -999999 -999999 -999999 -999999 -999999 -999999 -999999 -999999 -999999 -999999 -999999 -999999 -999999 
1757   2014 -999999 -999999 -999999 -999999 -999999 -999999 -999999 -999999 -999999 -999999 -999999 -999999 -999999 -999999 -999999 -999999 -999999 -999999 -999999 
1757   2015 -999999 -999999 -999999 -999999 -999999 -999999 -999999 -999999 -999999 -999999 -999999 -999999 -999999 -999999 -999999 -999999 -999999 -999999 -999999 
1757   2016 -999999 -999999 -999999 -999999 -999999 -999999 -999999 -999999 -999999 -999999 -999999 -999999 -999999 -999999 -999999 -999999 -999999 -999999 -999999 
1757   2017 -999999 -999999 -999999 -999999 -999999 -999999 -999999 -999999 -999999 -999999 -999999 -999999 -999999 -999999 -999999 -999999 -999999 -999999 -999999 
1757   2018 -999999 -999999 -999999 -999999 -999999 -999999 -999999 -999999 -999999 -999999 -999999 -999999 -999999 -999999 -999999 -999999 -999999 -999999 -999999 
1757   2019 -999999 -999999 -999999 -999999 -999999 -999999 -999999 -999999 -999999 -999999 -999999 -999999 -999999 -999999 -999999 -999999 -999999 -999999 -999999 
1757   2020 -999999 -999999 -999999 -999999 -999999 -999999 -999999 -999999 -999999 -999999 -999999 -999999 -999999 -999999 -999999 -999999 -999999 -999999 -999999 
1757   2021 -999999 -999999 -999999 -999999 -999999 -999999 -999999 -999999 -999999 -999999 -999999 -999999 -999999 -999999 -999999 -999999 -999999 -999999 -999999 
