EUROPEAN CLIMATE ASSESSMENT & DATASET (ECA&D), file created on: 20-01-2022
THESE DATA CAN BE USED FOR NON-COMMERCIAL RESEARCH AND EDUCATION PROVIDED THAT THE FOLLOWING SOURCE IS ACKNOWLEDGED: 

Klein Tank, A.M.G. and Coauthors, 2002. Daily dataset of 20th-century surface
air temperature and precipitation series for the European Climate Assessment.
Int. J. of Climatol., 22, 1441-1453.
Data and metadata available at http://www.ecad.eu

FILE FORMAT (MISSING VALUE CODE = -999999):

THIS FILE HOLDS DATA FOR STATION GERMANY                                  WRIXUM/FOHR                              (STAID:   4795)
LATITUDE: dd:mm:ss +54:41:39
LONGITUDE: ddd:mm:ss +008:31:41
ELEVATION: m    8

DATA IS FOR INDEX Days with TN > 90th percentile of daily min temp (warm nights) (TN90p) with unit 0.01 No of days

01-06 SOUID: Source identifier
08-11 YEAR : YYYY
13-20 ANNUAL DATA VALUES
21-28 WINTER HALF YEAR DATA VALUES
29-36 SUMMER HALF YEAR DATA VALUES
37-44 WINTER (DJF) DATA VALUES
45-52 SPRING (MAM) DATA VALUES
53-60 SUMMER (JJA) DATA VALUES
61-68 AUTUMN (SON) DATA VALUES
69-76 JANUARY DATA VALUES
etc. 
157-164 DECEMBER DATA VALUES

4795   1887 -999999 -999999 -999999 -999999 -999999 -999999 0       -999999 -999999 -999999 -999999 -999999 -999999 500     300     0       0       0       0       
4795   1888 800     0       800     0       200     600     0       0       0       0       0       200     600     0       0       0       0       0       0       
4795   1889 3600    0       3600    0       1300    2200    100     0       0       0       0       1300    1800    400     0       100     0       0       0       
4795   1890 1600    0       1300    0       900     0       700     0       0       0       0       900     0       0       0       400     200     100     0       
4795   1891 3800    300     2700    0       0       1600    1800    0       0       0       0       0       700     800     100     1100    700     0       400     
4795   1892 700     1100    700     400     300     300     100     0       0       0       0       300     0       0       300     100     0       0       0       
4795   1893 2200    0       1700    0       200     1300    600     0       0       0       0       200     300     300     700     200     200     200     100     
4795   1894 3100    1200    2200    500     2100    400     100     0       400     300     1500    300     0       400     0       0       0       100     100     
4795   1895 1700    200     1400    100     900     400     400     0       0       0       700     200     200     100     100     100     0       300     0       
4795   1896 1900    600     1600    100     300     1300    200     0       100     200     100     0       900     400     0       200     0       0       0       
4795   1897 2200    300     1600    0       800     1100    200     0       0       300     100     400     1000    0       100     0       0       200     100     
4795   1898 3400    1800    900     1600    300     400     400     1300    200     0       100     200     0       0       400     200     0       200     800     
4795   1899 4000    2400    1500    1900    900     800     1100    300     800     300     300     300     200     600     0       100     0       1000    100     
4795   1900 2800    1200    1800    200     200     1300    600     0       100     0       0       200     100     700     500     300     300     0       600     
4795   1901 3100    900     2600    600     300     1800    900     0       0       0       200     100     400     1000    400     500     300     100     100     
4795   1902 1200    1400    300     1000    200     100     0       900     0       0       100     100     100     0       0       0       0       0       0       
4795   1903 3500    2100    1200    1100    1400    600     400     100     1000    1000    0       400     400     200     0       200     0       200     0       
4795   1904 2200    200     1200    0       400     700     600     0       0       0       300     100     100     500     100     100     0       500     500     
4795   1905 2800    1200    2400    600     600     1700    200     100     0       100     100     400     900     600     200     200     0       0       200     
4795   1906 3400    500     1800    200     1100    700     1500    0       0       300     200     600     300     200     200     300     600     600     100     
4795   1907 1700    1500    700     300     700     0       700     200     0       0       200     500     0       0       0       0       700     0       100     
4795   1908 2600    1300    1800    600     500     1200    300     0       500     0       200     300     500     700     0       100     200     0       100     
4795   1909 1200    400     300     100     300     100     800     0       0       100     200     0       100     0       0       0       800     0       0       
4795   1910 2800    1500    1700    500     1000    900     200     100     400     200     300     500     800     100     0       0       200     0       200     
4795   1911 5000    1600    3400    1200    1600    1700    700     300     700     200     200     1200    200     500     1000    300     0       400     0       
4795   1912 3800    1600    1900    400     1100    1600    0       300     100     800     300     0       400     1200    0       0       0       0       700     
4795   1913 4600    1500    1600    800     1500    500     1600    0       100     700     700     100     100     200     200     300     300     1000    900     
4795   1914 6300    3700    4000    2100    1800    2300    400     200     1000    300     1300    200     300     1400    600     200     0       200     600     
4795   1915 1000    1100    700     700     200     600     100     0       100     200     0       0       400     200     0       100     0       0       0       
4795   1916 3200    1500    1000    1500    700     300     700     1400    100     0       400     300     0       0       300     0       200     500     0       
4795   1917 4100    1000    3100    300     400     2300    1000    300     0       0       0       400     1300    200     800     400     100     500     100     
4795   1918 2700    1100    2000    500     1500    400     200     0       400     0       800     700     0       200     200     100     100     0       200     
4795   1919 1500    800     900     500     700     100     400     300     0       200     300     200     100     0       0       300     100     0       0       
4795   1920 6200    2300    3900    1000    4100    900     200     100     900     1200    1800    1100    600     300     0       100     0       100     0       
4795   1921 7300    2900    3900    1300    4000    1300    500     900     400     1500    1100    1400    300     600     400     100     400     0       200     
4795   1922 1300    600     1100    200     900     200     0       0       0       0       300     600     100     0       100     0       0       0       200     
4795   1923 2800    1100    1300    1000    200     1100    600     600     200     100     100     0       0       1100    0       100     400     100     100     
4795   1924 1000    600     700     100     100     100     500     0       0       0       0       100     100     0       0       500     0       0       300     
4795   1925 6000    2600    3500    2400    1700    1900    300     900     1200    200     200     1300    400     1000    500     100     0       200     0       
4795   1926 4600    900     3100    400     1100    1600    1000    100     300     300     700     100     300     1000    300     700     0       300     500     
4795   1927 5400    3000    2300    1400    1800    1300    1400    600     300     1300    500     0       0       400     900     500     500     400     0       
4795   1928 3700    1400    1700    500     600     700     1900    0       500     0       400     200     0       200     500     400     300     1200    0       
4795   1929 1900    1500    1200    0       600     400     300     0       0       0       0       600     0       300     100     200     0       100     600     
4795   1930 2200    1100    1600    1000    300     1200    300     400     0       0       300     0       800     300     100     100     0       200     0       
4795   1931 1900    200     1300    0       900     400     400     0       0       0       0       900     0       300     100     0       200     200     200     
4795   1932 3800    1400    2700    800     800     1700    600     500     100     200     200     400     100     1000    600     400     0       200     100     
4795   1933 2000    400     1700    100     600     1100    300     0       0       100     200     300     500     300     300     100     200     0       0       
4795   1934 5500    1000    2700    700     1500    700     1600    0       700     100     700     700     100     300     300     600     700     300     1000    
4795   1935 3400    2800    2400    1700    500     1600    600     200     500     100     400     0       800     300     500     400     100     100     0       
4795   1936 2700    600     2100    200     300     1700    300     200     0       200     100     0       700     600     400     300     0       0       200     
4795   1937 -999999 -999999 2600    -999999 1100    1300    200     -999999 -999999 0       500     600     600     400     300     200     0       0       0       
4795   1938 -999999 -999999 -999999 -999999 -999999 -999999 -999999 -999999 -999999 -999999 -999999 -999999 -999999 -999999 -999999 -999999 -999999 -999999 -999999 
4795   1939 -999999 -999999 -999999 -999999 -999999 -999999 -999999 -999999 -999999 -999999 -999999 -999999 -999999 -999999 -999999 -999999 -999999 -999999 -999999 
4795   1940 -999999 -999999 -999999 -999999 -999999 -999999 -999999 -999999 -999999 -999999 -999999 -999999 -999999 -999999 -999999 -999999 -999999 -999999 -999999 
4795   1941 -999999 -999999 -999999 -999999 -999999 1500    0       0       0       0       -999999 0       400     1100    0       0       0       0       600     
4795   1942 3200    600     2100    600     0       1500    1200    0       0       0       0       0       0       200     1300    600     400     200     500     
4795   1943 4600    2500    3000    1400    1800    1100    800     0       900     500     1200    100     100     100     900     600     200     0       0       
4795   1944 -999999 1500    2800    1300    600     2100    300     1000    300     0       400     200     300     600     1200    100     0       200     -999999 
4795   1945 -999999 -999999 -999999 -999999 -999999 -999999 -999999 -999999 -999999 -999999 -999999 -999999 -999999 -999999 -999999 -999999 -999999 -999999 -999999 
4795   1946 -999999 -999999 -999999 -999999 -999999 -999999 -999999 -999999 -999999 -999999 -999999 -999999 -999999 -999999 -999999 -999999 -999999 -999999 -999999 
4795   1947 -999999 -999999 -999999 -999999 -999999 -999999 1300    -999999 -999999 -999999 -999999 -999999 -999999 -999999 -999999 1100    0       200     100     
4795   1948 6100    1100    4300    600     1800    1600    1700    400     100     300     1300    200     100     800     700     1200    200     300     500     
4795   1949 5200    2400    2400    1900    800     400     2400    300     1100    0       700     100     0       100     300     1200    1100    100     200     
4795   1950 5100    2400    4000    600     1700    2600    400     0       400     600     500     600     700     900     1000    300     100     0       0       
4795   1951 3900    100     2300    0       200     1200    1700    0       0       0       200     0       200     200     800     900     0       800     800     
4795   1952 2900    2500    2000    1500    1400    800     0       200     500     200     1000    200     100     500     200     0       0       0       0       
4795   1953 6200    200     3900    100     1400    2400    1900    100     0       100     500     800     1200    900     300     200     600     1100    400     
4795   1954 2800    2100    1800    400     500     700     1200    0       0       0       0       500     600     100     0       600     400     200     400     
4795   1955 4100    1000    3100    400     100     2000    1700    0       0       0       100     0       100     600     1300    1000    400     300     300     
4795   1956 2200    1200    600     500     100     100     1000    200     0       0       0       100     100     0       0       400     500     100     800     
4795   1957 5900    3300    2700    2100    1400    1800    1400    400     900     600     400     400     300     1000    500     100     500     800     0       
4795   1958 3300    1500    1800    200     100     1200    1700    0       200     0       0       100     300     500     400     500     900     300     100     
4795   1959 3900    1900    3100    500     1400    1800    200     200     200     200     1100    100     300     300     1200    100     100     0       100     
4795   1960 4200    1200    2400    900     900     1200    800     700     100     200     300     400     300     300     600     500     0       300     500     
4795   1961 6500    3400    3100    1600    3100    700     1600    0       1100    1500    1100    500     400     200     100     800     600     200     0       
4795   1962 1000    1100    200     300     100     0       600     200     100     0       100     0       0       0       0       100     400     100     0       
4795   1963 2300    500     1500    0       300     1200    800     0       0       0       100     200     400     500     300     0       100     700     0       
4795   1964 3200    800     2000    0       800     1000    1000    0       0       0       800     0       300     200     500     200     0       800     400     
4795   1965 1000    1300    800     500     0       500     400     100     0       0       0       0       0       100     400     300     100     0       0       
4795   1966 2400    100     2000    0       400     1400    600     0       0       0       0       400     1000    300     100     200     400     0       0       
4795   1967 3700    1400    1800    400     1300    600     1300    0       400     600     100     600     0       400     200     500     700     100     100     
4795   1968 5700    1900    3800    300     1900    1900    1700    200     0       800     900     200     900     200     800     800     500     400     0       
4795   1969 3300    900     2800    0       100     1900    1300    0       0       0       0       100     600     900     400     800     500     0       0       
4795   1970 -999999 -999999 1200    -999999 -999999 1200    600     -999999 -999999 -999999 0       0       800     300     100     0       300     300     400     
4795   1971 -999999 1300    -999999 700     500     -999999 -999999 0       300     0       100     400     200     300     -999999 -999999 -999999 -999999 1800    
4795   1972 -999999 -999999 1900    -999999 -999999 900     300     -999999 -999999 -999999 700     300     0       700     200     0       0       300     900     
4795   1973 2800    2200    1700    1600    500     1100    500     100     600     300     0       200     300     700     100     400     0       100     0       
4795   1974 3800    1600    1200    1500    500     400     500     700     800     0       400     100     0       0       400     300     0       200     900     
4795   1975 5500    3300    2800    2700    600     1900    800     1700    100     400     0       200     100     300     1500    700     100     0       400     
4795   1976 3000    1300    1800    1100    700     1200    400     500     200     100     200     400     100     700     400     0       100     300     0       
4795   1977 3100    1200    1000    0       800     900     1100    0       0       800     0       0       500     200     200     100     500     500     300     
4795   1978 2900    1600    1100    400     500     800     1500    100     0       200     0       300     500     100     200     0       500     1000    0       
4795   1979 2500    1500    1400    0       500     800     300     0       0       0       0       500     600     0       200     100     0       200     900     
4795   1980 3300    1200    1900    1000    100     1400    1100    0       100     0       100     0       600     400     400     400     100     600     600     
4795   1981 4000    2000    2800    900     1800    700     1200    0       300     400     400     1000    200     300     200     700     200     300     0       
4795   1982 3400    500     2500    0       500     1500    1400    0       0       0       200     300     400     400     700     500     500     400     0       
4795   1983 5400    3100    2600    1800    1100    1500    900     1800    0       400     600     100     100     1000    400     400     400     100     100     
4795   1984 2100    900     1000    400     400     500     700     200     100     0       100     300     100     100     300     100     500     100     200     
4795   1985 2700    800     1500    200     700     700     800     0       0       0       300     400     0       400     300     100     700     0       500     
4795   1986 2600    1300    900     600     400     500     1100    100     0       0       0       400     100     300     100     0       100     1000    500     
4795   1987 2700    1600    1200    500     600     600     500     0       0       0       500     100     100     300     200     0       100     400     1000    
4795   1988 4800    3100    2100    2600    1300    700     300     1200    400     0       300     1000    200     300     200     100     0       200     900     
4795   1989 9300    5600    3300    4100    2800    1100    1600    1400    1800    1300    900     600     300     500     300     700     700     200     600     
4795   1990 8200    6500    2300    3800    3300    800     900     1300    1900    1800    800     700     300     100     400     0       600     300     0       
4795   1991 4600    2200    3200    500     2200    1600    200     400     100     800     1400    0       0       1000    600     200     0       0       100     
4795   1992 8000    2800    4600    2000    2600    2600    300     1000    900     800     600     1200    1200    700     700     200     0       100     600     
4795   1993 3500    1900    2200    1500    2300    200     0       800     100     300     1000    1000    200     0       0       0       0       0       100     
4795   1994 7400    1300    4000    800     1800    2700    1000    700     0       500     800     500     100     1900    700     0       0       1000    1200    
4795   1995 8200    4100    4600    2900    1400    2500    2600    100     1600    200     800     400     200     1300    1000    900     1700    0       0       
4795   1996 2900    1700    2400    0       500     1900    500     0       0       0       400     100     400     200     1300    0       200     300     0       
4795   1997 8500    2200    6100    1000    1700    4700    900     0       1000    700     400     600     700     1400    2600    400     500     0       200     
4795   1998 8100    4200    4400    2700    3400    1200    900     700     1800    1000    1500    900     600     300     300     800     100     0       100     
4795   1999 11000   2500    7400    1500    3300    2200    4000    800     600     900     1700    700     100     1100    1000    2800    300     900     100     
4795   2000 10400   4700    4400    2800    3600    800     2100    1300    1400    700     1300    1600    400     100     300     700     800     600     1200    
4795   2001 7400    3300    4000    1700    1100    3000    2800    500     0       200     600     300     200     1500    1300    100     2000    700     0       
4795   2002 11800   6300    8100    2400    3700    4200    1500    1000    1400    1200    1000    1500    900     800     2500    1400    0       100     0       
4795   2003 -999999 700     -999999 400     1400    -999999 -999999 400     0       200     600     600     1200    -999999 -999999 -999999 -999999 -999999 -999999 
