EUROPEAN CLIMATE ASSESSMENT & DATASET (ECA&D), file created on: 20-01-2022
THESE DATA CAN BE USED FOR NON-COMMERCIAL RESEARCH AND EDUCATION PROVIDED THAT THE FOLLOWING SOURCE IS ACKNOWLEDGED: 

Klein Tank, A.M.G. and Coauthors, 2002. Daily dataset of 20th-century surface
air temperature and precipitation series for the European Climate Assessment.
Int. J. of Climatol., 22, 1441-1453.
Data and metadata available at http://www.ecad.eu

FILE FORMAT (MISSING VALUE CODE = -999999):

THIS FILE HOLDS DATA FOR STATION NORWAY                                   VINGER                                   (STAID:  19015)
LATITUDE: dd:mm:ss +60:13:10
LONGITUDE: ddd:mm:ss +012:01:41
ELEVATION: m  175

DATA IS FOR INDEX Days with TN > 90th percentile of daily min temp (warm nights) (TN90p) with unit 0.01 No of days

01-06 SOUID: Source identifier
08-11 YEAR : YYYY
13-20 ANNUAL DATA VALUES
21-28 WINTER HALF YEAR DATA VALUES
29-36 SUMMER HALF YEAR DATA VALUES
37-44 WINTER (DJF) DATA VALUES
45-52 SPRING (MAM) DATA VALUES
53-60 SUMMER (JJA) DATA VALUES
61-68 AUTUMN (SON) DATA VALUES
69-76 JANUARY DATA VALUES
etc. 
157-164 DECEMBER DATA VALUES

19015  1957 5300    -999999 2900    -999999 1100    2100    700     600     200     400     300     400     400     1500    200     100     100     500     600     
19015  1958 2000    1300    1100    700     0       800     1000    100     0       0       0       0       200     400     200     300     500     200     100     
19015  1959 6000    1800    2300    600     1600    1200    1200    0       500     500     900     200     100     500     600     0       0       1200    1500    
19015  1960 4700    3600    2800    2100    800     1300    1300    600     0       300     100     400     600     200     500     1000    0       300     700     
19015  1961 4800    2300    1900    1400    1300    700     2100    300     400     600     200     500     400     200     100     500     1300    300     0       
19015  1962 1000    2100    100     500     0       100     300     400     100     0       0       0       100     0       0       0       200     100     100     
19015  1963 3200    400     2700    100     1000    1600    300     0       0       0       100     900     300     400     900     100     200     0       300     
19015  1964 3600    1100    2400    900     1300    700     500     400     200     0       900     400     200     200     300     400     0       100     500     
19015  1965 3300    1700    1900    1200    700     600     1300    600     100     400     300     0       200     100     300     1000    300     0       0       
19015  1966 2800    700     1000    0       600     500     1200    0       0       400     100     100     200     300     0       300     600     300     500     
19015  1967 4500    3000    2100    1100    1700    1000    1100    100     500     1000    500     200     100     400     500     400     400     300     100     
19015  1968 3800    1500    2900    100     1700    1100    1000    0       0       700     800     200     700     200     200     800     100     100     0       
19015  1969 3000    600     1700    400     300     900     1100    400     0       0       100     200     400     200     300     500     600     0       300     
19015  1970 1600    900     1000    300     100     700     700     0       0       0       0       100     300     300     100     200     100     400     100     
19015  1971 4500    2500    1400    2000    900     500     500     1100    800     0       200     700     200     300     0       0       300     200     700     
19015  1972 4600    1300    2700    800     600     2100    100     0       100     0       100     500     500     1000    600     0       100     0       1700    
19015  1973 3200    3100    1700    2400    1300    1000    0       500     200     600     200     500     400     500     100     0       0       0       200     
19015  1974 3900    1900    1200    1800    400     600     700     700     900     100     200     100     100     0       500     300     0       400     600     
19015  1975 5400    2500    2200    1800    900     1000    1800    1000    200     300     0       600     300     300     400     600     500     700     500     
19015  1976 2600    2200    1500    700     600     1200    300     0       200     300     200     100     300     700     200     0       0       300     300     
19015  1977 3500    1500    1600    500     1000    1200    900     200     0       700     0       300     500     100     600     100     500     300     200     
19015  1978 3700    2100    1800    500     1100    1500    800     0       300     800     0       300     400     800     300     0       100     700     0       
19015  1979 3000    1200    1700    0       1200    500     900     0       0       400     400     400     300     0       200     400     400     100     400     
19015  1980 2700    1000    2100    500     300     1000    900     0       100     0       200     100     500     100     400     800     0       100     400     
19015  1981 2000    700     1500    500     700     700     500     0       100     100     400     200     100     200     400     200     200     100     0       
19015  1982 3300    900     1400    400     300     800     1400    0       400     200     100     0       200     300     300     500     200     700     400     
19015  1983 5200    2700    2600    1400    1700    800     1200    1000    0       400     800     500     200     300     300     500     300     400     500     
19015  1984 4200    1500    2200    800     1500    700     1000    300     0       0       600     900     300     0       400     0       500     500     700     
19015  1985 1900    1700    1200    700     300     800     500     0       0       0       0       300     100     200     500     100     400     0       300     
19015  1986 3500    1000    1300    300     800     800     1300    0       0       300     100     400     300     500     0       0       300     1000    600     
19015  1987 1600    2000    600     700     200     400     600     0       100     0       100     100     0       100     300     0       300     300     300     
19015  1988 5600    3100    3400    2500    700     2300    400     1300    900     0       600     100     900     1000    400     400     0       0       0       
19015  1989 7200    3600    2500    2600    2200    800     1400    1100    1500    1000    1000    200     200     100     500     500     300     600     200     
19015  1990 7500    5100    2000    3000    2200    1000    900     700     2100    1200    600     400     200     200     600     0       600     300     600     
19015  1991 4400    2800    2000    1200    1500    1100    800     200     400     700     800     0       0       600     500     100     100     600     400     
19015  1992 5800    3600    2300    1600    2300    1000    300     600     600     1300    300     700     200     700     100     300     0       0       1000    
19015  1993 3000    2400    1300    2000    1600    100     100     900     100     400     500     700     100     0       0       0       100     0       200     
19015  1994 3200    600     1800    400     600     1300    400     200     0       100     500     0       0       800     500     0       200     200     700     
19015  1995 5100    2200    2500    1700    600     1200    2200    400     600     100     100     400     500     100     600     800     1100    300     100     
19015  1996 3300    1900    1700    500     600     1100    800     300     100     0       400     200     200     300     600     0       500     300     400     
19015  1997 -999999 2600    -999999 1200    1200    2700    -999999 100     700     600     400     200     400     900     1400    -999999 100     200     800     
19015  1998 5800    3700    2400    2900    1600    500     1100    1100    1000    500     700     400     200     200     100     800     200     100     500     
19015  1999 6700    2300    3800    1400    1600    1100    2800    900     0       600     800     200     400     500     200     1700    200     900     300     
19015  2000 9500    2600    3000    1200    1700    1300    3900    400     500     300     1100    300     500     400     400     300     1200    2400    1700    
19015  2001 4800    6800    2400    2800    1200    1200    1200    800     300     400     700     100     100     400     700     400     700     100     100     
19015  2002 6300    2500    4600    1500    1800    2800    300     500     900     200     1000    600     600     1300    900     200     100     0       0       
19015  2003 6800    1300    4000    800     1100    2600    1500    700     100     400     100     600     600     1400    600     700     0       800     800     
19015  2004 5500    2000    4500    900     2400    1900    600     100     0       300     1300    800     200     400     1300    500     100     0       500     
19015  2005 -999999 -999999 -999999 -999999 -999999 -999999 -999999 -999999 -999999 -999999 -999999 -999999 -999999 -999999 -999999 -999999 -999999 -999999 -999999 
19015  2006 -999999 -999999 -999999 -999999 -999999 -999999 -999999 -999999 -999999 -999999 -999999 -999999 -999999 -999999 -999999 -999999 -999999 -999999 -999999 
19015  2007 -999999 -999999 -999999 -999999 -999999 -999999 -999999 -999999 -999999 -999999 -999999 -999999 -999999 -999999 -999999 -999999 -999999 -999999 -999999 
19015  2008 -999999 -999999 -999999 -999999 -999999 -999999 -999999 -999999 -999999 -999999 -999999 -999999 -999999 -999999 -999999 -999999 -999999 -999999 -999999 
19015  2009 -999999 -999999 -999999 -999999 -999999 -999999 -999999 -999999 -999999 -999999 -999999 -999999 -999999 -999999 -999999 -999999 -999999 -999999 -999999 
19015  2010 6900    -999999 5800    -999999 1800    3800    1300    0       0       300     600     900     500     1900    1400    500     700     100     0       
19015  2011 8800    1200    5800    100     1700    3400    3000    100     0       300     1000    400     800     1700    900     1000    700     1300    600     
19015  2012 5700    4000    3100    1100    2000    1700    1100    300     200     900     300     800     0       900     800     300     0       800     400     
19015  2013 6800    1600    3700    800     2100    1300    1500    300     100     0       600     1500    400     400     500     300     800     400     1500    
19015  2014 10900   6500    3900    4100    2500    2200    3200    900     1700    1200    600     700     300     1500    400     400     1200    1600    400     
19015  2015 6200    5000    2800    1700    1600    1000    1100    500     800     500     800     300     0       600     400     700     100     300     1200    
19015  2016 8000    3100    5000    2200    2300    1600    2300    400     600     500     1000    800     400     700     500     1600    0       700     800     
19015  2017 5500    2700    3400    1500    1500    1500    1500    200     500     500     400     600     800     200     500     900     600     0       300     
19015  2018 8900    1000    6400    400     2100    3500    2800    100     0       0       700     1400    1000    1700    800     800     600     1400    400     
19015  2019 -999999 3500    -999999 1100    1500    -999999 -999999 100     600     400     500     600     600     -999999 -999999 -999999 -999999 -999999 -999999 
19015  2020 -999999 -999999 -999999 -999999 -999999 -999999 -999999 -999999 -999999 -999999 -999999 -999999 -999999 -999999 -999999 -999999 900     1300    2000    
19015  2021 -999999 5700    -999999 2900    900     -999999 -999999 200     700     600     0       300     1200    -999999 -999999 -999999 1500    700     500     
