EUROPEAN CLIMATE ASSESSMENT & DATASET (ECA&D), file created on: 20-01-2022
THESE DATA CAN BE USED FOR NON-COMMERCIAL RESEARCH AND EDUCATION PROVIDED THAT THE FOLLOWING SOURCE IS ACKNOWLEDGED: 

Klein Tank, A.M.G. and Coauthors, 2002. Daily dataset of 20th-century surface
air temperature and precipitation series for the European Climate Assessment.
Int. J. of Climatol., 22, 1441-1453.
Data and metadata available at http://www.ecad.eu

FILE FORMAT (MISSING VALUE CODE = -999999):

THIS FILE HOLDS DATA FOR STATION NORWAY                                   SOLVAER III                              (STAID:  18170)
LATITUDE: dd:mm:ss +66:22:14
LONGITUDE: ddd:mm:ss +012:36:38
ELEVATION: m   10

DATA IS FOR INDEX Days with TN > 90th percentile of daily min temp (warm nights) (TN90p) with unit 0.01 No of days

01-06 SOUID: Source identifier
08-11 YEAR : YYYY
13-20 ANNUAL DATA VALUES
21-28 WINTER HALF YEAR DATA VALUES
29-36 SUMMER HALF YEAR DATA VALUES
37-44 WINTER (DJF) DATA VALUES
45-52 SPRING (MAM) DATA VALUES
53-60 SUMMER (JJA) DATA VALUES
61-68 AUTUMN (SON) DATA VALUES
69-76 JANUARY DATA VALUES
etc. 
157-164 DECEMBER DATA VALUES

18170  1954 4800    -999999 3400    -999999 1500    1900    700     300     0       200     200     1100    100     1300    500     200     100     400     400     
18170  1955 1800    1200    1200    500     200     500     1000    100     0       200     0       0       0       100     400     700     0       300     0       
18170  1956 2700    1500    900     300     1100    600     400     200     100     900     100     100     300     300     0       100     100     200     300     
18170  1957 3900    1300    1900    600     1200    800     1200    300     0       400     800     0       0       500     300     300     100     800     400     
18170  1958 5400    1900    2400    1000    200     1600    2900    400     200     0       200     0       300     600     700     600     700     1600    100     
18170  1959 7400    5800    1700    1400    3200    600     1900    300     1000    2100    800     300     100     200     300     0       800     1100    400     
18170  1960 7100    4200    4900    1300    2100    2700    1200    500     400     1000    700     400     200     1500    1000    1100    0       100     200     
18170  1961 7600    2100    2500    1700    700     1200    3800    400     1100    300     100     300     400     600     200     900     1900    1000    400     
18170  1962 2500    3600    1000    700     300     300     1100    300     0       0       200     100     0       0       300     400     500     200     500     
18170  1963 4700    1900    3300    700     2100    1200    800     100     100     500     700     900     300     0       900     500     100     200     400     
18170  1964 -999999 3000    -999999 2000    1400    -999999 900     1400    200     700     400     300     0       200     -999999 0       800     100     200     
18170  1965 2500    1300    1800    400     800     300     1200    0       200     0       600     200     100     0       200     700     500     0       0       
18170  1966 2200    700     1700    200     300     1400    100     200     0       0       100     200     800     100     500     0       0       100     200     
18170  1967 -999999 900     -999999 500     800     -999999 2300    100     200     300     100     400     200     200     -999999 1300    0       1000    0       
18170  1968 3300    1300    1200    300     100     500     1600    200     100     0       100     0       300     0       200     600     0       1000    800     
18170  1969 4900    1900    3900    900     600     3300    600     100     0       0       600     0       700     300     2300    0       600     0       300     
18170  1970 5400    1200    3500    500     1000    1900    1500    200     0       100     200     700     700     700     500     700     300     500     800     
18170  1971 3800    3000    1300    2100    400     900     700     700     600     100     200     100     500     100     300     100     500     100     500     
18170  1972 7800    2200    4300    1100    1800    3000    600     400     200     500     800     500     1200    1400    400     0       300     300     1800    
18170  1973 2500    4200    600     2800    800     600     100     900     100     800     0       0       100     500     0       0       0       100     0       
18170  1974 5600    1900    3600    1200    2200    1300    700     900     300     600     700     900     700     300     300     700     0       0       200     
18170  1975 3900    2500    600     1900    900     300     1000    600     1100    600     200     100     0       200     100     0       300     700     0       
18170  1976 1900    1900    900     700     900     200     100     0       700     200     0       700     200     0       0       0       0       100     0       
18170  1977 2800    1200    200     100     1000    200     1000    100     0       1000    0       0       0       200     0       0       400     600     500     
18170  1978 2400    2000    1600    900     400     1300    300     200     200     100     0       300     100     1200    0       0       0       300     0       
18170  1979 -999999 700     -999999 0       800     500     -999999 0       0       400     400     0       100     200     200     -999999 0       0       200     
18170  1980 4200    700     3500    700     800     2400    500     0       500     0       600     200     1000    700     700     300     0       200     0       
18170  1981 -999999 700     -999999 300     1800    0       -999999 300     0       200     300     1300    0       0       0       -999999 0       0       0       
18170  1982 -999999 1400    700     900     500     600     -999999 300     600     500     0       0       0       600     0       100     -999999 0       400     
18170  1983 -999999 -999999 -999999 700     1400    -999999 -999999 300     0       100     400     900     0       200     -999999 -999999 100     0       100     
18170  1984 3700    600     1800    500     900     700     800     0       400     0       100     800     500     0       200     200     0       600     900     
18170  1985 2000    2100    900     1200    400     800     500     200     100     300     0       100     100     400     300     0       500     0       0       
18170  1986 2100    700     1000    100     700     400     800     0       100     100     300     300     200     200     0       0       0       800     100     
18170  1987 1800    1100    500     300     300     200     900     100     100     0       300     0       0       200     0       0       800     100     200     
18170  1988 3100    1800    1800    800     300     800     1100    300     300     100     100     100     0       600     200     800     100     200     300     
18170  1989 5800    2700    2300    1800    2300    600     700     1100    400     600     1300    400     200     0       400     0       0       700     700     
18170  1990 6100    4200    -999999 2500    1600    1400    -999999 300     1500    1000    500     100     700     200     500     -999999 200     0       700     
18170  1991 -999999 2800    -999999 1900    1900    -999999 -999999 1100    100     700     1200    0       200     0       -999999 -999999 0       600     600     
18170  1992 -999999 4000    -999999 2400    1600    1000    -999999 1000    800     1000    100     500     900     100     0       -999999 100     100     500     
18170  1993 -999999 2600    -999999 2000    -999999 -999999 -999999 700     800     400     -999999 -999999 -999999 -999999 -999999 -999999 -999999 600     0       
18170  1994 3000    -999999 2100    0       1000    1000    300     0       0       0       800     200     0       300     700     100     0       200     700     
18170  1995 2100    2100    700     1400    800     100     400     500     200     500     0       300     0       100     0       300     100     0       100     
18170  1996 4300    1600    2300    1300    700     1600    700     1200    0       200     500     0       0       200     1400    200     500     0       100     
18170  1997 5300    1300    2900    600     300     2100    1600    500     0       200     0       100     600     700     800     700     100     800     800     
18170  1998 5900    3100    3200    1600    1400    1700    1400    600     200     600     700     100     400     1100    200     700     200     500     600     
18170  1999 5900    2600    2500    1300    700     800     3300    300     400     600     0       100     500     200     100     1600    200     1500    400     
18170  2000 7200    3000    1900    1200    600     400     4500    500     300     100     200     300     0       200     200     1000    1900    1600    900     
18170  2001 6400    5600    2500    2100    600     500     3100    1100    100     0       500     100     100     0       400     1400    1300    400     1000    
18170  2002 10700   5000    8300    2800    3400    5200    200     1200    600     500     1600    1300    1600    2000    1600    200     0       0       100     
18170  2003 7800    2400    4100    1500    1800    2500    1700    0       1400    900     500     400     200     1500    800     700     0       1000    400     
18170  2004 7600    3200    4700    1200    3400    1700    1200    300     500     1000    -999999 700     100     600     1000    600     300     300     500     
18170  2005 -999999 1400    1300    700     100     1200    -999999 200     0       100     0       0       300     800     100     100     400     -999999 100     
18170  2006 -999999 -999999 -999999 -999999 -999999 -999999 -999999 900     -999999 -999999 -999999 -999999 -999999 -999999 -999999 -999999 -999999 -999999 -999999 
18170  2007 -999999 -999999 -999999 -999999 -999999 -999999 -999999 -999999 -999999 -999999 -999999 -999999 -999999 -999999 -999999 -999999 -999999 300     1100    
18170  2008 6400    -999999 3200    2100    2200    900     1500    300     700     800     700     700     300     400     200     900     200     400     800     
18170  2009 6600    2700    3300    1600    2300    1200    1700    700     100     500     1200    600     100     400     700     300     100     1300    600     
18170  2010 3300    2500    2100    1100    900     200     1700    500     0       0       800     100     0       200     0       1000    700     0       0       
18170  2011 7700    1300    3900    400     1600    1700    3700    100     300     200     900     500     1100    200     400     800     1000    1900    300     
18170  2012 2800    4300    700     700     900     400     1100    200     200     700     200     0       100     100     200     100     0       1000    0       
18170  2013 5300    1900    3400    900     1100    1500    1000    400     500     0       300     800     600     500     400     800     200     0       800     
18170  2014 9900    4500    4700    3500    1400    3700    1800    800     1900    800     600     0       600     2200    900     400     500     900     300     
18170  2015 7700    3600    3200    1100    1700    1000    3100    300     500     1100    500     100     0       100     900     1600    300     1200    1100    
18170  2016 7500    4400    4200    1900    2500    1200    2000    400     400     1000    500     1000    100     900     200     1500    0       500     1000    
18170  2017 7400    3500    4600    2600    600     2200    2800    1100    500     400     200     0       1000    800     400     2200    500     100     200     
18170  2018 6200    1200    3300    600     1100    1500    2700    400     0       0       500     600     200     1000    300     700     300     1700    500     
18170  2019 -999999 3300    3700    1200    1500    2000    -999999 300     400     100     1100    300     300     900     800     300     -999999 500     -999999 
18170  2020 -999999 -999999 2700    -999999 800     1800    3100    -999999 500     400     300     100     1300    400     100     500     1200    1400    1300    
18170  2021 6600    4900    3800    1700    1200    2400    2400    0       400     600     400     200     1000    1100    300     800     1100    500     200     
