EUROPEAN CLIMATE ASSESSMENT & DATASET (ECA&D), file created on: 20-01-2022
THESE DATA CAN BE USED FOR NON-COMMERCIAL RESEARCH AND EDUCATION PROVIDED THAT THE FOLLOWING SOURCE IS ACKNOWLEDGED: 

Klein Tank, A.M.G. and Coauthors, 2002. Daily dataset of 20th-century surface
air temperature and precipitation series for the European Climate Assessment.
Int. J. of Climatol., 22, 1441-1453.
Data and metadata available at http://www.ecad.eu

FILE FORMAT (MISSING VALUE CODE = -999999):

THIS FILE HOLDS DATA FOR STATION GERMANY                                  ZWIESELBERG                              (STAID:   4805)
LATITUDE: dd:mm:ss +49:00:06
LONGITUDE: ddd:mm:ss +013:12:55
ELEVATION: m  615

DATA IS FOR INDEX Days with TN > 90th percentile of daily min temp (warm nights) (TN90p) with unit 0.01 No of days

01-06 SOUID: Source identifier
08-11 YEAR : YYYY
13-20 ANNUAL DATA VALUES
21-28 WINTER HALF YEAR DATA VALUES
29-36 SUMMER HALF YEAR DATA VALUES
37-44 WINTER (DJF) DATA VALUES
45-52 SPRING (MAM) DATA VALUES
53-60 SUMMER (JJA) DATA VALUES
61-68 AUTUMN (SON) DATA VALUES
69-76 JANUARY DATA VALUES
etc. 
157-164 DECEMBER DATA VALUES

4805   1948 4600    -999999 2300    -999999 1700    1000    200     800     900     500     300     900     200     400     400     100     100     0       0       
4805   1949 4700    1200    2400    1000    1300    800     1200    500     500     100     600     600     400     200     200     400     300     500     400     
4805   1950 4500    2800    2200    1600    1100    1100    1100    600     600     400     300     400     100     400     600     400     400     300     0       
4805   1951 4500    1500    2200    500     700     1100    1900    400     100     300     0       400     400     200     500     700     600     600     300     
4805   1952 4300    2400    2900    900     1600    1500    600     400     200     300     700     600     500     500     500     100     400     100     0       
4805   1953 3800    1200    2100    700     400     1300    1300    200     500     0       200     200     700     600     0       400     900     0       100     
4805   1954 3400    2000    1400    500     1000    600     1000    200     200     600     300     100     500     100     0       400     300     300     400     
4805   1955 3100    1300    1800    500     600     1100    800     0       100     200     200     200     300     600     200     300     100     400     500     
4805   1956 3400    1600    1700    800     900     800     800     300     0       300     400     200     200     300     300     300     300     200     600     
4805   1957 3600    2900    1300    1700    900     1000    500     300     800     700     200     0       500     400     100     100     100     300     100     
4805   1958 4300    1100    2600    700     1200    900     1600    0       600     0       0       1200    200     400     300     500     600     500     0       
4805   1959 2600    1500    2100    100     1200    1100    200     100     0       300     400     500     300     600     200     100     100     0       0       
4805   1960 4100    1300    1900    600     1300    1100    600     300     300     600     400     300     400     200     500     100     100     400     500     
4805   1961 5000    2400    2200    1300    1900    600     900     200     600     600     1100    200     300     0       300     300     400     200     800     
4805   1962 2300    2400    700     1700    400     200     800     900     0       100     200     100     200     0       0       200     300     300     0       
4805   1963 3200    600     2100    0       900     700     1600    0       0       0       500     400     200     300     200     500     200     900     0       
4805   1964 3600    1500    2000    300     600     1000    1700    0       300     100     200     300     600     300     100     500     0       1200    0       
4805   1965 1400    1500    500     300     100     400     100     300     0       0       0       100     100     200     100     0       0       100     500     
4805   1966 4400    2300    1700    1800    1400    500     1100    200     1100    400     1000    0       300     0       200     200     900     0       100     
4805   1967 3800    2600    1200    1100    1000    700     800     400     600     600     300     100     100     500     100     100     700     0       300     
4805   1968 3500    1600    1800    800     700     1200    1100    200     300     100     100     500     500     400     300     0       700     400     0       
4805   1969 3000    1800    1500    400     1100    400     1100    400     0       300     300     500     0       300     100     300     300     500     0       
4805   1970 3500    1000    1900    200     300     1200    1500    0       200     0       100     200     600     300     300     400     500     600     300     
4805   1971 2900    2000    1400    700     1000    600     400     300     100     200     200     600     100     200     300     0       200     200     500     
4805   1972 3200    1900    2000    1100    1100    1300    200     0       600     400     600     100     200     600     500     0       100     100     0       
4805   1973 1700    500     1300    200     400     800     300     0       200     100     0       300     300     300     200     200     100     0       0       
4805   1974 4700    2400    1400    1300    1400    800     300     800     500     1000    300     100     0       0       800     200     0       100     900     
4805   1975 3900    2600    1900    2100    1100    700     900     900     300     400     200     500     300     200     200     500     400     0       0       
4805   1976 3700    1400    1700    1000    500     700     1400    1000    0       0       200     300     200     400     100     500     400     500     100     
4805   1977 6000    3100    2700    1300    1600    1400    1400    300     900     900     400     300     900     100     400     600     500     300     400     
4805   1978 1600    1200    700     400     0       300     400     0       0       0       0       0       200     0       100     400     0       0       900     
4805   1979 3200    1800    1200    1200    700     1000    400     0       300     600     0       100     800     0       200     100     200     100     800     
4805   1980 3200    1800    1800    1300    400     1200    800     100     400     200     0       200     400     100     700     400     300     100     300     
4805   1981 4700    1900    2400    400     1600    1400    1600    0       100     1100    200     300     800     300     300     500     500     600     0       
4805   1982 4600    1500    2600    300     400     1800    1600    300     0       100     100     200     300     1100    400     500     600     500     500     
4805   1983 5400    3400    2900    1900    1400    1800    700     1200    200     400     700     300     300     1100    400     100     200     400     100     
4805   1984 2100    900     1000    300     200     700     1000    200     0       0       0       200     100     200     400     100     400     500     0       
4805   1985 3700    1200    2300    300     1100    1000    600     200     100     0       0       1100    400     200     400     200     100     300     700     
4805   1986 4600    1800    3400    1200    1700    1400    800     500     0       200     600     900     800     0       600     500     100     200     200     
4805   1987 4300    1300    1900    800     400     1000    1300    200     400     200     100     100     200     700     100     700     300     300     1000    
4805   1988 5300    2700    2700    2000    1300    1000    1600    800     200     100     400     800     100     500     400     500     900     200     400     
4805   1989 6500    2900    3700    1200    1400    2300    1200    400     400     600     600     200     100     1200    1000    600     400     200     800     
4805   1990 3800    2600    1600    1300    1200    900     1100    300     200     700     100     400     200     300     400     200     200     700     100     
4805   1991 3700    2600    1800    700     1300    1300    400     500     100     1000    200     100     100     700     500     200     200     0       100     
4805   1992 5800    1800    3400    1200    800     2700    1000    500     600     400     100     300     800     500     1400    300     300     400     200     
4805   1993 4300    2400    2000    1200    1700    700     600     1000    0       500     700     500     300     200     200     100     200     300     300     
4805   1994 9100    3300    3900    1400    1800    2700    2800    700     400     1400    200     200     800     900     1000    800     300     1700    700     
4805   1995 6300    4400    3200    2200    1300    2000    1300    400     1100    200     700     400     300     900     800     100     1200    0       200     
4805   1996 3600    1500    2300    200     1200    1000    1400    0       0       100     500     600     800     100     100     200     800     400     0       
4805   1997 5000    2400    2100    400     1100    1600    1100    0       400     800     100     200     800     300     500     200     500     400     800     
4805   1998 6800    4400    3400    2600    2300    1600    900     800     1000    900     700     700     900     500     200     400     400     100     200     
4805   1999 6600    2000    4400    900     2100    2200    1500    600     100     600     400     1100    600     800     800     700     700     100     100     
4805   2000 7300    1900    4300    600     2500    2000    1800    300     200     500     1100    900     900     400     700     300     1200    300     500     
4805   2001 5700    3900    2200    1300    2100    1000    1500    500     300     1100    100     900     100     100     800     200     1200    100     300     
4805   2002 8100    3700    4000    1900    1900    2300    1800    400     1200    500     600     800     1100    600     600     300     400     1100    500     
4805   2003 5600    2600    4700    800     1600    3200    500     300     0       300     100     1200    1600    600     1000    200     100     200     0       
4805   2004 3000    1400    -999999 900     700     -999999 800     400     500     200     300     200     100     300     100     100     400     300     100     
4805   2005 -999999 1400    -999999 600     1300    -999999 -999999 400     100     100     500     700     300     400     200     700     700     -999999 0       
4805   2006 -999999 -999999 3100    -999999 300     2300    1600    0       -999999 0       200     100     900     1300    100     500     800     300     400     
4805   2007 7100    4100    3500    2400    2100    2000    300     1300    700     600     700     800     1200    600     200     0       200     100     700     
4805   2008 5500    2300    3500    1500    1500    1900    1100    400     400     500     400     600     900     600     400     600     200     300     200     
4805   2009 5600    900     3400    300     1300    1700    2000    100     0       100     400     800     400     700     600     500     800     700     500     
4805   2010 4400    2400    3000    700     1100    2100    900     100     100     200     0       900     600     1100    400     0       200     700     100     
4805   2011 5400    2500    3400    1300    1100    2000    900     900     300     300     700     100     600     500     900     600     300     0       200     
4805   2012 7000    2200    4600    1500    1900    2800    700     900     400     400     600     900     800     1100    900     300     0       400     300     
4805   2013 5900    1900    3900    1300    1500    2400    1000    1000    0       200     400     900     500     1200    700     200     500     300     0       
4805   2014 7300    2100    3600    700     1900    1300    2400    500     200     600     600     700     500     700     100     1000    700     700     1000    
4805   2015 7200    3100    4300    1500    900     3400    1500    500     0       200     100     600     700     1500    1200    200     300     1000    900     
4805   2016 6600    4000    4000    2500    1800    1400    1600    800     800     200     500     1100    300     900     200     1000    300     300     200     
4805   2017 5500    2300    2800    900     1500    2100    900     100     600     800     300     400     700     600     800     0       600     300     300     
4805   2018 7600    2300    5600    1000    3100    2500    700     700     0       400     700     2000    1100    300     1100    400     300     0       600     
4805   2019 6900    1700    4900    800     1300    3800    1000    200     0       600     600     100     1500    900     1400    400     500     100     600     
4805   2020 4600    2800    1900    1700    1000    1200    1100    0       1100    500     400     100     300     200     700     200     400     500     200     
4805   2021 3700    1500    2500    500     400     1700    1000    100     200     100     0       300     1000    600     100     500     200     300     300     
