EUROPEAN CLIMATE ASSESSMENT & DATASET (ECA&D), file created on: 20-01-2022
THESE DATA CAN BE USED FOR NON-COMMERCIAL RESEARCH AND EDUCATION PROVIDED THAT THE FOLLOWING SOURCE IS ACKNOWLEDGED: 

Klein Tank, A.M.G. and Coauthors, 2002. Daily dataset of 20th-century surface
air temperature and precipitation series for the European Climate Assessment.
Int. J. of Climatol., 22, 1441-1453.
Data and metadata available at http://www.ecad.eu

FILE FORMAT (MISSING VALUE CODE = -999999):

THIS FILE HOLDS DATA FOR STATION SWEDEN                                   MALEXANDER                               (STAID:   5333)
LATITUDE: dd:mm:ss +58:04:12
LONGITUDE: ddd:mm:ss +015:14:24
ELEVATION: m  195

DATA IS FOR INDEX Days with TN > 90th percentile of daily min temp (warm nights) (TN90p) with unit 0.01 No of days

01-06 SOUID: Source identifier
08-11 YEAR : YYYY
13-20 ANNUAL DATA VALUES
21-28 WINTER HALF YEAR DATA VALUES
29-36 SUMMER HALF YEAR DATA VALUES
37-44 WINTER (DJF) DATA VALUES
45-52 SPRING (MAM) DATA VALUES
53-60 SUMMER (JJA) DATA VALUES
61-68 AUTUMN (SON) DATA VALUES
69-76 JANUARY DATA VALUES
etc. 
157-164 DECEMBER DATA VALUES

5333   1951 3900    -999999 2300    -999999 0       1600    1500    0       0       0       0       0       200     100     1300    700     100     700     800     
5333   1952 1700    2100    1200    1300    600     600     0       200     300     0       500     100     0       300     300     0       0       0       0       
5333   1953 -999999 1000    -999999 400     1600    -999999 1300    0       400     600     500     500     600     -999999 300     100     1000    200     600     
5333   1954 2700    1800    1900    600     400     800     900     0       0       0       100     300     500     300     0       700     200     0       600     
5333   1955 3000    900     2100    700     0       1400    1300    100     0       0       0       0       0       600     800     700     500     100     200     
5333   1956 1700    1000    600     400     0       500     300     200     0       0       0       0       400     100     0       100     200     0       700     
5333   1957 3300    1600    1600    1400    200     1200    800     400     300     0       200     0       200     600     400     200     300     300     400     
5333   1958 2000    1300    1300    600     200     1000    400     100     100     100     0       100     300     600     100     200     200     0       200     
5333   1959 5300    1900    2800    1200    1500    1500    900     100     900     500     800     200     100     500     900     300     0       600     400     
5333   1960 3200    1700    1400    1000    300     700     1200    600     0       100     100     100     200     100     400     500     200     500     400     
5333   1961 6600    3200    2600    1300    1900    1200    2600    100     800     1200    400     300     900     300     0       700     1500    400     0       
5333   1962 -999999 -999999 300     400     -999999 100     500     300     100     -999999 200     0       0       100     0       0       400     100     100     
5333   1963 3000    600     2400    100     300     1600    800     0       0       0       0       300     200     700     700     500     100     200     300     
5333   1964 3800    700     2700    400     1000    1300    700     100     0       0       400     600     500     400     400     400     0       300     700     
5333   1965 2900    1400    2200    1000    300     1200    1100    300     0       100     200     0       600     100     500     800     300     0       0       
5333   1966 3300    700     2100    300     400     1600    800     0       300     100     100     200     800     300     500     200     400     200     200     
5333   1967 4500    1600    2300    300     1300    1100    1900    0       100     700     300     300     0       500     600     600     800     500     100     
5333   1968 3100    2200    2000    300     1300    900     700     200     0       600     600     100     300     100     500     400     100     200     0       
5333   1969 2300    300     1900    0       600     600     1100    0       0       0       300     300     0       500     100     700     400     0       0       
5333   1970 1300    400     700     0       100     200     700     0       0       0       100     0       0       200     0       400     100     200     300     
5333   1971 4000    1700    1400    1400    700     600     900     600     500     0       400     300     0       500     100     100     500     300     700     
5333   1972 5300    1700    2900    800     1000    1900    500     0       100     100     600     300     400     900     600     100     0       400     1800    
5333   1973 3000    3300    1700    2400    1100    1000    200     200     400     500     200     400     700     100     200     100     0       100     100     
5333   1974 3100    1100    900     1000    0       300     1000    300     600     0       0       0       0       0       300     600     0       400     900     
5333   1975 5300    2400    2300    1900    400     1200    2000    1000    0       100     100     200     100     300     800     800     800     400     700     
5333   1976 -999999 3000    -999999 1400    800     -999999 500     300     400     400     300     100     100     -999999 200     100     0       400     0       
5333   1977 2800    600     1100    0       600     700     1300    0       0       200     200     200     400     200     100     0       800     500     200     
5333   1978 3200    2100    1300    600     400     1100    1300    300     100     200     0       200     600     0       500     0       200     1100    0       
5333   1979 3100    1500    2000    0       1300    600     700     0       0       200     0       1100    500     0       100     300     200     200     500     
5333   1980 1800    1000    500     600     0       400     500     0       100     0       0       0       0       100     300     100     100     300     800     
5333   1981 2300    1700    1700    1100    900     500     600     200     100     200     300     400     200     0       300     500     0       100     0       
5333   1982 4600    800     2000    300     900     900     1900    0       300     400     400     100     200     400     300     600     200     1100    600     
5333   1983 6100    4200    3200    2300    1500    1700    1000    1700    0       600     600     300     100     1000    600     600     300     100     200     
5333   1984 -999999 -999999 2800    -999999 1500    1300    600     300     -999999 0       700     800     400     500     400     0       200     -999999 100     
5333   1985 -999999 -999999 900     -999999 500     300     400     0       -999999 0       200     300     100     100     100     100     300     0       100     
5333   1986 -999999 -999999 -999999 -999999 300     -999999 1000    0       0       -999999 0       300     300     -999999 -999999 0       100     900     600     
5333   1987 1300    1700    1000    600     600     500     0       0       0       100     300     200     0       300     200     0       0       0       200     
5333   1988 4100    1200    2800    1200    1200    1400    200     500     500     0       700     500     800     -999999 200     200     0       0       300     
5333   1989 8400    4700    3100    3700    2100    1600    900     1800    1600    1000    700     400     600     600     400     400     400     100     400     
5333   1990 8400    5600    3000    3700    3400    1000    500     1400    1900    1400    900     1100    200     300     500     0       100     400     200     
5333   1991 5000    2600    2000    1200    1800    900     900     400     600     900     900     0       0       400     500     200     200     500     400     
5333   1992 5400    3500    2600    2000    2400    1000    0       700     900     800     600     1000    200     500     300     0       0       0       400     
5333   1993 3500    1900    1600    1200    2200    100     200     600     200     700     800     700     0       0       100     0       200     0       200     
5333   1994 3900    900     2400    500     1000    1600    400     300     0       200     800     0       0       1000    600     0       0       400     600     
5333   1995 -999999 2300    -999999 1600    900     -999999 1300    0       1000    300     300     300     100     -999999 1100    200     1000    100     0       
5333   1996 2500    1100    1800    0       600     1200    700     0       0       0       500     100     300     0       900     0       400     300     0       
5333   1997 6600    3100    3900    1400    1800    2900    300     200     1200    1000    400     400     500     200     2200    200     100     0       200     
5333   1998 5000    3100    1800    2800    1200    300     600     1000    1600    200     600     400     200     100     0       500     100     0       300     
5333   1999 5700    1800    3400    1300    1500    1200    1900    1000    0       400     800     300     300     700     200     1100    0       800     100     
5333   2000 8000    2700    2800    1500    2200    700     2200    600     800     400     1000    800     400     100     200     300     1200    700     1500    
5333   2001 5200    4700    2700    2600    1000    1800    1100    600     500     200     800     0       100     900     800     100     700     300     200     
5333   2002 6400    3600    4000    2100    1600    2700    200     500     1400    500     600     500     300     1000    1400    200     0       0       0       
5333   2003 5400    1000    3500    700     1000    2300    700     700     0       300     200     500     400     1100    800     500     0       200     700     
5333   2004 4700    1800    3300    1000    1900    1700    400     0       300     600     600     700     200     0       1500    300     0       100     400     
5333   2005 5300    1900    2600    1600    1200    1100    1700    1200    0       200     700     300     300     400     400     500     100     1100    100     
5333   2006 9300    1600    4800    200     800     3100    3200    100     0       200     200     400     600     1700    800     1100    900     1200    2100    
5333   2007 6100    6200    3500    3100    2400    1900    200     1000    0       1000    1100    300     600     300     1000    200     0       0       600     
5333   2008 5500    3300    2200    2700    1900    800     400     1000    1100    600     900     400     300     100     400     100     100     200     300     
5333   2009 4900    1000    3300    600     1100    1600    1800    200     100     100     1000    0       0       900     700     700     0       1100    100     
5333   2010 4700    1500    4400    200     1600    2700    300     0       100     200     700     700     100     1500    1100    300     0       0       0       
5333   2011 7000    300     4900    100     2300    2000    2100    100     0       200     1700    400     500     900     600     800     300     1000    500     
5333   2012 4600    3800    1800    1100    2300    700     900     300     300     1400    500     400     0       300     400     200     300     400     100     
5333   2013 5900    1000    3300    300     1700    1300    1200    200     0       0       600     1100    400     500     400     300     700     200     1500    
5333   2014 7500    4600    3200    3100    2100    1500    1900    700     900     600     700     800     200     900     400     200     800     900     400     
5333   2015 6100    3500    2700    1100    1900    1100    1000    100     600     700     900     300     0       500     600     400     0       600     1400    
5333   2016 6900    3500    4300    2400    2000    2100    1100    600     400     500     700     800     800     800     500     700     0       400     700     
5333   2017 5400    2500    3000    1300    2500    800     1000    200     400     800     1000    700     500     100     200     500     400     100     500     
5333   2018 8800    1200    6900    700     2200    4000    2300    200     0       0       1100    1100    600     1800    1600    700     600     1000    100     
5333   2019 8200    3700    4200    1600    1800    2500    1400    200     1300    500     800     500     1000    500     1000    400     300     700     1000    
5333   2020 11000   6000    4200    4100    2000    2400    2500    1800    1300    900     1100    0       800     200     1400    700     700     1100    1000    
5333   2021 5700    4200    3100    1800    900     2200    1500    200     600     600     0       300     700     1300    200     600     400     500     300     
