EUROPEAN CLIMATE ASSESSMENT & DATASET (ECA&D), file created on: 20-01-2022
THESE DATA CAN BE USED FOR NON-COMMERCIAL RESEARCH AND EDUCATION PROVIDED THAT THE FOLLOWING SOURCE IS ACKNOWLEDGED: 

Klein Tank, A.M.G. and Coauthors, 2002. Daily dataset of 20th-century surface
air temperature and precipitation series for the European Climate Assessment.
Int. J. of Climatol., 22, 1441-1453.
Data and metadata available at http://www.ecad.eu

FILE FORMAT (MISSING VALUE CODE = -999999):

THIS FILE HOLDS DATA FOR STATION FINLAND                                  KOTKA KIRKONMAA                          (STAID:   7055)
LATITUDE: dd:mm:ss +60:23:06
LONGITUDE: ddd:mm:ss +027:03:06
ELEVATION: m   17

DATA IS FOR INDEX Days with TN > 90th percentile of daily min temp (warm nights) (TN90p) with unit 0.01 No of days

01-06 SOUID: Source identifier
08-11 YEAR : YYYY
13-20 ANNUAL DATA VALUES
21-28 WINTER HALF YEAR DATA VALUES
29-36 SUMMER HALF YEAR DATA VALUES
37-44 WINTER (DJF) DATA VALUES
45-52 SPRING (MAM) DATA VALUES
53-60 SUMMER (JJA) DATA VALUES
61-68 AUTUMN (SON) DATA VALUES
69-76 JANUARY DATA VALUES
etc. 
157-164 DECEMBER DATA VALUES

7055   1959 2600    -999999 2000    -999999 1200    1000    100     0       300     200     200     800     100     200     700     0       0       100     0       
7055   1960 1700    100     1500    0       400     1000    200     0       0       0       200     200     100     700     200     100     0       100     100     
7055   1961 5600    2500    1800    1600    1100    1400    1600    100     1400    800     0       300     1400    0       0       100     1200    300     0       
7055   1962 2000    2300    500     800     500     0       600     700     100     0       500     0       0       0       0       0       300     300     100     
7055   1963 2800    700     2400    100     1000    300     1200    0       0       0       200     800     0       0       300     1100    0       100     300     
7055   1964 2100    1200    100     1100    0       100     800     700     100     0       0       0       0       100     0       0       500     300     400     
7055   1965 2800    1900    1700    800     600     400     1400    400     0       300     200     100     100     0       300     1000    200     200     0       
7055   1966 1800    400     1300    0       0       1300    300     0       0       0       0       0       600     600     100     0       200     100     200     
7055   1967 4800    1100    1600    200     800     400     3400    0       0       600     200     0       0       0       400     1000    1700    700     200     
7055   1968 2300    2800    2100    200     400     1100    800     0       0       200     100     100     200     0       900     800     0       0       0       
7055   1969 1300    0       900     0       0       800     300     0       0       0       0       0       100     100     600     100     0       200     200     
7055   1970 1700    500     1400    200     200     900     500     0       0       100     0       100     600     200     100     400     0       100     100     
7055   1971 2400    1800    400     1500    200     100     500     1300    100     200     0       0       0       0       100     300     0       200     200     
7055   1972 7100    700     4600    500     400     4000    400     0       300     0       200     200     600     2300    1100    200     0       200     2000    
7055   1973 4700    3900    2700    3200    900     2300    0       800     400     500     400     0       500     1700    100     0       0       0       300     
7055   1974 3600    1000    1100    1000    0       200     1700    0       700     0       0       0       0       100     100     900     100     700     1000    
7055   1975 7800    4200    4600    2800    3100    1100    1400    1300    500     600     900     1600    0       200     900     1000    100     300     400     
7055   1976 2600    1300    1700    600     1300    600     200     100     100     300     100     900     0       500     100     100     0       100     300     
7055   1977 2800    800     1300    300     800     900     600     0       0       400     200     200     700     0       200     0       0       600     500     
7055   1978 1600    1800    600     800     600     400     300     300     0       400     0       200     0       300     100     0       0       300     0       
7055   1979 2500    500     1000    100     100     1000    900     100     0       100     0       0       100     0       900     0       200     700     400     
7055   1980 2500    1300    1800    400     400     1300    700     0       0       0       400     0       500     600     200     100     600     0       100     
7055   1981 2300    1300    1200    700     600     200     800     400     200     0       0       600     0       100     100     400     400     0       100     
7055   1982 3800    800     600     100     300     300     2000    0       0       300     0       0       0       200     100     300     400     1300    1200    
7055   1983 6300    4100    4100    2100    2500    1200    1200    900     0       300     1200    1000    100     600     500     700     300     200     500     
7055   1984 5200    1400    3300    900     2200    1000    1400    400     0       0       500     1700    500     0       500     100     900     400     200     
7055   1985 2700    1500    1500    200     200     1200    1000    0       0       0       0       200     200     0       1000    100     900     0       300     
7055   1986 2400    1400    700     500     300     400     1400    200     0       0       200     100     300     100     0       0       0       1400    100     
7055   1987 1000    1800    100     100     400     0       500     0       0       300     0       100     0       0       0       0       400     100     100     
7055   1988 5300    1500    4300    1000    800     3200    400     100     800     0       300     500     1200    2000    0       300     100     0       0       
7055   1989 9300    4600    3500    2900    3700    900     1500    1200    1700    1600    1500    600     300     300     300     500     500     500     300     
7055   1990 6500    4600    3000    2200    3800    600     0       300     1600    1400    1700    700     100     100     400     0       0       0       200     
7055   1991 4300    1300    1400    900     800     1000    900     200     500     400     400     0       0       0       1000    0       300     600     900     
7055   1992 5600    4500    2200    2100    2300    800     600     600     600     1500    700     100     700     100     0       600     0       0       700     
7055   1993 3300    1900    2000    1800    2000    100     0       700     400     100     100     1800    0       0       100     0       0       0       100     
7055   1994 3800    800     2700    400     1300    1400    400     300     0       400     500     400     0       800     600     400     0       0       400     
7055   1995 6400    3000    2600    2100    1600    1300    1800    400     1300    900     500     200     1200    0       100     600     1200    0       0       
7055   1996 4900    1300    2100    100     100     1700    2100    100     0       0       0       100     0       0       1700    300     600     1200    900     
7055   1997 5600    4400    3400    2100    500     3100    500     400     800     500     0       0       600     1300    1200    300     0       200     300     
7055   1998 4600    2400    1800    2100    700     200     1400    1100    700     100     300     300     100     100     0       1000    300     100     500     
7055   1999 6400    1700    3700    1200    900     2100    2100    700     0       100     800     0       1100    600     400     800     700     600     600     
7055   2000 9400    4400    1900    2700    2000    200     3400    1000    1100    400     1600    0       0       200     0       100     1800    1500    1700    
7055   2001 7700    6600    4600    3100    1400    2100    2800    800     600     200     700     500     200     1700    200     1300    1200    300     0       
7055   2002 8700    4400    5800    2200    2900    3000    600     900     1300    700     1100    1100    200     800     2000    600     0       0       0       
7055   2003 4700    500     2800    300     500     2400    300     300     0       200     300     0       0       1600    800     100     0       200     1200    
7055   2004 5100    1800    3000    1300    1500    1300    1200    0       100     300     500     700     0       300     1000    500     400     300     1000    
7055   2005 7300    3100    3100    2300    700     1300    3800    1200    100     100     500     100     100     600     600     1200    1100    1500    200     
7055   2006 7700    3200    3400    600     600     2600    2100    400     0       0       100     500     500     400     1700    200     900     1000    2000    
7055   2007 7300    6200    3100    3000    2700    1000    1100    900     100     1300    1300    100     100     100     800     700     400     0       1500    
7055   2008 7000    5300    1500    4300    1700    400     1400    1300    1500    600     700     400     0       0       400     0       700     700     700     
7055   2009 3400    2600    1400    1200    400     400     1900    400     100     0       400     0       100     100     200     600     0       1300    200     
7055   2010 4900    1700    4600    300     1300    3100    400     0       100     100     300     900     0       1900    1200    300     100     0       0       
7055   2011 8700    500     4100    200     1000    2700    2600    200     0       200     600     200     200     1600    900     600     600     1400    2200    
7055   2012 3800    4800    1800    2500    1300    400     1800    200     100     300     600     400     100     300     0       400     300     1100    0       
7055   2013 8000    1700    4300    300     1500    1500    3000    200     100     0       400     1100    900     200     400     1300    800     900     1700    
7055   2014 10300   6700    5200    3900    2900    2600    1600    800     1400    1100    1200    600     200     1300    1100    800     400     400     1000    
7055   2015 10100   5600    2900    3300    2600    600     2900    800     1500    1500    1000    100     0       0       600     1200    200     1500    1700    
7055   2016 8300    5900    4500    3500    3700    500     1400    400     1400    700     1200    1800    200     100     200     1000    200     200     900     
7055   2017 4300    3000    1400    1800    1100    600     900     400     500     800     300     0       0       0       600     500     0       400     800     
7055   2018 10500   2100    7600    1600    2800    3500    3200    800     0       100     1200    1500    300     1800    1400    1400    1000    800     200     
7055   2019 9300    4200    4000    1300    2900    1500    1900    0       1100    1100    1500    300     500     200     800     700     500     700     1900    
7055   2020 13100   8500    3900    5400    -999999 1700    3900    2000    1500    1900    1000    -999999 1100    100     500     1100    1500    1300    1000    
7055   2021 8300    5300    5200    1700    2500    3500    1500    300     400     800     1100    600     1500    1900    100     0       900     600     100     
