EUROPEAN CLIMATE ASSESSMENT & DATASET (ECA&D), file created on: 20-01-2022
THESE DATA CAN BE USED FOR NON-COMMERCIAL RESEARCH AND EDUCATION PROVIDED THAT THE FOLLOWING SOURCE IS ACKNOWLEDGED: 

Klein Tank, A.M.G. and Coauthors, 2002. Daily dataset of 20th-century surface
air temperature and precipitation series for the European Climate Assessment.
Int. J. of Climatol., 22, 1441-1453.
Data and metadata available at http://www.ecad.eu

FILE FORMAT (MISSING VALUE CODE = -999999):

THIS FILE HOLDS DATA FOR STATION KAZAKHSTAN                               ZAJSAN                                   (STAID:   3286)
LATITUDE: dd:mm:ss +47:28:00
LONGITUDE: ddd:mm:ss +084:55:00
ELEVATION: m  603

DATA IS FOR INDEX Days with TN > 90th percentile of daily min temp (warm nights) (TN90p) with unit 0.01 No of days

01-06 SOUID: Source identifier
08-11 YEAR : YYYY
13-20 ANNUAL DATA VALUES
21-28 WINTER HALF YEAR DATA VALUES
29-36 SUMMER HALF YEAR DATA VALUES
37-44 WINTER (DJF) DATA VALUES
45-52 SPRING (MAM) DATA VALUES
53-60 SUMMER (JJA) DATA VALUES
61-68 AUTUMN (SON) DATA VALUES
69-76 JANUARY DATA VALUES
etc. 
157-164 DECEMBER DATA VALUES

3286   1936 -999999 -999999 -999999 -999999 -999999 -999999 1600    -999999 -999999 -999999 -999999 -999999 -999999 400     0       100     1500    0       300     
3286   1937 1700    2100    500     600     300     0       900     100     200     0       0       300     0       0       0       200     700     0       200     
3286   1938 -999999 1700    1400    900     1200    300     -999999 300     400     100     800     300     0       300     0       0       -999999 400     0       
3286   1939 2500    -999999 1400    700     300     900     300     100     600     0       300     0       100     300     500     200     0       100     300     
3286   1940 3100    2000    1000    1800    400     700     100     800     700     100     200     100     0       700     0       0       100     0       400     
3286   1941 4100    2000    1300    1600    700     700     900     700     500     300     200     200     500     100     100     200     200     500     600     
3286   1942 3100    1800    1000    700     500     700     1400    100     0       400     100     0       400     0       300     200     300     900     400     
3286   1943 3000    2300    1900    1100    400     1400    300     400     300     0       200     200     500     400     500     100     200     0       200     
3286   1944 3600    1800    1900    700     1400    1100    600     200     300     900     300     200     400     400     300     300     200     100     0       
3286   1945 4700    400     3300    100     1800    900     1600    100     0       0       800     1000    300     100     500     600     900     100     300     
3286   1946 2400    2400    500     1400    500     0       800     400     700     0       500     0       0       0       0       0       700     100     0       
3286   1947 1500    1200    800     100     700     200     400     0       100     300     400     0       0       100     100     200     0       200     100     
3286   1948 4200    1500    2500    400     1400    1800    400     300     0       900     400     100     300     1000    500     200     200     0       300     
3286   1949 2800    1600    1400    1400    600     800     300     900     200     0       500     100     300     0       500     0       200     100     0       
3286   1950 1800    900     1100    400     600     700     100     300     100     200     0       400     200     300     200     0       100     0       0       
3286   1951 3800    200     2800    100     1200    900     1200    0       100     0       500     700     600     200     100     700     400     100     400     
3286   1952 2700    1500    1900    1000    400     1200    500     600     0       0       100     300     400     0       800     300     100     100     0       
3286   1953 4600    1200    3000    600     800     1800    1400    100     500     400     100     300     600     1100    100     800     300     300     0       
3286   1954 2800    1100    1400    500     0       900     1400    300     200     0       0       0       0       100     800     500     400     500     0       
3286   1955 4600    1700    2500    800     200     2100    700     400     400     0       0       200     1000    300     800     200     0       500     800     
3286   1956 2500    1400    1700    800     600     800     1100    0       0       100     300     200     0       200     600     400     600     100     0       
3286   1957 2900    1300    1100    400     800     400     400     400     0       200     400     200     400     0       0       100     300     0       900     
3286   1958 1700    1800    800     1500    100     500     400     100     500     0       0       100     0       0       500     200     200     0       100     
3286   1959 3100    700     2300    400     900     600     1200    300     0       100     600     200     200     200     200     900     300     0       100     
3286   1960 1600    1200    300     700     200     200     300     400     200     200     0       0       100     0       100     100     200     0       300     
3286   1961 4100    2200    1500    1300    2000    0       800     200     800     700     1100    200     0       0       0       200     0       600     300     
3286   1962 5800    2000    3900    900     1500    1800    1600    200     400     500     400     600     600     200     1000    1100    400     100     300     
3286   1963 5400    3900    1100    1700    1900    900     1200    700     700     1700    100     100     300     200     400     0       400     800     0       
3286   1964 3000    2100    800     200     700     700     800     200     0       700     0       0       100     300     300     100     0       700     600     
3286   1965 4400    1900    3100    1200    700     2100    1000    500     100     0       400     300     100     1300    700     300     500     200     0       
3286   1966 4500    2300    2400    1200    400     1200    1700    600     600     400     0       0       400     200     600     1200    400     100     0       
3286   1967 2800    900     2000    400     1800    200     400     200     200     0       800     1000    200     0       0       0       400     0       0       
3286   1968 4600    1600    2600    0       2200    1600    500     0       0       1200    0       1000    400     600     600     0       300     200     300     
3286   1969 2100    800     1300    300     300     500     1100    0       0       0       100     200     0       500     0       500     200     400     200     
3286   1970 2000    1600    600     900     300     400     600     100     600     100     200     0       100     100     200     0       200     400     0       
3286   1971 3400    1000    1300    100     500     600     1400    100     0       300     200     0       200     0       400     500     400     500     800     
3286   1972 2300    2000    900     1100    400     500     900     300     0       0       400     0       200     0       300     0       500     400     200     
3286   1973 3400    2200    1300    1200    800     500     1000    700     300     100     600     100     0       300     200     100     100     800     100     
3286   1974 4500    1500    -999999 500     1600    -999999 400     300     100     100     700     800     900     1200    -999999 100     100     200     0       
3286   1975 3800    1200    1800    700     600     1300    700     500     200     200     100     300     400     500     400     100     600     0       500     
3286   1976 3400    2300    2000    1700    1100    700     400     400     800     0       100     1000    400     0       300     200     200     0       0       
3286   1977 4500    300     3400    0       800     2200    1500    0       0       100     500     200     1500    600     100     500     700     300     0       
3286   1978 5000    2000    2900    500     1400    1000    1700    100     400     500     800     100     400     500     100     1000    200     500     400     
3286   1979 3900    2200    1500    1500    200     1200    1100    500     600     0       0       200     200     500     500     100     1000    0       300     
3286   1980 4000    2000    1600    800     800     600     1800    0       500     200     100     500     0       0       600     400     200     1200    300     
3286   1981 3600    3300    2000    1300    1600    800     200     600     400     600     400     600     600     0       200     200     0       0       0       
3286   1982 5900    900     3800    900     1400    2100    1500    600     300     0       500     900     1100    700     300     300     1100    100     0       
3286   1983 4700    3200    1300    1100    1500    600     1300    900     200     900     300     300     0       300     300     100     300     900     200     
3286   1984 1300    1500    900     300     200     400     600     100     0       0       100     100     100     100     200     300     300     0       0       
3286   1985 1800    500     1300    200     300     600     600     0       200     0       100     200     0       100     500     400     200     0       100     
3286   1986 2100    700     1400    500     500     400     600     400     0       0       200     300     0       300     100     500     100     0       200     
3286   1987 4000    1100    2400    900     500     2000    500     400     300     100     100     300     0       1200    800     0       300     200     300     
3286   1988 3200    1100    1300    600     100     500     1000    300     0       0       100     0       400     0       100     700     0       300     1300    
3286   1989 7300    2900    2700    2000    1300    1700    900     400     300     600     300     400     0       700     1000    300     500     100     2700    
3286   1990 5000    4800    2000    3700    800     1000    1600    600     400     500     100     200     1000    0       0       700     500     400     600     
3286   1991 5900    2700    3100    1500    1500    1800    1300    900     0       300     500     700     800     600     400     100     1000    200     400     
3286   1992 3100    2200    1600    1000    800     800     300     500     100     0       200     600     400     400     0       0       200     100     600     
3286   1993 3700    3200    800     2400    700     400     600     800     1000    500     200     0       200     0       200     200     400     0       200     
3286   1994 6100    1400    2300    700     1100    1400    2000    400     100     300     300     500     500     300     600     100     200     1700    1100    
3286   1995 3800    4400    1300    1800    1200    700     1200    100     600     700     400     100     0       600     100     100     500     600     0       
3286   1996 3400    1500    1700    200     700     1000    1000    200     0       200     100     400     200     300     500     200     500     300     500     
3286   1997 7000    2100    4400    900     2800    1500    2100    400     0       400     1700    700     700     200     600     500     1200    400     200     
3286   1998 5300    1900    4100    300     400     3100    1500    0       100     0       100     300     900     500     1700    600     100     800     200     
3286   1999 5700    2600    3500    1600    1300    2100    700     600     800     100     500     700     200     600     1300    200     300     200     200     
3286   2000 3900    1100    3100    500     1300    1200    700     100     200     100     900     300     300     400     500     700     0       0       400     
3286   2001 4600    800     3000    700     1300    1400    1500    0       300     100     200     1000    600     100     700     400     100     1000    100     
3286   2002 5500    3700    2100    1900    1000    1300    1200    1000    800     700     100     200     100     600     600     500     500     200     200     
3286   2003 3600    1900    1800    900     600     1000    1200    600     100     300     0       300     800     100     100     500     600     100     100     
3286   2004 4000    2000    1400    1100    900     500     700     300     700     200     100     600     100     200     200     200     200     300     900     
3286   2005 3700    2200    2200    1000    1800    800     700     100     0       700     800     300     200     400     200     300     300     100     300     
