EUROPEAN CLIMATE ASSESSMENT & DATASET (ECA&D), file created on: 20-01-2022
THESE DATA CAN BE USED FOR NON-COMMERCIAL RESEARCH AND EDUCATION PROVIDED THAT THE FOLLOWING SOURCE IS ACKNOWLEDGED: 

Klein Tank, A.M.G. and Coauthors, 2002. Daily dataset of 20th-century surface
air temperature and precipitation series for the European Climate Assessment.
Int. J. of Climatol., 22, 1441-1453.
Data and metadata available at http://www.ecad.eu

FILE FORMAT (MISSING VALUE CODE = -999999):

THIS FILE HOLDS DATA FOR STATION RUSSIAN FEDERATION                       MINUSINSK                                (STAID:   3234)
LATITUDE: dd:mm:ss +53:43:00
LONGITUDE: ddd:mm:ss +091:42:00
ELEVATION: m  254

DATA IS FOR INDEX Days with TN > 90th percentile of daily min temp (warm nights) (TN90p) with unit 0.01 No of days

01-06 SOUID: Source identifier
08-11 YEAR : YYYY
13-20 ANNUAL DATA VALUES
21-28 WINTER HALF YEAR DATA VALUES
29-36 SUMMER HALF YEAR DATA VALUES
37-44 WINTER (DJF) DATA VALUES
45-52 SPRING (MAM) DATA VALUES
53-60 SUMMER (JJA) DATA VALUES
61-68 AUTUMN (SON) DATA VALUES
69-76 JANUARY DATA VALUES
etc. 
157-164 DECEMBER DATA VALUES

3234   1910 -999999 -999999 -999999 -999999 -999999 -999999 -999999 1100    -999999 -999999 -999999 -999999 -999999 -999999 -999999 -999999 -999999 -999999 -999999 
3234   1911 -999999 -999999 -999999 -999999 -999999 -999999 -999999 -999999 -999999 -999999 -999999 -999999 -999999 -999999 -999999 -999999 -999999 -999999 -999999 
3234   1912 -999999 -999999 -999999 -999999 -999999 -999999 -999999 -999999 -999999 -999999 -999999 -999999 -999999 -999999 -999999 -999999 -999999 -999999 -999999 
3234   1913 -999999 -999999 -999999 -999999 -999999 -999999 -999999 -999999 -999999 -999999 -999999 -999999 -999999 -999999 -999999 -999999 -999999 -999999 -999999 
3234   1914 -999999 -999999 -999999 -999999 -999999 -999999 -999999 -999999 -999999 -999999 -999999 -999999 -999999 -999999 -999999 -999999 -999999 -999999 -999999 
3234   1915 -999999 -999999 -999999 -999999 -999999 1500    400     -999999 -999999 -999999 -999999 400     200     800     500     300     0       100     300     
3234   1916 -999999 600     -999999 500     -999999 400     900     200     0       0       -999999 400     0       300     100     100     200     600     300     
3234   1917 1600    1400    600     400     200     300     900     100     0       200     0       0       0       100     200     300     100     500     100     
3234   1918 2500    1600    1400    800     400     1000    400     600     100     200     100     100     500     400     100     200     200     0       0       
3234   1919 -999999 900     -999999 700     200     -999999 400     0       700     0       0       200     0       400     -999999 0       200     200     400     
3234   1920 -999999 1600    1400    1000    500     1100    -999999 600     0       200     300     0       200     400     500     0       0       -999999 -999999 
3234   1921 -999999 -999999 -999999 -999999 -999999 2200    -999999 200     -999999 -999999 -999999 0       100     1500    600     200     200     -999999 300     
3234   1922 2800    -999999 1400    800     300     1300    600     100     400     200     100     0       200     900     200     0       100     500     100     
3234   1923 2400    900     1000    300     200     700     800     200     0       0       0       200     300     200     200     100     300     400     500     
3234   1924 -999999 1300    -999999 -999999 100     -999999 -999999 -999999 0       0       0       100     -999999 -999999 -999999 -999999 200     400     -999999 
3234   1925 -999999 -999999 -999999 -999999 300     -999999 -999999 0       400     100     100     100     0       -999999 -999999 -999999 -999999 -999999 -999999 
3234   1926 -999999 -999999 -999999 -999999 -999999 -999999 -999999 -999999 -999999 -999999 -999999 -999999 -999999 -999999 -999999 -999999 -999999 -999999 -999999 
3234   1927 2700    -999999 1700    -999999 700     600     900     400     100     100     500     100     100     300     200     500     100     300     0       
3234   1928 -999999 -999999 -999999 600     -999999 700     300     600     0       -999999 -999999 300     200     0       500     100     0       200     0       
3234   1929 1500    600     600     400     400     100     600     400     0       0       300     100     0       0       100     100     200     300     0       
3234   1930 1900    1300    1000    600     500     700     0       100     500     200     100     200     100     200     400     0       0       0       100     
3234   1931 2700    600     1300    500     400     900     900     400     0       100     100     200     400     100     400     100     500     300     100     
3234   1932 4000    2000    1500    1100    300     1100    1200    1000    0       100     200     0       300     700     100     200     500     500     400     
3234   1933 -999999 -999999 1600    -999999 500     1100    300     -999999 0       100     0       400     300     300     500     100     0       200     0       
3234   1934 1400    400     500     200     100     300     300     200     0       0       100     0       0       200     100     100     0       200     500     
3234   1935 1700    900     800     700     200     400     800     0       200     0       100     100     100     300     0       200     300     300     100     
3234   1936 3000    1100    800     500     0       300     1500    200     200     0       0       0       100     100     100     500     400     600     800     
3234   1937 2200    1900    1200    900     300     300     1500    100     0       0       0       300     0       100     200     600     600     300     0       
3234   1938 3000    1400    1200    500     700     500     1300    100     400     0       400     300     100     300     100     0       700     600     0       
3234   1939 2700    2000    1400    600     900     600     300     500     100     100     500     300     100     300     200     0       200     100     300     
3234   1940 2100    1100    1300    600     800     500     500     0       300     200     500     100     100     0       400     200     100     200     0       
3234   1941 2300    1100    900     200     800     700     400     100     100     600     100     100     200     100     400     0       200     200     200     
3234   1942 2700    1000    1800    400     300     1300    700     0       200     200     100     0       400     800     100     400     100     200     200     
3234   1943 4100    800     2800    400     1200    1200    900     0       200     100     500     600     300     200     700     500     300     100     600     
3234   1944 1700    1200    1400    800     800     400     200     0       200     0       400     400     100     200     100     200     0       0       100     
3234   1945 2600    100     1800    100     800     600     1100    0       0       0       500     300     100     200     300     400     400     300     100     
3234   1946 3600    2400    1400    1500    700     600     900     900     500     200     400     100     100     400     100     300     400     200     0       
3234   1947 2400    600     2400    0       1100    1000    300     0       0       0       800     300     200     200     600     300     0       0       0       
3234   1948 2600    500     1600    400     600     700     700     300     100     100     400     100     200     400     100     400     300     0       200     
3234   1949 2900    1400    1800    1000    900     900     300     600     200     100     300     500     100     300     500     100     100     100     0       
3234   1950 3100    400     2000    0       200     1200    1300    0       0       200     0       0       400     100     700     800     500     0       400     
3234   1951 4000    1400    2400    500     1100    1600    300     100     0       400     200     500     900     600     100     100     0       200     900     
3234   1952 3400    1900    1900    1700    200     1300    600     800     0       0       0       200     400     500     400     400     200     0       500     
3234   1953 5300    1700    3300    900     1000    2300    1100    300     100     600     0       400     500     1400    400     600     500     0       500     
3234   1954 4000    1200    2500    700     0       1400    2200    200     0       0       0       0       600     0       800     1100    400     700     200     
3234   1955 3000    2100    1600    900     400     1000    300     0       700     100     0       300     200     200     600     300     0       0       600     
3234   1956 2500    1200    1400    1200    400     900     600     500     100     0       300     100     100     300     500     100     500     0       0       
3234   1957 3300    1000    1400    500     500     800     1100    200     300     0       300     200     400     200     200     100     500     500     400     
3234   1958 2100    1800    700     800     200     500     300     100     300     0       100     100     0       0       500     0       200     100     700     
3234   1959 4600    1900    3000    1300    1300    1200    1300    300     300     300     400     600     200     500     500     800     500     0       200     
3234   1960 2800    1800    900     1300    300     300     900     300     800     0       300     0       200     0       100     300     100     500     200     
3234   1961 4800    2400    2200    1600    1100    800     1000    600     800     200     700     200     0       600     200     500     100     400     500     
3234   1962 4200    2100    2000    1300    600     1100    1000    200     600     300     100     200     200     300     600     600     200     200     700     
3234   1963 3600    2100    1100    1300    700     700     1100    0       600     400     0       300     100     200     400     100     100     900     500     
3234   1964 5500    2600    2600    1100    900     2000    900     600     0       500     100     300     500     600     900     200     0       700     1100    
3234   1965 3700    2600    2200    1700    1000    1000    800     400     200     200     100     700     200     300     500     400     200     200     300     
3234   1966 3200    1600    1600    1100    300     700     1400    400     400     100     0       200     400     100     200     700     500     200     0       
3234   1967 3300    1500    2100    500     1300    1000    500     100     400     300     300     700     400     200     400     100     300     100     0       
3234   1968 4200    1900    2500    400     2300    1100    200     400     0       1100    400     800     300     600     200     200     0       0       200     
3234   1969 3900    400     2600    400     700     1400    1400    0       200     0       600     100     300     700     400     500     600     300     200     
3234   1970 2600    2000    1600    1100    700     800     200     600     300     0       400     300     400     300     100     100     100     0       0       
3234   1971 2700    700     900     200     1100    0       1300    200     0       400     400     300     0       0       0       200     400     700     100     
3234   1972 3300    1600    2100    400     1300    900     600     0       300     100     700     500     400     300     200     0       300     300     200     
3234   1973 3000    1600    900     300     1100    500     600     0       100     700     200     200     400     100     0       0       0       600     700     
3234   1974 3700    2400    2400    1600    900     1400    500     400     500     200     400     300     300     500     600     300     200     0       0       
3234   1975 3100    1700    1200    700     1300    500     600     500     200     800     200     300     200     200     100     200     300     100     0       
3234   1976 1800    1200    700     600     300     500     100     300     300     200     0       100     200     100     200     100     0       0       300     
3234   1977 4700    1100    2100    500     1500    800     1500    0       200     600     600     300     300     100     400     400     700     400     700     
3234   1978 4000    3100    2300    1800    1100    1000    700     900     200     200     700     200     400     500     100     400     300     0       100     
3234   1979 5600    2000    2400    1000    1000    1700    1500    300     600     700     100     200     1100    300     300     400     700     400     500     
3234   1980 3300    2000    2000    900     100     1800    800     200     200     0       100     0       600     400     800     100     100     600     200     
3234   1981 2900    1600    2100    400     1600    600     400     100     100     500     400     700     300     200     100     400     0       0       100     
3234   1982 6000    1100    2300    1000    1100    900     2400    400     500     100     400     600     300     200     400     400     800     1200    700     
3234   1983 4000    3500    1400    1300    800     600     1600    600     0       200     400     200     100     200     300     200     600     800     400     
3234   1984 2700    2100    1200    700     200     700     1400    200     100     0       100     100     500     100     100     300     800     300     100     
3234   1985 2200    1700    1000    600     300     600     600     300     200     0       200     100     0       200     400     100     300     200     200     
3234   1986 3100    1400    1900    600     900     1000    700     200     200     300     300     300     300     400     300     300     200     200     100     
3234   1987 4300    1600    2200    1100    700     900     1300    600     400     100     100     500     0       400     500     700     400     200     400     
3234   1988 2600    1200    1800    500     700     600     1200    100     0       100     500     100     100     0       500     600     400     200     0       
3234   1989 3800    2200    1600    1200    1100    700     500     700     500     400     500     200     100     400     200     200     300     0       300     
3234   1990 6100    1900    2800    1000    1300    1800    1400    200     500     600     200     500     600     900     300     300     800     300     900     
3234   1991 4600    3100    3000    1900    700     1800    1000    500     500     100     300     300     700     800     300     600     200     200     100     
3234   1992 4800    1900    2200    1000    1400    1100    900     700     200     500     400     500     200     500     400     200     200     500     500     
3234   1993 3300    2400    1500    1500    400     1200    600     400     600     200     200     0       200     600     400     100     500     0       100     
3234   1994 5900    1500    3100    400     1800    1500    1800    300     0       600     700     500     500     700     300     400     700     700     500     
3234   1995 4500    3300    1900    1400    1400    800     1100    400     500     500     400     500     0       400     400     200     400     500     300     
3234   1996 2700    1600    1200    700     200     900     500     200     200     0       200     0       0       800     100     100     0       400     700     
3234   1997 3700    2500    1500    1700    1100    800     600     600     400     400     400     300     200     400     200     0       400     200     200     
3234   1998 6000    1600    2200    900     1000    800     2000    100     600     100     500     400     100     400     300     500     700     800     1500    
3234   1999 4900    3700    2400    2200    1000    1400    900     500     200     0       200     800     300     800     300     0       300     600     900     
3234   2000 4600    3000    3000    1300    1700    1900    300     0       400     800     600     300     1100    300     500     200     100     0       300     
3234   2001 6800    2200    3200    1300    1900    1500    2200    400     600     800     200     900     900     0       600     600     400     1200    200     
3234   2002 7000    5900    2400    3000    2000    1400    700     1400    1400    1300    200     500     300     600     500     300     200     200     100     
3234   2003 3700    1500    1900    800     800     1200    500     700     0       300     200     300     900     300     0       200     300     0       500     
3234   2004 5600    2600    2700    2000    1000    1300    1600    400     1100    300     300     400     400     600     300     700     700     200     200     
3234   2005 4700    1700    2900    400     800     1800    1900    100     100     400     300     100     300     800     700     700     800     400     0       
3234   2006 4900    1900    2000    300     700     1400    1500    100     200     400     100     200     500     800     100     300     500     700     1000    
3234   2007 6500    4300    3200    2600    1600    1300    1100    700     900     500     600     500     300     800     200     800     100     200     900     
3234   2008 5100    2600    2100    1300    1700    900     1900    100     300     1000    500     200     200     400     300     500     600     800     200     
3234   2009 4300    2300    2000    700     1000    1000    1400    200     300     200     400     400     300     300     400     200     400     800     400     
3234   2010 3700    1900    1500    600     500     800     2000    0       200     100     300     100     100     400     300     300     500     1200    200     
3234   2011 3700    2400    2300    500     900     1300    1000    0       300     200     500     200     600     300     400     300     600     100     200     
3234   2012 4400    1400    2700    300     1300    1400    1600    100     0       400     400     500     500     400     500     400     700     500     0       
3234   2013 6400    2200    2000    500     1500    800     2200    400     100     500     700     300     300     100     400     200     400     1600    1400    
3234   2014 4600    5300    1500    2300    1700    800     1000    600     300     1000    600     100     300     200     300     0       200     800     200     
3234   2015 6900    3400    3000    1500    2000    1600    1100    800     500     900     800     300     400     700     500     300     800     0       900     
3234   2016 5800    3300    3400    1500    2000    1700    1100    0       600     1000    1000    0       400     900     400     700     0       400     400     
3234   2017 6000    3000    2900    1600    2000    1500    1100    700     500     1000    500     500     500     500     500     400     300     400     200     
3234   2018 4200    1700    2500    500     1100    1300    1100    200     100     500     400     200     300     300     700     600     100     400     400     
3234   2019 -999999 2600    -999999 900     1700    -999999 -999999 200     300     1200    400     100     0       -999999 -999999 -999999 -999999 -999999 -999999 
