EUROPEAN CLIMATE ASSESSMENT & DATASET (ECA&D), file created on: 20-01-2022
THESE DATA CAN BE USED FOR NON-COMMERCIAL RESEARCH AND EDUCATION PROVIDED THAT THE FOLLOWING SOURCE IS ACKNOWLEDGED: 

Klein Tank, A.M.G. and Coauthors, 2002. Daily dataset of 20th-century surface
air temperature and precipitation series for the European Climate Assessment.
Int. J. of Climatol., 22, 1441-1453.
Data and metadata available at http://www.ecad.eu

FILE FORMAT (MISSING VALUE CODE = -999999):

THIS FILE HOLDS DATA FOR STATION FINLAND                                  KEMINMAA                                 (STAID:   7733)
LATITUDE: dd:mm:ss +65:48:00
LONGITUDE: ddd:mm:ss +024:37:00
ELEVATION: m   13

DATA IS FOR INDEX Days with TN > 90th percentile of daily min temp (warm nights) (TN90p) with unit 0.01 No of days

01-06 SOUID: Source identifier
08-11 YEAR : YYYY
13-20 ANNUAL DATA VALUES
21-28 WINTER HALF YEAR DATA VALUES
29-36 SUMMER HALF YEAR DATA VALUES
37-44 WINTER (DJF) DATA VALUES
45-52 SPRING (MAM) DATA VALUES
53-60 SUMMER (JJA) DATA VALUES
61-68 AUTUMN (SON) DATA VALUES
69-76 JANUARY DATA VALUES
etc. 
157-164 DECEMBER DATA VALUES

7733   1959 4200    -999999 2100    -999999 2100    800     500     100     200     800     600     700     200     200     400     0       100     400     500     
7733   1960 5000    1200    4200    700     1200    2500    500     100     100     0       200     1000    500     1200    800     500     0       0       600     
7733   1961 6600    2200    2400    1600    600     1800    3000    500     500     600     0       0       1000    700     100     600     1700    700     200     
7733   1962 2000    3500    600     1100    400     200     500     400     500     0       300     100     0       100     100     0       100     400     0       
7733   1963 4000    500     3000    0       1500    700     1500    0       0       0       400     1100    100     0       600     800     400     300     300     
7733   1964 3500    1700    1300    1000    700     600     800     700     0       0       300     400     0       100     500     0       500     300     700     
7733   1965 3300    2300    2200    1400    1100    700     800     700     0       100     1000    0       100     100     500     500     0       300     0       
7733   1966 2600    300     1500    0       500     800     900     0       0       0       400     100     500     300     0       200     0       700     400     
7733   1967 5100    2400    2100    700     1300    1300    2100    0       300     1000    200     100     100     300     900     500     400     1200    100     
7733   1968 1200    1800    600     100     100     400     400     0       0       100     0       0       300     100     0       200     0       200     300     
7733   1969 1600    600     1100    400     300     600     400     100     0       0       100     200     0       100     500     200     100     100     200     
7733   1970 3300    900     1900    500     400     1400    800     300     0       200     0       200     400     900     100     300     0       500     400     
7733   1971 2000    2000    600     1500    100     500     200     800     300     0       100     0       0       100     400     0       0       200     100     
7733   1972 6300    900     4000    400     1200    2800    600     300     0       300     600     300     600     1400    800     300     300     0       1400    
7733   1973 4300    3400    2400    2900    800     1800    200     700     800     200     100     500     400     1200    200     0       0       200     0       
7733   1974 4700    900     2900    700     100     1600    1300    200     500     0       0       100     700     500     400     1200    100     0       1000    
7733   1975 5200    3400    1800    3000    1100    300     1400    1000    1000    300     0       800     0       300     0       700     400     300     400     
7733   1976 2300    1600    900     900     900     0       200     100     400     0       300     600     0       0       0       0       0       200     700     
7733   1977 2500    2000    600     900     1000    300     600     200     0       900     100     0       200     0       100     200     0       400     400     
7733   1978 3300    2500    1300    1100    1700    500     400     500     200     1000    0       700     200     100     200     100     100     200     0       
7733   1979 4000    800     2600    0       1300    1600    400     0       0       500     500     300     400     200     1000    200     0       200     700     
7733   1980 3200    1100    2600    700     900     1600    600     0       0       200     400     300     1100    200     300     300     300     0       100     
7733   1981 1400    800     600     500     200     200     600     300     100     0       200     0       0       200     0       200     400     0       0       
7733   1982 3700    1700    800     500     800     600     1200    100     400     800     0       0       0       300     300     200     300     700     600     
7733   1983 5700    2600    4200    1400    2800    700     1300    600     200     200     1600    1000    300     200     200     900     300     100     100     
7733   1984 4700    1500    2500    1100    1500    800     900     500     500     0       100     1400    400     0       400     200     500     200     500     
7733   1985 1700    1200    1500    500     200     1000    500     0       0       0       0       200     200     100     700     300     100     100     0       
7733   1986 5000    1900    -999999 500     -999999 500     1700    500     0       1200    -999999 600     400     100     0       0       400     1300    200     
7733   1987 2800    2100    500     200     500     200     1900    0       0       200     0       300     100     100     0       0       1900    0       200     
7733   1988 5700    3800    3700    1600    700     2600    1000    500     900     300     300     100     1000    1400    200     700     200     100     0       
7733   1989 6200    2700    2900    1200    2700    900     1300    700     500     1200    1000    500     200     200     500     500     100     700     100     
7733   1990 5900    3300    2300    2000    1700    1100    300     0       1900    500     900     300     200     300     600     0       300     0       900     
7733   1991 4600    1800    2400    1400    900     1500    1200    300     200     100     800     0       100     500     900     100     600     500     500     
7733   1992 5400    3600    2000    1600    1600    700     700     400     700     900     300     400     700     0       0       600     0       100     1300    
7733   1993 3100    2800    1400    2500    1000    600     100     800     400     200     200     600     100     300     200     0       0       100     200     
7733   1994 4000    500     2400    300     1200    1200    600     100     0       100     1000    100     200     600     400     100     300     200     900     
7733   1995 -999999 3800    -999999 2700    800     -999999 -999999 800     1000    600     100     100     -999999 -999999 -999999 -999999 -999999 -999999 -999999 
7733   1996 3000    -999999 700     -999999 100     600     1400    600     100     0       0       100     100     0       500     0       800     600     200     
7733   1997 2900    2700    1300    800     600     900     400     100     500     500     0       100     100     200     600     300     0       100     400     
7733   1998 3700    1500    1400    1200    800     400     1100    600     200     200     500     100     100     300     0       400     300     400     600     
7733   1999 2800    2400    1200    1400    700     500     700     700     100     300     400     0       100     400     0       300     200     200     100     
7733   2000 6700    1600    2300    1000    1100    700     3300    400     500     200     400     500     200     400     100     700     1400    1200    700     
7733   2001 -999999 3900    2800    1300    700     1200    -999999 500     100     0       600     100     100     800     300     900     100     -999999 200     
7733   2002 5700    -999999 4300    1100    2000    2600    200     500     400     500     900     600     500     1000    1100    200     0       0       0       
7733   2003 4800    1000    3000    400     1500    2000    600     0       400     600     400     500     0       1600    400     100     100     400     300     
7733   2004 5200    1800    3500    900     1600    1600    900     300     300     400     400     800     100     600     900     700     0       200     500     
7733   2005 6600    2000    2900    1800    100     2300    2900    900     400     0       100     0       500     800     1000    500     1200    1200    0       
7733   2006 6000    3200    2700    700     1200    1100    1600    700     0       100     600     500     200     400     500     500     100     1000    1400    
7733   2007 6000    3600    2400    1900    1600    1100    1600    500     0       600     400     600     100     100     900     300     1200    100     1200    
7733   2008 5200    4700    1000    2800    1000    500     900     1000    600     600     200     200     100     0       400     100     600     200     1200    
7733   2009 5900    2800    3500    1600    1300    1600    2100    400     0       400     200     700     500     300     800     1000    0       1100    500     
7733   2010 4600    1600    3900    500     1900    1800    900     0       0       0       600     1300    0       1000    800     200     600     100     0       
7733   2011 8000    1100    4500    200     1300    2400    2500    200     0       200     600     500     900     900     600     1000    600     900     1600    
7733   2012 4200    3900    2300    2000    1300    900     1500    200     200     400     300     600     200     400     300     500     100     900     100     
7733   2013 7700    2100    5600    1100    2200    2500    1200    500     500     0       700     1500    1400    600     500     900     100     200     800     
7733   2014 9300    5000    3800    3400    2300    2200    1300    800     1800    1300    500     500     600     500     1100    600     100     600     900     
7733   2015 8700    4200    3500    2700    2200    800     2900    600     1200    800     800     600     0       100     700     1300    400     1200    1000    
7733   2016 7000    4400    4000    2300    1600    1900    1700    200     1100    500     500     600     400     1000    500     1000    200     500     500     
7733   2017 3100    2300    1400    1300    500     1000    400     400     400     300     100     100     100     300     600     200     0       200     400     
7733   2018 -999999 1000    -999999 800     -999999 2300    -999999 200     200     0       200     1300    100     1100    1100    700     -999999 900     200     
7733   2019 6300    -999999 2600    900     1300    1600    1200    100     600     800     100     400     500     200     900     500     100     600     1500    
7733   2020 7000    4600    1700    3300    700     1400    2200    900     900     600     0       100     500     300     600     200     700     1300    900     
7733   2021 3500    3300    1900    900     1200    1100    1200    0       0       400     200     600     300     400     400     0       700     500     0       
