EUROPEAN CLIMATE ASSESSMENT & DATASET (ECA&D), file created on: 20-01-2022
THESE DATA CAN BE USED FOR NON-COMMERCIAL RESEARCH AND EDUCATION PROVIDED THAT THE FOLLOWING SOURCE IS ACKNOWLEDGED: 

Klein Tank, A.M.G. and Coauthors, 2002. Daily dataset of 20th-century surface
air temperature and precipitation series for the European Climate Assessment.
Int. J. of Climatol., 22, 1441-1453.
Data and metadata available at http://www.ecad.eu

FILE FORMAT (MISSING VALUE CODE = -999999):

THIS FILE HOLDS DATA FOR STATION FINLAND                                  ORIMATTILA KAKELA                        (STAID:   7141)
LATITUDE: dd:mm:ss +60:48:23
LONGITUDE: ddd:mm:ss +025:46:19
ELEVATION: m   78

DATA IS FOR INDEX Days with TN > 90th percentile of daily min temp (warm nights) (TN90p) with unit 0.01 No of days

01-06 SOUID: Source identifier
08-11 YEAR : YYYY
13-20 ANNUAL DATA VALUES
21-28 WINTER HALF YEAR DATA VALUES
29-36 SUMMER HALF YEAR DATA VALUES
37-44 WINTER (DJF) DATA VALUES
45-52 SPRING (MAM) DATA VALUES
53-60 SUMMER (JJA) DATA VALUES
61-68 AUTUMN (SON) DATA VALUES
69-76 JANUARY DATA VALUES
etc. 
157-164 DECEMBER DATA VALUES

7141   1960 2700    -999999 2100    -999999 300     1700    300     0       0       0       200     100     500     900     300     100     0       200     400     
7141   1961 5000    2300    1500    -999999 1000    1000    1800    100     1000    600     100     300     600     300     100     100     1100    600     100     
7141   1962 2700    2600    800     900     800     0       1000    600     200     0       600     200     0       0       0       0       500     500     100     
7141   1963 2900    1100    2600    100     1100    800     800     0       0       0       400     700     0       400     400     700     100     0       200     
7141   1964 2400    700     900     600     200     600     800     400     0       0       200     0       200     200     200     100     400     300     400     
7141   1965 3100    2000    2000    1000    500     800     1200    600     0       300     200     0       300     0       500     1000    200     0       0       
7141   1966 2100    300     1100    0       400     800     700     0       0       100     100     200     300     500     0       0       400     300     200     
7141   1967 4700    2000    1900    500     1300    900     2200    300     0       800     300     200     100     100     700     500     1200    500     0       
7141   1968 2600    2300    1800    0       900     1100    500     0       0       600     100     200     500     100     500     400     0       100     100     
7141   1969 1100    200     800     100     200     300     600     0       0       0       100     100     0       100     200     300     0       300     0       
7141   1970 2100    400     1400    0       100     1100    500     0       0       100     0       0       200     400     500     300     0       200     400     
7141   1971 3400    2100    1400    1700    800     800     200     1200    100     200     100     500     0       300     500     0       0       200     300     
7141   1972 5500    900     3300    700     300     2800    400     0       400     0       100     200     500     1400    900     200     100     100     1600    
7141   1973 3800    3400    1800    2700    900     1300    100     500     600     500     100     300     800     300     200     100     0       0       400     
7141   1974 5200    2000    1700    2000    100     900     1400    200     1400    0       100     0       200     500     200     700     200     500     1200    
7141   1975 5800    4000    2900    2700    1400    1100    1300    1200    300     600     300     500     100     400     600     1000    100     200     500     
7141   1976 2000    1300    900     800     300     700     400     100     200     200     100     0       200     300     200     100     0       300     300     
7141   1977 4400    1600    2100    500     1400    1300    1200    200     0       800     200     400     400     300     600     200     500     500     300     
7141   1978 2500    2600    800     700     1200    400     500     400     0       900     100     200     200     100     100     100     0       400     0       
7141   1979 3300    500     2100    100     1000    1000    900     100     0       0       300     700     400     200     400     100     300     500     300     
7141   1980 2700    1300    2100    500     700     1000    700     0       200     0       600     100     600     0       400     400     300     0       100     
7141   1981 2300    800     1700    400     500     900     600     300     0       100     0       400     300     400     200     400     200     0       0       
7141   1982 3900    800     1600    100     1200    500     1400    0       100     500     200     500     100     200     200     400     200     800     700     
7141   1983 5300    2500    3600    1400    2300    600     1200    700     0       100     1100    1100    0       400     200     800     300     100     500     
7141   1984 4400    1000    2300    600     1500    800     1500    100     0       0       500     1000    300     100     400     0       800     700     500     
7141   1985 1900    2000    1000    500     0       1000    500     0       0       0       0       0       100     300     600     0       500     0       400     
7141   1986 3600    1300    1700    700     500     1300    1300    300     0       100     200     200     800     500     0       0       100     1200    200     
7141   1987 1400    1800    600     200     800     100     500     0       0       300     100     400     100     0       0       0       400     100     0       
7141   1988 6800    2200    4700    1700    900     3000    1200    700     1000    0       500     400     1300    1200    500     800     300     100     0       
7141   1989 9200    4500    3700    2500    3300    1500    1600    1300    1200    1600    1500    200     700     400     400     500     500     600     300     
7141   1990 5900    4200    2200    2200    2500    600     400     500     1400    900     900     700     200     100     300     0       400     0       500     
7141   1991 4100    2300    1000    1400    1000    500     1100    400     500     500     400     100     100     100     300     0       300     800     600     
7141   1992 4700    3500    2300    1300    1500    1400    500     400     300     1100    400     0       600     400     400     500     0       0       600     
7141   1993 2700    2000    1000    1600    1300    100     100     700     300     400     100     800     0       100     0       0       100     0       200     
7141   1994 3600    800     2100    400     1300    800     600     200     0       300     1000    0       0       500     300     300     200     100     700     
7141   1995 6100    2900    2900    2100    1000    1900    1800    200     1200    500     100     400     1400    200     300     500     1200    100     0       
7141   1996 2600    1300    800     0       500     300     1400    0       0       0       300     200     100     100     100     0       400     1000    400     
7141   1997 4200    3100    2300    1200    700     1900    500     100     700     500     100     100     700     600     600     200     100     200     300     
7141   1998 4500    2200    2200    1900    500     900     1000    1100    500     0       200     300     600     300     0       800     200     0       500     
7141   1999 5400    1400    3400    1200    1000    1800    1700    700     0       0       1000    0       1100    400     300     600     600     500     200     
7141   2000 7400    2900    1900    1500    1100    1000    2300    600     700     300     700     100     300     500     200     100     900     1300    1700    
7141   2001 6300    4700    4300    2300    1200    2300    2200    400     200     200     800     200     400     1200    700     1000    1200    0       0       
7141   2002 5400    3600    3000    2000    1400    1700    300     800     1200    400     400     600     400     900     400     300     0       0       0       
7141   2003 4700    700     2500    200     800     1600    1200    200     0       500     100     200     0       1100    500     600     0       600     900     
7141   2004 4000    1700    3000    1000    800     1300    1200    0       100     100     200     500     0       600     700     1000    100     100     600     
7141   2005 5700    1900    3000    1600    1100    1400    2200    800     200     100     500     500     300     500     600     600     500     1100    0       
7141   2006 7100    1800    3100    200     400     1800    2900    200     0       0       200     200     500     500     800     900     1000    1000    1800    
7141   2007 7300    5400    3300    2600    2500    1200    1200    700     100     800     800     900     0       400     800     400     800     0       1600    
