EUROPEAN CLIMATE ASSESSMENT & DATASET (ECA&D), file created on: 20-01-2022
THESE DATA CAN BE USED FOR NON-COMMERCIAL RESEARCH AND EDUCATION PROVIDED THAT THE FOLLOWING SOURCE IS ACKNOWLEDGED: 

Klein Tank, A.M.G. and Coauthors, 2002. Daily dataset of 20th-century surface
air temperature and precipitation series for the European Climate Assessment.
Int. J. of Climatol., 22, 1441-1453.
Data and metadata available at http://www.ecad.eu

FILE FORMAT (MISSING VALUE CODE = -999999):

THIS FILE HOLDS DATA FOR STATION SWEDEN                                   ULTUNA                                   (STAID:   5506)
LATITUDE: dd:mm:ss +59:48:36
LONGITUDE: ddd:mm:ss +017:39:59
ELEVATION: m   15

DATA IS FOR INDEX Days with TN > 90th percentile of daily min temp (warm nights) (TN90p) with unit 0.01 No of days

01-06 SOUID: Source identifier
08-11 YEAR : YYYY
13-20 ANNUAL DATA VALUES
21-28 WINTER HALF YEAR DATA VALUES
29-36 SUMMER HALF YEAR DATA VALUES
37-44 WINTER (DJF) DATA VALUES
45-52 SPRING (MAM) DATA VALUES
53-60 SUMMER (JJA) DATA VALUES
61-68 AUTUMN (SON) DATA VALUES
69-76 JANUARY DATA VALUES
etc. 
157-164 DECEMBER DATA VALUES

5506   1840 1100    -999999 600     -999999 400     100     300     300     0       100     300     0       100     0       0       200     0       100     0       
5506   1841 2200    200     1500    0       1100    400     200     0       0       100     300     700     300     0       100     100     100     0       500     
5506   1842 2500    1300    1000    1000    600     600     0       0       500     200     200     200     100     0       500     0       0       0       800     
5506   1843 2200    1200    900     1200    0       800     700     300     100     0       0       0       0       200     600     100     100     500     300     
5506   1844 900     900     800     300     500     100     300     0       0       0       500     0       0       0       100     200     100     0       0       
5506   1845 1500    300     900     200     0       800     500     200     0       0       0       0       400     200     200     100     0       400     0       
5506   1846 4000    1100    2000    400     500     1800    1300    100     300     300     100     100     200     400     1200    0       900     400     0       
5506   1847 2600    1400    600     0       100     600     1300    0       0       100     0       0       0       0       600     0       200     1100    600     
5506   1848 1400    2100    1000    700     700     300     100     0       100     100     200     400     300     0       0       100     0       0       200     
5506   1849 700     300     500     300     200     300     0       100     0       0       0       200     0       100     200     0       0       0       100     
5506   1850 1600    500     700     300     700     200     0       0       200     200     100     400     0       0       200     0       0       0       500     
5506   1851 1400    900     200     900     100     100     200     200     200     0       100     0       0       0       100     0       200     0       600     
5506   1852 2200    1400    1200    1100    400     900     0       400     100     100     100     200     300     500     100     0       0       0       400     
5506   1853 1900    800     900     800     300     500     700     400     0       0       0       300     300     200     0       100     400     200     0       
5506   1854 1000    800     800     0       500     400     100     0       0       200     300     0       0       0       400     100     0       0       0       
5506   1855 1700    0       1600    0       0       1400    300     0       0       0       0       0       100     800     500     200     100     0       0       
5506   1856 800     100     100     0       100     0       200     0       0       0       0       100     0       0       0       0       200     0       500     
5506   1857 2400    1000    1000    700     400     0       1000    100     100     100     0       300     0       0       0       700     300     0       800     
5506   1858 2000    1700    1400    1200    300     800     500     300     100     200     0       100     100     500     200     500     0       0       0       
5506   1859 1600    800     800     300     600     500     200     300     0       500     0       100     100     200     200     200     0       0       0       
5506   1860 800     100     600     100     0       500     200     100     0       0       0       0       400     100     0       100     0       100     0       
5506   1861 1900    600     900     300     200     900     200     0       300     200     0       0       100     800     0       0       200     0       300     
5506   1862 300     500     100     300     100     0       0       0       0       0       100     0       0       0       0       0       0       0       200     
5506   1863 2700    1200    900     1100    300     600     600     600     300     100     200     0       300     0       300     100     0       500     300     
5506   1864 100     800     100     300     0       100     0       0       0       0       0       0       100     0       0       0       0       0       0       
5506   1865 -999999 100     -999999 100     600     -999999 -999999 0       100     0       100     500     -999999 -999999 -999999 -999999 -999999 -999999 -999999 
5506   1866 -999999 -999999 -999999 -999999 -999999 -999999 -999999 -999999 -999999 -999999 -999999 -999999 -999999 -999999 -999999 -999999 -999999 -999999 -999999 
5506   1867 -999999 -999999 -999999 -999999 -999999 -999999 -999999 -999999 -999999 -999999 -999999 -999999 -999999 -999999 -999999 -999999 -999999 -999999 -999999 
5506   1868 -999999 -999999 -999999 -999999 -999999 -999999 200     -999999 -999999 -999999 -999999 -999999 -999999 -999999 1000    0       0       200     500     
5506   1869 3100    1500    1300    1300    500     300     900     400     400     0       500     0       0       100     200     500     200     200     600     
5506   1870 1700    2000    600     1400    500     200     200     800     0       200     100     200     0       0       200     100     0       100     0       
5506   1871 1600    800     500     0       700     500     0       0       0       700     0       0       100     200     200     0       0       0       400     
5506   1872 4000    1200    1400    1000    600     700     1500    400     200     200     200     200     200     400     100     300     300     900     600     
5506   1873 2700    3300    500     2100    300     200     300     1400    100     0       300     0       100     100     0       0       100     200     400     
5506   1874 2400    1900    500     1500    400     200     700     800     300     100     300     0       0       200     0       0       500     200     0       
5506   1875 500     700     400     0       100     200     100     0       0       0       0       100     0       0       200     100     0       0       100     
5506   1876 1400    400     1000    400     400     400     300     200     100     0       400     0       200     200     0       200     100     0       0       
5506   1877 2500    200     500     100     0       500     1200    100     0       0       0       0       400     100     0       0       100     1100    700     
5506   1878 2300    2900    900     1500    500     300     600     100     700     200     100     200     100     0       200     300     300     0       100     
5506   1879 1000    400     700     100     100     300     300     0       0       0       0       100     100     100     100     300     0       0       300     
5506   1880 2300    1000    1200    900     500     300     800     100     500     100     300     100     100     0       200     500     0       300     100     
5506   1881 1200    500     300     200     0       0       900     100     0       0       0       0       0       0       0       300     0       600     200     
5506   1882 3200    2300    1700    1100    1000    600     700     500     400     600     200     200     200     200     200     700     0       0       0       
5506   1883 1200    100     700     100     200     400     500     0       100     0       0       200     200     200     0       100     200     200     0       
5506   1884 900     800     400     200     200     100     300     0       200     200     0       0       0       100     0       300     0       0       100     
5506   1885 1400    700     400     700     300     100     100     0       600     0       200     100     0       100     0       0       100     0       300     
5506   1886 2400    600     1500    300     1200    100     900     0       0       200     900     100     0       100     0       400     0       500     200     
5506   1887 3100    2300    1100    1400    600     500     700     700     500     400     100     100     0       200     300     400     0       300     100     
5506   1888 700     400     0       100     0       0       200     0       0       0       0       0       0       0       0       0       100     100     500     
5506   1889 2900    900     1400    700     700     700     900     200     0       0       0       700     600     0       100     0       700     200     400     
5506   1890 2600    2600    800     1100    1000    200     700     600     100     600     100     300     0       100     100     200     200     300     0       
5506   1891 2200    600     900     100     0       800     800     100     0       0       0       0       200     400     200     100     700     0       500     
5506   1892 1300    1400    600     600     500     100     500     0       100     100     200     200     0       0       100     100     200     200     100     
5506   1893 1800    800     1000    100     800     400     100     0       0       300     200     300     0       0       400     100     0       0       500     
5506   1894 2300    1400    800     1000    1100    100     600     400     100     400     400     300     0       0       100     0       0       600     0       
5506   1895 1400    700     800     100     100     600     400     0       100     0       0       100     400     0       200     100     100     200     200     
5506   1896 2400    1600    1100    800     500     1000    300     100     500     500     0       0       500     400     100     100     200     0       0       
5506   1897 3100    800     1400    600     300     1100    400     100     500     0       100     200     600     200     300     0       100     300     700     
5506   1898 1700    1600    200     1200    0       200     500     500     0       0       0       0       100     0       100     0       300     200     500     
5506   1899 1700    1600    800     900     400     600     300     0       400     200     200     0       0       600     0       0       0       300     0       
5506   1900 1300    300     600     0       0       600     200     0       0       0       0       0       100     200     300     0       100     100     500     
5506   1901 4000    800     2300    500     200     1700    2100    0       0       100     0       100     400     800     500     500     1600    0       0       
5506   1902 100     1700    0       100     0       0       0       100     0       0       0       0       0       0       0       0       0       0       0       
5506   1903 3200    2500    400     1200    1500    200     100     400     800     1300    0       200     100     0       100     0       100     0       200     
5506   1904 400     300     200     200     0       100     100     0       0       0       0       0       0       100     0       100     0       0       200     
5506   1905 2300    700     1200    700     400     800     100     100     400     0       0       400     500     300     0       0       0       100     500     
5506   1906 2400    1400    1100    1000    900     500     300     400     100     300     0       600     100     200     200     0       100     200     200     
5506   1907 1900    500     400     200     300     0       1600    0       0       0       0       300     0       0       0       100     1200    300     0       
5506   1908 1700    1800    300     300     0       200     300     200     100     0       0       0       100     100     0       100     200     0       900     
5506   1909 1700    1400    300     1200    0       200     1200    300     0       0       0       0       0       100     100     100     1100    0       0       
5506   1910 2600    2200    1000    700     700     500     300     300     400     400     200     100     300     100     100     200     100     0       400     
5506   1911 2300    800     1200    700     300     500     800     0       300     0       300     0       100     100     300     400     0       400     400     
5506   1912 2100    1900    400     700     800     400     200     100     200     800     0       0       0       0       400     0       0       200     400     
5506   1913 3200    1600    1200    1100    700     600     1200    500     200     300     200     200     100     100     400     200     700     300     0       
5506   1914 6800    2800    3500    1500    1100    2500    400     200     1300    300     600     200     400     1700    400     200     0       200     1300    
5506   1915 500     1700    300     1500    100     200     0       0       200     0       0       100     100     100     0       0       0       0       0       
5506   1916 2500    800     700     700     700     100     800     500     200     100     400     200     0       100     0       0       0       800     200     
5506   1917 2500    1000    2200    200     300     1400    600     0       0       0       0       300     800     100     500     500     0       100     200     
5506   1918 2300    900     700     700     500     200     900     500     0       100     100     300     0       0       200     100     500     300     200     
5506   1919 1500    1700    800     900     100     500     200     600     100     0       100     0       100     400     0       200     0       0       0       
5506   1920 3400    1400    1400    700     2000    0       700     0       700     700     600     700     0       0       0       100     0       600     0       
5506   1921 3200    2000    1500    200     2300    300     200     200     0       1200    600     500     200     0       100     100     100     0       200     
5506   1922 1200    700     400     600     300     0       100     0       400     0       0       300     0       0       0       100     0       0       400     
5506   1923 1300    1000    300     1000    0       300     0       600     0       0       0       0       0       300     0       0       0       0       400     
5506   1924 3500    500     800     500     200     400     900     100     0       0       0       200     0       200     200     200     300     400     1900    
5506   1925 3600    3900    2100    3100    700     1400    200     600     600     100     100     500     100     1200    100     100     100     0       100     
5506   1926 2100    700     800     400     400     500     800     100     200     200     200     0       0       300     200     100     200     500     100     
5506   1927 2300    1900    1200    800     500     1100    0       600     100     400     100     0       0       800     300     0       0       0       0       
5506   1928 1400    200     500     200     100     200     900     0       200     0       100     0       0       200     0       200     300     400     0       
5506   1929 4500    1200    1700    0       1100    800     1300    0       0       500     0       600     200     400     200     300     200     800     1300    
5506   1930 4700    3800    1600    2500    1000    700     1000    1200    0       300     300     400     300     100     300     200     500     300     800     
5506   1931 1200    1800    700     1000    300     400     300     100     100     0       100     200     100     300     0       0       0       300     0       
5506   1932 4000    1800    1400    1400    700     700     200     1400    0       100     300     300     0       500     200     100     0       100     1000    
5506   1933 3200    2500    1700    1900    800     900     600     800     100     500     300     0       200     500     200     500     100     0       0       
5506   1934 6100    1500    2100    1300    1300    300     1400    500     800     100     400     800     100     0       200     600     500     300     1800    
5506   1935 3500    3000    1400    2200    200     1000    1400    0       400     0       200     0       600     100     300     200     100     1100    500     
5506   1936 3900    2000    2300    800     300     2000    100     300     0       0       200     100     700     800     500     0       0       100     1200    
5506   1937 4700    1700    3500    1500    1900    1400    1100    300     0       100     800     1000    500     200     700     300     700     100     0       
5506   1938 6500    2500    2900    500     2000    1500    1600    100     400     1200    300     500     400     600     500     600     200     800     900     
5506   1939 5000    3300    3100    2200    600     2400    700     200     1100    100     500     0       300     400     1700    200     0       500     0       
5506   1940 1900    600     1300    100     500     800     500     0       100     0       200     300     200     600     0       0       0       500     0       
5506   1941 1400    500     1400    0       0       1400    0       0       0       0       0       0       200     1000    200     0       0       0       0       
5506   1942 3100    100     1200    0       100     1000    700     0       0       100     0       0       0       300     700     200     200     300     1300    
5506   1943 4400    3200    2300    2200    1700    900     400     200     700     500     1000    200     200     300     400     200     200     0       500     
5506   1944 2600    700     2000    500     300     1700    100     0       0       0       0       300     0       800     900     0       100     0       500     
5506   1945 4000    1700    2500    900     1100    2100    0       0       400     700     300     100     100     1200    800     0       0       0       400     
5506   1946 3300    1100    1300    800     1100    300     800     400     0       300     700     100     0       300     0       200     0       600     700     
5506   1947 3500    1500    3000    900     800     1600    900     200     0       0       600     200     800     700     100     600     200     100     0       
5506   1948 3200    500     1800    100     900     400     800     100     0       100     700     100     100     200     100     600     100     100     1000    
5506   1949 5400    2500    2300    2200    1200    0       2500    600     600     100     600     500     0       0       0       1200    600     700     500     
5506   1950 3100    2400    1600    600     1600    500     500     0       100     500     800     300     200     200     100     0       400     100     400     
5506   1951 3400    1000    2000    500     100     1100    1300    100     0       0       100     0       200     100     800     800     0       500     800     
5506   1952 1800    1800    1200    1300    1000    200     100     300     200     0       800     200     0       100     100     0       100     0       0       
5506   1953 5900    1100    2600    300     2100    1200    1200    100     200     700     700     700     800     400     0       0       1000    200     1100    
5506   1954 3700    2600    1900    1200    900     800     900     100     0       200     100     600     500     300     0       400     400     100     1000    
5506   1955 3500    1600    2500    1100    100     1400    1500    100     0       0       100     0       100     500     800     1000    300     200     400     
5506   1956 1600    1100    600     600     100     400     300     200     0       0       0       100     400     0       0       100     200     0       600     
5506   1957 3300    1500    1600    1200    500     1100    700     400     200     100     300     100     100     500     500     100     100     500     400     
5506   1958 1300    1000    500     400     100     300     700     0       0       0       0       100     100     100     100     100     600     0       200     
5506   1959 5300    1700    2400    700     1800    1000    1300    0       500     400     1100    300     200     400     400     0       400     900     700     
5506   1960 4400    2700    2100    1400    500     1300    1000    600     100     0       200     300     900     100     300     300     200     500     900     
5506   1961 5500    3500    2100    1900    1300    1100    2100    100     900     900     100     300     800     200     100     600     1200    300     0       
5506   1962 1500    2200    500     700     500     0       300     600     100     0       500     0       0       0       0       0       100     200     0       
5506   1963 1500    300     1000    0       200     500     500     0       0       0       0       200     0       200     300     300     100     100     300     
5506   1964 3000    900     1800    700     1100    500     400     400     0       0       900     200     200     0       300     200     100     100     600     
5506   1965 3300    1600    2200    1200    200     1000    1500    600     0       200     0       0       500     0       500     1200    300     0       0       
5506   1966 2300    300     1400    0       600     800     600     0       0       0       100     500     500     200     100     0       400     200     300     
5506   1967 4500    2500    1900    700     1600    1200    1200    0       400     1200    300     100     200     300     700     300     600     300     100     
5506   1968 4300    1800    3300    100     2100    1300    900     0       0       800     1100    200     700     0       600     700     100     100     0       
5506   1969 3200    600     2100    400     600     1100    1100    400     0       0       400     200     100     600     400     400     600     100     0       
5506   1970 2200    700     1100    0       200     300     1300    0       0       0       0       200     100     100     100     600     200     500     400     
5506   1971 4500    2600    2200    1900    900     1200    500     1000    500     0       300     600     200     700     300     100     200     200     400     
5506   1972 5800    1000    3400    500     400     2800    700     0       100     100     100     200     800     1500    500     300     200     200     1800    
5506   1973 4000    4100    1700    2900    1300    1200    100     600     500     800     200     300     100     900     200     0       0       100     300     
5506   1974 4700    2200    1000    2100    100     600     1100    1000    800     0       0       100     200     0       400     300     0       800     1100    
5506   1975 6500    3900    3100    2600    1200    1500    1800    1300    200     500     200     500     100     200     1200    900     300     600     500     
5506   1976 2800    2100    1600    1000    1100    700     400     0       500     200     400     500     300     300     100     0       0       400     100     
5506   1977 3300    1300    1100    100     1500    300     1300    0       0       800     100     600     200     0       100     100     600     600     200     
5506   1978 2400    2000    1200    400     900     700     600     200     0       400     200     300     500     0       200     0       0       600     0       
5506   1979 3100    800     1600    0       1000    700     700     0       0       200     0       800     500     0       200     100     300     300     700     
5506   1980 1600    1400    1100    800     200     400     700     0       100     0       100     100     300     0       100     500     100     100     200     
5506   1981 2400    700     1900    300     600     1100    600     0       100     200     100     300     400     400     300     400     200     0       0       
5506   1982 3600    700     1700    100     900     1000    1200    0       100     400     200     300     200     300     500     200     0       1000    400     
5506   1983 5600    2400    3500    1300    1200    1800    1500    900     0       100     700     400     400     700     700     600     600     300     200     
5506   1984 4900    1500    2500    600     1300    900     1300    400     0       0       800     500     400     200     300     300     600     400     1000    
5506   1985 2200    2000    1400    1000    600     800     400     0       0       0       100     500     100     200     500     0       400     0       400     
5506   1986 3700    1000    1800    400     1100    900     1400    0       0       200     0       900     300     600     0       0       300     1100    300     
5506   1987 1800    2100    700     500     500     400     600     0       200     200     100     200     0       100     300     0       400     200     100     
5506   1988 4500    2100    2800    1500    900     1800    200     600     800     0       600     300     600     1200    0       100     100     0       200     
5506   1989 8800    4200    3900    3300    2400    1600    1600    1800    1300    800     1100    500     400     600     600     700     800     100     100     
5506   1990 5700    4500    1500    2400    2100    600     200     500     1800    1200    500     400     0       0       600     0       100     100     500     
5506   1991 3900    1800    1600    1000    1500    600     700     200     300     600     900     0       0       200     400     100     0       600     600     
5506   1992 4300    3400    1500    1600    1900    800     0       500     500     1200    100     600     400     100     300     0       0       0       600     
5506   1993 2500    2200    700     1500    1400    0       100     800     100     700     400     300     0       0       0       0       100     0       100     
5506   1994 3300    1100    1100    700     600     800     200     600     0       300     300     0       100     700     0       0       100     100     1100    
5506   1995 3300    2700    1000    2000    700     600     1100    100     800     500     100     100     100     200     300     200     700     200     0       
5506   1996 2000    900     900     0       200     700     800     0       0       0       200     0       100     0       600     0       400     400     300     
5506   1997 5600    2600    3400    1000    1300    2200    1000    100     600     800     300     200     300     400     1500    700     0       300     400     
5506   1998 4500    2800    2000    2400    1300    200     800     1100    900     100     600     600     200     0       0       600     200     0       200     
5506   1999 7000    1800    4200    1200    1800    1600    2400    900     100     400     1100    300     500     900     200     1200    200     1000    200     
5506   2000 8500    3200    2100    1500    1400    900     3300    700     600     500     600     300     300     200     400     300     1300    1700    1600    
5506   2001 5600    5600    2900    2400    1300    1300    1600    500     300     200     800     300     100     600     600     500     900     200     600     
5506   2002 5400    3700    3400    2200    1400    2200    200     700     900     400     600     400     400     1000    800     200     0       0       0       
5506   2003 6100    1000    3800    400     1300    2500    1000    400     0       600     100     600     300     1400    800     600     0       400     900     
5506   2004 5600    2200    3800    1300    2100    1800    700     0       400     500     800     800     0       300     1500    400     200     100     600     
5506   2005 6500    2100    3400    1800    1500    1300    2200    1000    200     0       1000    500     500     400     400     600     600     1000    300     
5506   2006 10500   2200    5800    600     600     3700    3900    200     100     0       200     400     800     1700    1200    1500    1100    1300    2000    
5506   2007 7700    6100    4500    2500    3100    2300    800     500     0       1200    1200    700     600     600     1100    300     400     100     1000    
5506   2008 7400    4900    2800    3600    2300    1200    800     1200    1400    800     900     600     500     300     400     100     400     300     500     
5506   2009 6600    1800    4300    800     2000    1700    2100    300     0       300     1300    400     200     700     800     900     0       1200    500     
5506   2010 6000    1900    5500    500     1800    3400    800     0       0       200     700     900     200     2100    1100    500     200     100     0       
5506   2011 8900    800     6300    200     2800    2900    1900    200     0       300     2000    500     900     1200    800     900     200     800     1100    
5506   2012 6000    4400    2500    1800    2700    1100    1300    300     400     1600    700     400     0       800     300     300     200     800     200     
5506   2013 7600    1700    4400    700     2100    2100    1200    300     200     0       300     1800    1000    600     500     200     800     200     1700    
5506   2014 10400   6200    4500    3700    3100    2800    2000    800     1200    1500    800     800     300     1700    800     100     800     1100    500     
5506   2015 7500    4600    3100    1800    2100    1300    1500    500     800     900     900     300     300     400     600     600     200     700     1300    
5506   2016 8100    3800    5200    2200    2500    2200    1700    300     600     700     800     1000    700     800     700     1200    0       500     800     
5506   2017 6200    2800    3400    1500    2400    900     1500    300     400     800     700     900     300     200     400     900     200     400     700     
5506   2018 9800    1800    7000    1100    2200    4200    2700    400     0       100     700     1400    1100    1900    1200    700     800     1200    300     
5506   2019 9200    4200    5100    1600    1800    3100    1800    200     1100    600     800     400     1500    500     1100    800     200     800     1200    
5506   2020 12300   6400    4500    4500    1900    2500    3200    2000    1300    900     1000    0       900     300     1300    1000    1000    1200    1400    
5506   2021 8500    5800    4400    2400    1700    3400    1800    200     800     1200    200     300     1800    1300    300     500     900     400     600     
