EUROPEAN CLIMATE ASSESSMENT & DATASET (ECA&D), file created on: 20-01-2022
THESE DATA CAN BE USED FOR NON-COMMERCIAL RESEARCH AND EDUCATION PROVIDED THAT THE FOLLOWING SOURCE IS ACKNOWLEDGED: 

Klein Tank, A.M.G. and Coauthors, 2002. Daily dataset of 20th-century surface
air temperature and precipitation series for the European Climate Assessment.
Int. J. of Climatol., 22, 1441-1453.
Data and metadata available at http://www.ecad.eu

FILE FORMAT (MISSING VALUE CODE = -999999):

THIS FILE HOLDS DATA FOR STATION NORWAY                                   GEILO - OLDEBRATEN                       (STAID:  18249)
LATITUDE: dd:mm:ss +60:31:48
LONGITUDE: ddd:mm:ss +008:11:40
ELEVATION: m  772

DATA IS FOR INDEX Days with TN > 90th percentile of daily min temp (warm nights) (TN90p) with unit 0.01 No of days

01-06 SOUID: Source identifier
08-11 YEAR : YYYY
13-20 ANNUAL DATA VALUES
21-28 WINTER HALF YEAR DATA VALUES
29-36 SUMMER HALF YEAR DATA VALUES
37-44 WINTER (DJF) DATA VALUES
45-52 SPRING (MAM) DATA VALUES
53-60 SUMMER (JJA) DATA VALUES
61-68 AUTUMN (SON) DATA VALUES
69-76 JANUARY DATA VALUES
etc. 
157-164 DECEMBER DATA VALUES

18249  1942 -999999 -999999 2300    -999999 800     1400    1200    -999999 -999999 200     400     200     100     500     800     300     200     700     600     
18249  1943 4900    2700    2700    1200    1600    1400    1000    0       600     600     700     300     100     900     400     300     400     300     300     
18249  1944 5100    2300    3100    1200    800     2100    900     800     100     400     100     300     200     700     1200    600     300     0       400     
18249  1945 6600    2400    4100    900     2800    2200    1000    0       500     1200    1100    500     100     1000    1100    300     500     200     100     
18249  1946 5400    2100    3100    800     2200    1100    1300    300     400     600     1100    500     300     700     100     400     300     600     100     
18249  1947 6600    1400    5000    300     1200    3100    1600    200     0       200     300     700     1100    1200    800     900     600     100     500     
18249  1948 7200    2500    3800    600     2400    2000    1600    0       100     1200    700     500     400     1000    600     600     100     900     1100    
18249  1949 8100    3800    5100    2500    2300    1300    3100    500     900     300     800     1200    300     700     300     1800    600     700     0       
18249  1950 3800    2600    2100    600     1400    1400    200     600     0       700     400     300     700     200     500     0       100     100     200     
18249  1951 -999999 700     2500    400     300     1300    -999999 0       200     100     100     100     300     300     700     1000    200     -999999 800     
18249  1952 3500    -999999 2200    1600    1800    600     0       200     600     200     1100    500     200     100     300     0       0       0       300     
18249  1953 7100    2700    2600    1900    2100    1200    1600    900     700     800     300     1000    1100    0       100     100     800     700     600     
18249  1954 2900    2500    2000    800     800     1000    500     200     0       200     0       600     200     600     200     400     100     0       400     
18249  1955 2900    1200    1200    1000    200     800     1200    500     100     100     100     0       0       500     300     300     500     400     100     
18249  1956 2200    1300    1000    400     300     400     900     300     0       0       100     200     200     200     0       300     200     400     300     
18249  1957 4600    1700    2200    800     800     1600    800     500     0       300     500     0       200     800     600     100     300     400     900     
18249  1958 3300    2400    1300    1300    400     700     1700    300     100     400     0       0       100     200     400     600     700     400     100     
18249  1959 4300    2500    2500    900     1200    1300    1000    0       800     500     500     200     100     200     1000    500     0       500     0       
18249  1960 3100    800     2700    300     400     1300    1000    300     0       0       100     300     500     200     600     1000    0       0       100     
18249  1961 6800    2400    2300    900     2100    700     3000    100     700     1500    200     400     200     500     0       1000    1200    800     200     
18249  1962 2200    2800    200     800     200     0       1000    400     200     0       100     100     0       0       0       0       700     300     400     
18249  1963 3000    1600    2300    400     800     1600    400     0       0       200     100     500     700     400     500     100     300     0       200     
18249  1964 3100    1400    1900    1000    1000    800     400     600     200     100     600     300     100     300     400     200     0       200     100     
18249  1965 2800    1000    1300    600     400     300     1600    0       500     200     200     0       0       0       300     800     800     0       0       
18249  1966 -999999 1200    -999999 0       600     -999999 100     0       0       400     0       200     100     300     -999999 100     0       0       100     
18249  1967 2600    700     1000    400     400     600     900     100     200     300     0       100     100     300     200     300     0       600     400     
18249  1968 4100    2500    2300    1100    1500    900     1000    500     200     800     700     0       500     200     200     700     200     100     0       
18249  1969 3700    500     2800    100     600     1800    1100    100     0       100     300     200     600     700     500     500     600     0       100     
18249  1970 2900    800     2100    100     400     1600    400     0       0       100     200     100     1100    100     400     200     100     100     500     
18249  1971 5300    2200    1900    1900    1200    600     1000    500     900     100     400     700     100     400     100     200     200     600     1100    
18249  1972 3300    2200    2000    1100    600     1600    400     0       0       300     0       300     400     800     400     100     200     100     700     
18249  1973 4700    3600    1100    2100    1200    900     900     1000    400     1200    0       0       200     700     0       200     200     500     300     
18249  1974 3000    1900    1600    1200    900     500     200     600     300     0       800     100     100     0       400     200     0       0       500     
18249  1975 4800    1300    2200    1200    700     1300    1600    300     400     100     200     400     200     100     1000    300     600     700     500     
18249  1976 3000    2300    2400    900     1200    1300    100     200     200     100     500     600     200     600     500     0       0       100     0       
18249  1977 2800    500     1400    100     500     1100    1000    100     0       300     0       200     600     200     300     100     600     300     100     
18249  1978 2300    1600    500     600     200     400     1200    300     200     100     0       100     300     0       100     0       600     600     0       
18249  1979 1800    1500    800     200     200     500     800     0       200     100     0       100     400     100     0       200     400     200     100     
18249  1980 2700    800     2100    200     600     1100    600     0       100     0       300     300     800     0       300     400     0       200     300     
18249  1981 3700    1500    2300    1300    1700    400     500     700     300     0       600     1100    0       200     200     200     300     0       100     
18249  1982 3500    1100    2000    300     1200    1100    700     0       200     500     700     0       100     300     700     200     100     400     300     
18249  1983 3600    1900    1400    1100    400     900     1100    800     0       300     100     0       0       400     500     400     300     400     400     
18249  1984 3800    1300    2200    600     1800    400     600     0       200     0       800     1000    100     0       300     0       100     500     800     
18249  1985 2300    1600    1100    800     500     800     900     0       0       200     0       300     300     400     100     0       900     0       100     
18249  1986 2700    1000    1500    100     300     1200    800     0       0       0       0       300     400     700     100     0       100     700     400     
18249  1987 3400    1500    1800    700     1200    600     500     100     200     0       1000    200     0       400     200     0       300     200     800     
18249  1988 6100    1800    4000    1300    900     2000    1900    400     100     0       400     500     700     700     600     1100    200     600     800     
18249  1989 6200    5300    2100    3900    1600    700     600     2100    1000    600     600     400     0       400     300     400     100     100     200     
18249  1990 7300    4400    2100    3000    2400    900     700     1400    1400    1200    600     600     300     100     500     0       100     600     500     
18249  1991 5000    2400    2600    1100    1700    1100    1100    400     200     600     1100    0       0       600     500     400     0       700     500     
18249  1992 5700    4000    2300    2100    2000    700     800     700     900     1200    300     500     200     400     100     800     0       0       600     
18249  1993 3300    2200    1500    1500    1900    300     100     200     700     700     700     500     100     200     0       0       100     0       100     
18249  1994 3700    400     2200    200     700     1400    1200    100     0       100     400     200     300     600     500     200     300     700     300     
18249  1995 5100    2200    2500    1000    900     1100    2200    400     300     200     200     500     300     400     400     700     1100    400     200     
18249  1996 2400    1800    1500    300     1000    500     700     0       100     0       800     200     300     0       200     0       300     400     100     
18249  1997 6500    3100    3100    1300    1700    2100    1000    800     400     1100    300     300     400     600     1100    400     300     300     500     
18249  1998 5400    3700    2100    2500    900     700     1200    600     1400    600     200     100     300     200     200     1100    0       100     600     
18249  1999 6300    2100    3500    1500    1400    1000    2900    500     400     500     800     100     300     400     300     1600    200     1100    100     
18249  2000 7300    3600    3300    1800    2400    1000    1900    1000    700     500     800     1100    200     500     300     400     900     600     300     
18249  2001 5700    2700    3400    1100    1200    1700    1700    100     700     100     600     500     300     600     800     600     600     500     300     
18249  2002 7800    3600    5500    2000    2400    2500    1200    1000    700     500     800     1100    300     1100    1100    1100    100     0       0       
18249  2003 7300    2300    4400    1300    1200    3200    1000    1000    300     900     100     200     700     1300    1200    900     0       100     600     
18249  2004 7100    2400    4000    1200    3200    1400    700     0       600     1100    1200    900     400     100     900     500     0       200     1200    
18249  2005 -999999 3100    3100    2600    1100    1600    2900    1100    300     300     500     300     200     700     700     700     600     1600    -999999 
18249  2006 -999999 -999999 -999999 -999999 -999999 -999999 2300    -999999 -999999 -999999 -999999 -999999 -999999 1400    1900    1000    500     800     1300    
18249  2007 6000    4000    3600    1900    1800    2200    1200    300     300     800     700     300     800     700     700     400     500     300     200     
18249  2008 4700    2600    2300    1300    1200    1100    1100    200     900     500     300     400     200     400     500     500     300     300     200     
18249  2009 5500    1700    4300    800     1800    1900    1100    400     200     300     1000    500     200     800     900     900     0       200     100     
18249  2010 5100    1400    3600    200     1700    2100    1100    100     0       1000    400     300     400     900     800     800     300     0       100     
18249  2011 8400    1000    6200    400     2400    3000    2300    100     200     300     1700    400     1000    1300    700     1100    300     900     400     
18249  2012 5600    4000    2400    1200    2200    1600    1000    0       800     1600    0       600     100     700     800     200     0       800     0       
18249  2013 5700    1200    3900    400     1400    1700    1600    200     200     0       300     1100    500     600     600     800     300     500     600     
18249  2014 8200    3900    4400    1800    2500    2700    1700    200     1000    1300    400     800     600     1600    500     500     600     600     100     
18249  2015 6800    3300    2300    1200    1300    1200    2300    400     700     900     300     100     0       400     800     700     500     1100    900     
18249  2016 8300    4300    4700    1600    2400    2100    1800    600     100     1100    500     800     800     800     500     1300    100     400     1300    
18249  2017 7700    4300    4000    2700    2900    1300    1500    900     500     1100    700     1100    600     400     300     900     400     200     600     
18249  2018 7300    1300    5900    600     2400    3000    1600    0       0       100     400     1900    1100    1400    500     600     500     500     300     
18249  2019 6700    3400    3900    1800    1600    2500    600     200     1300    600     600     400     700     1000    800     400     100     100     500     
18249  2020 8200    3200    3900    2600    1000    2300    2500    1400    700     400     400     200     1100    400     800     1000    300     1200    300     
18249  2021 8000    3400    4100    1000    1600    2300    2800    0       700     900     200     500     1000    1200    100     1100    800     900     600     
