EUROPEAN CLIMATE ASSESSMENT & DATASET (ECA&D), file created on: 20-01-2022
THESE DATA CAN BE USED FOR NON-COMMERCIAL RESEARCH AND EDUCATION PROVIDED THAT THE FOLLOWING SOURCE IS ACKNOWLEDGED: 

Klein Tank, A.M.G. and Coauthors, 2002. Daily dataset of 20th-century surface
air temperature and precipitation series for the European Climate Assessment.
Int. J. of Climatol., 22, 1441-1453.
Data and metadata available at http://www.ecad.eu

FILE FORMAT (MISSING VALUE CODE = -999999):

THIS FILE HOLDS DATA FOR STATION ITALY                                    SAN_NICOLO                               (STAID:  17780)
LATITUDE: dd:mm:ss +45:02:29
LONGITUDE: ddd:mm:ss +009:35:21
ELEVATION: m   68

DATA IS FOR INDEX Days with TN > 90th percentile of daily min temp (warm nights) (TN90p) with unit 0.01 No of days

01-06 SOUID: Source identifier
08-11 YEAR : YYYY
13-20 ANNUAL DATA VALUES
21-28 WINTER HALF YEAR DATA VALUES
29-36 SUMMER HALF YEAR DATA VALUES
37-44 WINTER (DJF) DATA VALUES
45-52 SPRING (MAM) DATA VALUES
53-60 SUMMER (JJA) DATA VALUES
61-68 AUTUMN (SON) DATA VALUES
69-76 JANUARY DATA VALUES
etc. 
157-164 DECEMBER DATA VALUES

17780  1951 -999999 -999999 -999999 -999999 -999999 -999999 -999999 -999999 -999999 -999999 -999999 -999999 -999999 -999999 -999999 -999999 -999999 -999999 -999999 
17780  1952 -999999 -999999 -999999 -999999 -999999 -999999 -999999 -999999 -999999 -999999 -999999 -999999 -999999 -999999 -999999 -999999 -999999 -999999 -999999 
17780  1953 -999999 -999999 -999999 -999999 -999999 -999999 -999999 -999999 -999999 -999999 -999999 -999999 -999999 -999999 -999999 -999999 -999999 -999999 -999999 
17780  1954 -999999 -999999 -999999 -999999 -999999 -999999 -999999 -999999 -999999 -999999 -999999 -999999 -999999 -999999 -999999 -999999 -999999 -999999 -999999 
17780  1955 -999999 -999999 -999999 -999999 -999999 -999999 -999999 -999999 -999999 -999999 -999999 -999999 -999999 -999999 -999999 -999999 -999999 -999999 -999999 
17780  1956 -999999 -999999 -999999 -999999 -999999 -999999 -999999 -999999 -999999 -999999 -999999 -999999 -999999 -999999 -999999 -999999 -999999 -999999 -999999 
17780  1957 -999999 -999999 -999999 -999999 -999999 -999999 -999999 -999999 -999999 -999999 -999999 -999999 -999999 -999999 -999999 -999999 -999999 -999999 -999999 
17780  1958 -999999 -999999 -999999 -999999 -999999 -999999 -999999 -999999 -999999 -999999 -999999 -999999 -999999 -999999 -999999 -999999 -999999 -999999 -999999 
17780  1959 -999999 -999999 -999999 -999999 -999999 -999999 -999999 -999999 -999999 -999999 -999999 -999999 -999999 -999999 -999999 -999999 -999999 -999999 -999999 
17780  1960 -999999 -999999 -999999 -999999 -999999 -999999 -999999 -999999 -999999 -999999 -999999 -999999 -999999 -999999 -999999 -999999 -999999 -999999 -999999 
17780  1961 -999999 -999999 -999999 -999999 -999999 -999999 -999999 -999999 -999999 -999999 -999999 -999999 -999999 -999999 -999999 -999999 -999999 -999999 -999999 
17780  1962 -999999 -999999 -999999 -999999 -999999 -999999 -999999 -999999 -999999 -999999 -999999 -999999 -999999 -999999 -999999 -999999 -999999 -999999 -999999 
17780  1963 -999999 -999999 -999999 -999999 -999999 -999999 -999999 -999999 -999999 -999999 -999999 -999999 -999999 -999999 -999999 -999999 -999999 -999999 -999999 
17780  1964 -999999 -999999 -999999 -999999 -999999 -999999 -999999 -999999 -999999 -999999 -999999 -999999 -999999 -999999 -999999 -999999 -999999 -999999 -999999 
17780  1965 -999999 -999999 -999999 -999999 -999999 -999999 -999999 -999999 -999999 -999999 -999999 -999999 -999999 -999999 -999999 -999999 -999999 -999999 -999999 
17780  1966 -999999 -999999 -999999 -999999 -999999 -999999 -999999 -999999 -999999 -999999 -999999 -999999 -999999 -999999 -999999 -999999 -999999 -999999 -999999 
17780  1967 -999999 -999999 -999999 -999999 -999999 -999999 -999999 -999999 -999999 -999999 -999999 -999999 -999999 -999999 -999999 -999999 -999999 -999999 -999999 
17780  1968 -999999 -999999 -999999 -999999 -999999 -999999 -999999 -999999 -999999 -999999 -999999 -999999 -999999 -999999 -999999 -999999 -999999 -999999 -999999 
17780  1969 -999999 -999999 -999999 -999999 -999999 -999999 -999999 -999999 -999999 -999999 -999999 -999999 -999999 -999999 -999999 -999999 -999999 -999999 -999999 
17780  1970 -999999 -999999 -999999 -999999 -999999 -999999 -999999 -999999 -999999 -999999 -999999 -999999 -999999 -999999 -999999 -999999 -999999 -999999 -999999 
17780  1971 -999999 -999999 -999999 -999999 -999999 -999999 -999999 -999999 -999999 -999999 -999999 -999999 -999999 -999999 -999999 -999999 -999999 -999999 -999999 
17780  1972 -999999 -999999 -999999 -999999 -999999 -999999 -999999 -999999 -999999 -999999 -999999 -999999 -999999 -999999 -999999 -999999 -999999 -999999 -999999 
17780  1973 -999999 -999999 -999999 -999999 -999999 -999999 -999999 -999999 -999999 -999999 -999999 -999999 -999999 -999999 -999999 -999999 -999999 -999999 -999999 
17780  1974 -999999 -999999 -999999 -999999 -999999 -999999 -999999 -999999 -999999 -999999 -999999 -999999 -999999 -999999 -999999 -999999 -999999 -999999 -999999 
17780  1975 -999999 -999999 -999999 -999999 -999999 -999999 -999999 -999999 -999999 -999999 -999999 -999999 -999999 -999999 -999999 -999999 -999999 -999999 -999999 
17780  1976 -999999 -999999 -999999 -999999 -999999 -999999 -999999 -999999 -999999 -999999 -999999 -999999 -999999 -999999 -999999 -999999 -999999 -999999 -999999 
17780  1977 -999999 -999999 -999999 -999999 -999999 -999999 -999999 -999999 -999999 -999999 -999999 -999999 -999999 -999999 -999999 -999999 -999999 -999999 -999999 
17780  1978 -999999 -999999 -999999 -999999 -999999 -999999 -999999 -999999 -999999 -999999 -999999 -999999 -999999 -999999 -999999 -999999 -999999 -999999 -999999 
17780  1979 -999999 -999999 -999999 -999999 -999999 -999999 -999999 -999999 -999999 -999999 -999999 -999999 -999999 -999999 -999999 -999999 -999999 -999999 -999999 
17780  1980 -999999 -999999 -999999 -999999 -999999 -999999 -999999 -999999 -999999 -999999 -999999 -999999 -999999 -999999 -999999 -999999 -999999 -999999 -999999 
17780  1981 -999999 -999999 -999999 -999999 -999999 -999999 -999999 -999999 -999999 -999999 -999999 -999999 -999999 -999999 -999999 -999999 -999999 -999999 -999999 
17780  1982 -999999 -999999 -999999 -999999 -999999 -999999 -999999 -999999 -999999 -999999 -999999 -999999 -999999 -999999 -999999 -999999 -999999 -999999 -999999 
17780  1983 -999999 -999999 -999999 -999999 -999999 -999999 -999999 -999999 -999999 -999999 -999999 -999999 -999999 -999999 -999999 -999999 -999999 -999999 -999999 
17780  1984 -999999 -999999 -999999 -999999 -999999 -999999 -999999 -999999 -999999 -999999 -999999 -999999 -999999 -999999 -999999 -999999 -999999 -999999 -999999 
17780  1985 -999999 -999999 -999999 -999999 -999999 -999999 -999999 -999999 -999999 -999999 -999999 -999999 -999999 -999999 -999999 -999999 -999999 -999999 -999999 
17780  1986 -999999 -999999 -999999 -999999 -999999 -999999 -999999 -999999 -999999 -999999 -999999 -999999 -999999 -999999 -999999 -999999 -999999 -999999 -999999 
17780  1987 -999999 -999999 -999999 -999999 -999999 -999999 -999999 -999999 -999999 -999999 -999999 -999999 -999999 -999999 -999999 -999999 -999999 -999999 -999999 
17780  1988 -999999 -999999 -999999 -999999 -999999 -999999 -999999 -999999 -999999 -999999 -999999 -999999 -999999 -999999 -999999 -999999 -999999 -999999 -999999 
17780  1989 -999999 -999999 -999999 -999999 -999999 -999999 -999999 -999999 -999999 -999999 -999999 -999999 -999999 -999999 -999999 -999999 -999999 -999999 -999999 
17780  1990 -999999 -999999 -999999 -999999 -999999 -999999 -999999 -999999 -999999 -999999 -999999 -999999 -999999 -999999 -999999 -999999 -999999 -999999 -999999 
17780  1991 -999999 -999999 -999999 -999999 -999999 -999999 -999999 -999999 -999999 -999999 -999999 -999999 -999999 -999999 -999999 -999999 -999999 -999999 -999999 
17780  1992 -999999 -999999 -999999 -999999 -999999 -999999 -999999 -999999 -999999 -999999 -999999 -999999 -999999 -999999 -999999 -999999 -999999 -999999 -999999 
17780  1993 -999999 -999999 -999999 -999999 -999999 -999999 -999999 -999999 -999999 -999999 -999999 -999999 -999999 -999999 -999999 -999999 -999999 -999999 -999999 
17780  1994 -999999 -999999 -999999 -999999 -999999 -999999 -999999 -999999 -999999 -999999 -999999 -999999 -999999 -999999 -999999 -999999 -999999 -999999 -999999 
17780  1995 -999999 -999999 -999999 -999999 -999999 -999999 -999999 -999999 -999999 -999999 -999999 -999999 -999999 -999999 -999999 -999999 -999999 -999999 -999999 
17780  1996 -999999 -999999 -999999 -999999 -999999 -999999 -999999 -999999 -999999 -999999 -999999 -999999 -999999 -999999 -999999 -999999 -999999 -999999 -999999 
17780  1997 -999999 -999999 -999999 -999999 -999999 -999999 -999999 -999999 -999999 -999999 -999999 -999999 -999999 -999999 -999999 -999999 -999999 -999999 -999999 
17780  1998 -999999 -999999 -999999 -999999 -999999 -999999 -999999 -999999 -999999 -999999 -999999 -999999 -999999 -999999 -999999 -999999 -999999 -999999 -999999 
17780  1999 -999999 -999999 -999999 -999999 -999999 -999999 -999999 -999999 -999999 -999999 -999999 -999999 -999999 -999999 -999999 -999999 -999999 -999999 -999999 
17780  2000 -999999 -999999 -999999 -999999 -999999 -999999 -999999 -999999 -999999 -999999 -999999 -999999 -999999 -999999 -999999 -999999 -999999 -999999 -999999 
17780  2001 -999999 -999999 -999999 -999999 -999999 -999999 -999999 -999999 -999999 -999999 -999999 -999999 -999999 -999999 -999999 -999999 -999999 -999999 -999999 
17780  2002 -999999 -999999 -999999 -999999 -999999 -999999 -999999 -999999 -999999 -999999 -999999 -999999 -999999 -999999 -999999 -999999 -999999 -999999 -999999 
17780  2003 -999999 -999999 -999999 -999999 -999999 -999999 -999999 -999999 -999999 -999999 -999999 -999999 -999999 -999999 -999999 -999999 -999999 -999999 -999999 
17780  2004 -999999 -999999 -999999 -999999 -999999 -999999 -999999 -999999 -999999 -999999 -999999 -999999 -999999 -999999 -999999 -999999 -999999 -999999 -999999 
17780  2005 -999999 -999999 -999999 -999999 -999999 -999999 -999999 -999999 -999999 -999999 -999999 -999999 -999999 -999999 -999999 -999999 -999999 -999999 -999999 
17780  2006 -999999 -999999 -999999 -999999 -999999 -999999 -999999 -999999 -999999 -999999 -999999 -999999 -999999 -999999 -999999 -999999 -999999 -999999 -999999 
17780  2007 -999999 -999999 -999999 -999999 -999999 -999999 -999999 -999999 -999999 -999999 -999999 -999999 -999999 -999999 -999999 -999999 -999999 -999999 -999999 
17780  2008 -999999 -999999 -999999 -999999 -999999 -999999 -999999 -999999 -999999 -999999 -999999 -999999 -999999 -999999 -999999 -999999 -999999 -999999 -999999 
17780  2009 -999999 -999999 -999999 -999999 -999999 -999999 -999999 -999999 -999999 -999999 -999999 -999999 -999999 -999999 -999999 -999999 -999999 -999999 -999999 
17780  2010 -999999 -999999 -999999 -999999 -999999 -999999 -999999 -999999 -999999 -999999 -999999 -999999 -999999 -999999 -999999 -999999 -999999 -999999 -999999 
17780  2011 -999999 -999999 -999999 -999999 -999999 -999999 -999999 -999999 -999999 -999999 -999999 -999999 -999999 -999999 -999999 -999999 -999999 -999999 -999999 
17780  2012 -999999 -999999 -999999 -999999 -999999 -999999 -999999 -999999 -999999 -999999 -999999 -999999 -999999 -999999 -999999 -999999 -999999 -999999 -999999 
17780  2013 -999999 -999999 -999999 -999999 -999999 -999999 -999999 -999999 -999999 -999999 -999999 -999999 -999999 -999999 -999999 -999999 -999999 -999999 -999999 
17780  2014 -999999 -999999 -999999 -999999 -999999 -999999 -999999 -999999 -999999 -999999 -999999 -999999 -999999 -999999 -999999 -999999 -999999 -999999 -999999 
17780  2015 -999999 -999999 -999999 -999999 -999999 -999999 -999999 -999999 -999999 -999999 -999999 -999999 -999999 -999999 -999999 -999999 -999999 -999999 -999999 
17780  2016 -999999 -999999 -999999 -999999 -999999 -999999 -999999 -999999 -999999 -999999 -999999 -999999 -999999 -999999 -999999 -999999 -999999 -999999 -999999 
17780  2017 -999999 -999999 -999999 -999999 -999999 -999999 -999999 -999999 -999999 -999999 -999999 -999999 -999999 -999999 -999999 -999999 -999999 -999999 -999999 
17780  2018 -999999 -999999 -999999 -999999 -999999 -999999 -999999 -999999 -999999 -999999 -999999 -999999 -999999 -999999 -999999 -999999 -999999 -999999 -999999 
17780  2019 -999999 -999999 -999999 -999999 -999999 -999999 -999999 -999999 -999999 -999999 -999999 -999999 -999999 -999999 -999999 -999999 -999999 -999999 -999999 
17780  2020 -999999 -999999 -999999 -999999 -999999 -999999 -999999 -999999 -999999 -999999 -999999 -999999 -999999 -999999 -999999 -999999 -999999 -999999 -999999 
17780  2021 -999999 -999999 -999999 -999999 -999999 -999999 -999999 -999999 -999999 -999999 -999999 -999999 -999999 -999999 -999999 -999999 -999999 -999999 -999999 
