EUROPEAN CLIMATE ASSESSMENT & DATASET (ECA&D), file created on: 20-01-2022
THESE DATA CAN BE USED FOR NON-COMMERCIAL RESEARCH AND EDUCATION PROVIDED THAT THE FOLLOWING SOURCE IS ACKNOWLEDGED: 

Klein Tank, A.M.G. and Coauthors, 2002. Daily dataset of 20th-century surface
air temperature and precipitation series for the European Climate Assessment.
Int. J. of Climatol., 22, 1441-1453.
Data and metadata available at http://www.ecad.eu

FILE FORMAT (MISSING VALUE CODE = -999999):

THIS FILE HOLDS DATA FOR STATION RUSSIAN FEDERATION                       PETROPAVLOVSKIJ MAYAK                    (STAID:   8513)
LATITUDE: dd:mm:ss +52:52:59
LONGITUDE: ddd:mm:ss +158:43:00
ELEVATION: m  126

DATA IS FOR INDEX Days with TN > 90th percentile of daily min temp (warm nights) (TN90p) with unit 0.01 No of days

01-06 SOUID: Source identifier
08-11 YEAR : YYYY
13-20 ANNUAL DATA VALUES
21-28 WINTER HALF YEAR DATA VALUES
29-36 SUMMER HALF YEAR DATA VALUES
37-44 WINTER (DJF) DATA VALUES
45-52 SPRING (MAM) DATA VALUES
53-60 SUMMER (JJA) DATA VALUES
61-68 AUTUMN (SON) DATA VALUES
69-76 JANUARY DATA VALUES
etc. 
157-164 DECEMBER DATA VALUES

8513   1895 -999999 -999999 -999999 -999999 -999999 900     -999999 -999999 -999999 -999999 -999999 500     0       500     400     500     -999999 -999999 -999999 
8513   1896 -999999 -999999 -999999 -999999 -999999 -999999 -999999 -999999 -999999 -999999 -999999 -999999 -999999 -999999 -999999 -999999 -999999 -999999 -999999 
8513   1897 -999999 -999999 -999999 -999999 -999999 -999999 -999999 -999999 -999999 -999999 -999999 -999999 -999999 -999999 -999999 -999999 -999999 -999999 -999999 
8513   1898 -999999 -999999 -999999 -999999 -999999 -999999 -999999 -999999 -999999 -999999 -999999 -999999 -999999 -999999 -999999 -999999 -999999 -999999 -999999 
8513   1899 -999999 -999999 -999999 -999999 -999999 -999999 -999999 -999999 -999999 -999999 -999999 -999999 -999999 -999999 -999999 -999999 -999999 -999999 -999999 
8513   1900 -999999 -999999 -999999 -999999 -999999 -999999 -999999 -999999 -999999 -999999 -999999 -999999 -999999 0       0       -999999 -999999 -999999 -999999 
8513   1901 200     -999999 200     -999999 200     0       0       0       0       0       200     0       0       0       0       0       0       0       0       
8513   1902 -999999 -999999 -999999 0       -999999 -999999 -999999 0       0       -999999 -999999 -999999 -999999 -999999 -999999 -999999 200     0       500     
8513   1903 1300    900     600     600     100     500     500     100     0       100     0       0       300     0       200     100     100     300     100     
8513   1904 2200    1600    300     700     600     200     400     200     400     500     0       100     100     100     0       0       0       400     400     
8513   1905 -999999 -999999 -999999 -999999 -999999 -999999 -999999 -999999 0       -999999 -999999 -999999 -999999 -999999 -999999 -999999 -999999 -999999 -999999 
8513   1906 2900    -999999 1900    -999999 900     800     300     300     100     0       800     100     100     700     0       200     0       100     500     
8513   1907 3900    1900    2400    1400    1500    1000    500     0       900     400     900     200     0       1000    0       300     100     100     0       
8513   1908 1300    500     900     0       600     600     100     0       0       300     200     100     0       300     300     0       0       100     0       
8513   1909 6600    3900    1800    700     3400    900     1200    500     200     3100    0       300     500     400     0       600     100     500     400     
8513   1910 -999999 1900    2800    900     800     2100    -999999 0       500     400     100     300     500     600     1000    300     200     -999999 -999999 
8513   1911 1000    -999999 700     -999999 200     400     200     200     0       100     0       100     300     100     0       200     0       0       0       
8513   1912 400     100     300     0       100     300     0       0       0       100     0       0       200     0       100     0       0       0       0       
8513   1913 700     100     500     100     100     400     100     0       100     0       100     0       100     300     0       0       100     0       0       
8513   1914 1900    500     1500    300     600     800     200     100     200     100     200     300     100     300     400     200     0       0       0       
8513   1915 1000    200     600     100     300     200     400     100     0       100     100     100     0       0       200     200     200     0       0       
8513   1916 -999999 -999999 800     -999999 -999999 800     0       0       -999999 -999999 0       0       400     300     100     0       0       0       100     
8513   1917 -999999 500     1200    500     0       1100    -999999 300     100     0       0       0       100     100     900     100     300     -999999 -999999 
8513   1918 2300    -999999 800     -999999 1000    300     400     600     0       600     0       400     100     100     100     100     300     0       0       
8513   1919 -999999 600     1500    300     300     700     700     300     0       0       300     0       0       300     400     500     100     100     -999999 
8513   1920 4400    -999999 2900    -999999 1500    1200    500     1200    0       0       100     1400    500     400     300     200     300     0       0       
8513   1921 5200    500     4900    200     1400    3400    200     0       200     0       200     1200    0       1600    1800    100     100     0       0       
8513   1922 1300    400     800     0       300     700     200     0       0       300     0       0       500     100     100     100     0       100     100     
8513   1923 2200    1100    1300    800     1000    400     100     200     500     200     0       800     300     0       100     100     0       0       0       
8513   1924 3700    600     1900    500     700     600     1900    100     400     100     0       600     0       100     500     700     1200    0       0       
8513   1925 3500    1600    1800    200     400     1500    700     200     0       200     100     100     600     300     600     100     300     300     700     
8513   1926 2200    2100    700     1500    0       700     -999999 400     400     0       0       0       500     100     100     0       100     -999999 400     
8513   1927 5100    -999999 2500    700     900     1400    2300    200     100     100     700     100     200     600     600     300     400     1600    200     
8513   1928 2500    2700    2000    200     700     1600    200     0       0       500     200     0       200     1000    400     200     0       0       0       
8513   1929 1300    500     800     500     400     200     200     300     200     0       100     300     100     0       100     200     0       0       0       
8513   1930 -999999 700     1900    200     600     1000    1000    0       200     500     0       100     300     400     300     800     0       200     -999999 
8513   1931 700     -999999 200     -999999 400     100     200     0       0       300     0       100     0       100     0       0       200     0       0       
8513   1932 1300    300     600     100     0       600     -999999 0       100     0       0       0       300     300     0       0       200     -999999 0       
8513   1933 3400    -999999 1600    100     100     1100    700     0       100     0       0       100     300     300     500     400     200     100     1400    
8513   1934 4500    4100    800     3500    400     500     1500    1200    900     300     0       100     300     0       200     200     500     800     0       
8513   1935 3700    1900    800     600     100     600     2200    600     0       0       100     0       100     400     100     100     1200    900     200     
8513   1936 5100    3200    3400    1000    700     1900    1700    100     700     100     600     0       600     500     800     900     200     600     0       
8513   1937 -999999 1300    500     100     600     300     400     100     0       400     200     0       0       300     0       0       400     0       -999999 
8513   1938 4700    -999999 3500    -999999 1100    1800    1100    0       700     200     200     700     200     700     900     800     0       300     0       
8513   1939 5100    2200    1800    300     2500    500     1800    300     0       1600    200     700     200     200     100     400     1400    0       0       
8513   1940 3200    2700    1500    800     600     1400    200     700     100     500     0       100     0       200     1200    0       200     0       200     
8513   1941 2500    1400    1000    900     800     400     600     400     300     300     300     200     0       400     0       100     500     0       0       
8513   1942 4000    800     800     300     200     600     1800    100     200     0       0       200     0       400     200     0       600     1200    1100    
8513   1943 7100    5400    4100    2100    2900    2300    900     700     300     1500    800     600     400     1500    400     400     500     0       0       
8513   1944 4500    1400    3000    0       1300    1700    1500    0       0       900     100     300     300     400     1000    900     400     200     0       
8513   1945 2000    1400    600     600     300     400     500     200     400     200     0       100     100     200     100     100     0       400     200     
8513   1946 3500    900     2300    500     0       1700    1000    0       300     0       0       0       100     500     1100    600     300     100     500     
8513   1947 2500    2200    600     1200    800     300     400     400     300     600     100     100     100     100     100     100     200     100     300     
8513   1948 4300    2100    2200    1400    700     1900    500     200     900     400     0       300     200     800     900     0       300     200     100     
8513   1949 2200    1300    1400    300     700     1000    300     0       200     500     0       200     500     200     300     200     100     0       0       
8513   1950 4500    2100    1200    1500    1000    600     1100    1000    500     500     300     200     200     300     100     100     200     800     300     
8513   1951 5000    1700    3700    600     700     2400    1200    100     200     100     500     100     500     800     1100    700     300     200     400     
8513   1952 3500    1300    2200    400     1400    1000    1100    0       0       400     700     300     200     600     200     200     900     0       0       
8513   1953 1600    1200    1300    100     700     400     400     100     0       200     200     300     100     200     100     400     0       0       0       
8513   1954 2200    600     800     600     400     400     200     200     400     0       300     100     100     100     200     0       100     100     600     
8513   1955 3300    1500    1600    1100    600     800     500     0       500     200     200     200     300     400     100     400     100     0       900     
8513   1956 3300    1800    1400    1700    600     500     1000    400     400     0       400     200     400     0       100     300     500     200     400     
8513   1957 3600    1800    1400    600     1000    900     1200    200     0       500     0       500     100     400     400     0       800     400     300     
8513   1958 1100    1600    500     400     0       300     400     100     0       0       0       0       0       200     100     200     200     0       300     
8513   1959 4800    1100    3500    300     1300    2300    1100    0       0       600     400     300     200     1200    900     500     400     200     100     
8513   1960 4000    1600    3100    600     700     2400    400     500     0       400     200     100     200     700     1500    400     0       0       0       
8513   1961 5800    1600    2700    1200    900     2100    400     300     900     400     400     100     500     200     1400    100     100     200     1200    
8513   1962 6300    2300    5100    1900    2800    1100    1300    700     0       100     1600    1100    600     400     100     1300    0       0       400     
8513   1963 7200    4300    1800    3100    1700    1000    1700    1600    1100    1200    200     300     400     300     300     300     800     600     100     
8513   1964 1400    1700    600     200     400     300     500     0       100     100     0       300     200     0       100     0       100     400     100     
8513   1965 2800    2000    1300    700     1000    800     400     200     400     800     0       200     300     500     0       300     100     0       0       
8513   1966 2500    600     700     0       600     600     800     0       0       500     100     0       300     200     100     0       500     300     500     
8513   1967 1200    1500    900     600     400     600     100     0       100     100     100     200     0       200     400     0       100     0       0       
8513   1968 3300    2100    900     1700    1000    0       500     900     800     300     200     500     0       0       0       200     300     0       100     
8513   1969 2700    1200    1000    900     0       500     1400    700     100     0       0       0       0       500     0       500     200     700     0       
8513   1970 4200    1100    3300    200     1000    1900    800     200     0       0       100     900     400     500     1000    400     0       400     300     
8513   1971 2600    1900    700     1300    600     200     800     900     100     200     0       400     100     100     0       100     400     300     0       
8513   1972 3100    2000    1300    600     1300    400     600     0       600     700     300     300     100     100     200     300     300     0       200     
8513   1973 3000    600     1200    200     400     800     1500    0       0       100     0       300     100     0       700     100     400     1000    300     
8513   1974 4100    3700    1400    1800    1000    100     1200    1200    300     500     100     400     0       0       100     800     400     0       300     
8513   1975 3400    800     1900    400     500     1200    1000    100     0       0       500     0       600     400     200     200     0       800     600     
8513   1976 1900    2300    900     1400    200     600     300     500     300     100     100     0       100     500     0       200     0       100     0       
8513   1977 2800    100     2000    0       400     1000    700     0       0       0       200     200     600     200     200     600     0       100     700     
8513   1978 3900    1400    2500    700     1400    1200    1300    0       0       600     0       800     200     800     200     500     100     700     0       
8513   1979 3200    1200    2000    0       1100    1200    300     0       0       400     300     400     400     500     300     100     100     100     600     
8513   1980 4100    2100    1200    1600    400     900     400     800     200     300     0       100     600     200     100     200     0       200     1400    
8513   1981 3000    1900    1600    1700    700     700     1200    200     100     0       300     400     500     200     0       200     800     200     100     
8513   1982 3300    1800    2000    700     1500    400     800     100     500     100     1100    300     100     200     100     200     400     200     0       
8513   1983 3000    1600    1500    600     600     1100    400     600     0       400     200     0       100     700     300     200     200     0       300     
8513   1984 4100    2000    2200    1400    1100    1100    800     500     600     400     0       700     900     200     0       400     400     0       0       
8513   1985 2200    1100    600     700     600     0       900     0       700     0       500     100     0       0       0       0       400     500     0       
8513   1986 -999999 2800    -999999 1500    1700    1500    -999999 600     900     400     1000    300     500     100     900     -999999 -999999 -999999 -999999 
8513   1987 2300    -999999 1200    -999999 700     600     900     0       100     600     0       100     500     100     0       500     100     300     0       
8513   1988 5200    800     3100    100     800     2000    2100    0       100     300     200     300     100     900     1000    600     900     600     200     
8513   1989 5200    2700    2900    300     1900    1500    900     100     0       900     800     200     200     700     600     400     300     200     800     
8513   1990 7500    1600    3700    800     2100    1700    3100    0       0       300     1100    700     600     1100    0       200     1300    1600    600     
8513   1991 4800    5900    1000    2900    600     500     1400    1300    1000    100     200     300     0       300     200     0       900     500     0       
8513   1992 3100    2100    2100    600     1300    900     300     0       600     100     600     600     700     0       200     0       200     100     0       
8513   1993 2600    1200    800     700     300     500     1000    100     600     200     0       100     0       100     400     200     500     300     100     
8513   1994 4700    2100    2200    1300    300     1000    2000    100     1100    0       200     100     200     300     500     900     700     400     200     
8513   1995 7200    3300    2200    1200    2100    900     2100    300     700     1000    300     800     100     800     0       200     300     1600    1100    
8513   1996 8200    4600    4800    2300    2800    1500    2000    1000    200     400     800     1600    600     600     300     900     1000    100     700     
8513   1997 7000    4300    2700    2200    2300    1100    2000    1000    500     1000    1100    200     500     100     500     300     1300    400     100     
8513   1998 3600    1900    3300    200     200     2200    1000    100     0       0       0       200     1300    300     600     900     100     0       100     
8513   1999 3100    1200    1100    1100    100     800     800     800     200     0       0       100     100     500     200     200     300     300     400     
8513   2000 2600    2000    1300    1300    500     700     500     700     200     100     100     300     100     300     300     200     300     0       0       
8513   2001 -999999 -999999 -999999 -999999 -999999 -999999 -999999 -999999 -999999 -999999 -999999 -999999 -999999 -999999 -999999 -999999 -999999 -999999 -999999 
8513   2002 4200    -999999 2700    -999999 1900    400     1400    500     0       100     800     1000    100     200     100     500     100     800     0       
8513   2003 7000    2400    4200    900     1900    2600    1500    400     500     600     900     400     700     1200    700     300     1000    200     100     
8513   2004 5700    2900    3100    1400    1500    700     1900    300     1000    300     400     800     200     300     200     1200    400     300     300     
8513   2005 8300    2500    4200    1100    2200    2300    2700    300     500     700     900     600     300     800     1200    400     600     1700    300     
8513   2006 7700    4200    4400    1400    1000    3300    2300    900     200     500     0       500     1200    100     2000    600     400     1300    0       
8513   2007 4500    3200    2100    400     1600    1200    900     200     200     1100    0       500     600     100     500     400     200     300     400     
8513   2008 8100    2300    5200    500     2200    2500    2500    100     0       1300    700     200     1000    600     900     1800    200     500     800     
8513   2009 7500    3000    5000    1600    1300    4100    1100    700     100     700     300     300     1300    1400    1400    300     400     400     200     
8513   2010 5900    1800    2800    900     300     2100    1200    200     500     100     0       200     500     900     700     500     500     200     1600    
8513   2011 8400    4500    5400    3000    1900    3400    1600    800     600     800     700     400     500     1100    1800    900     400     300     100     
8513   2012 6600    1000    4200    300     1100    2700    2400    100     100     0       500     600     1000    600     1100    400     800     1200    200     
8513   2013 7300    2500    5100    500     300     4200    1700    300     0       0       200     100     900     2300    1000    600     100     1000    800     
8513   2014 6400    3100    4000    1700    1900    1600    2000    100     800     300     900     700     600     200     800     800     900     300     0       
8513   2015 7100    3400    3300    1900    1300    1100    2800    700     1200    300     200     800     200     400     500     1200    1100    500     0       
8513   2016 5500    2000    4800    0       1200    3400    800     0       0       400     100     700     300     1000    2100    600     100     100     100     
8513   2017 9000    4100    3800    1800    3400    2100    1000    400     1300    2100    400     900     300     400     1400    400     0       600     800     
8513   2018 6300    2800    3400    1900    1300    1900    1800    600     500     300     300     700     200     1000    700     500     800     500     200     
8513   2019 -999999 2000    -999999 500     -999999 -999999 -999999 300     0       200     1300    -999999 -999999 -999999 -999999 -999999 -999999 -999999 -999999 
