EUROPEAN CLIMATE ASSESSMENT & DATASET (ECA&D), file created on: 20-01-2022
THESE DATA CAN BE USED FOR NON-COMMERCIAL RESEARCH AND EDUCATION PROVIDED THAT THE FOLLOWING SOURCE IS ACKNOWLEDGED: 

Klein Tank, A.M.G. and Coauthors, 2002. Daily dataset of 20th-century surface
air temperature and precipitation series for the European Climate Assessment.
Int. J. of Climatol., 22, 1441-1453.
Data and metadata available at http://www.ecad.eu

FILE FORMAT (MISSING VALUE CODE = -999999):

THIS FILE HOLDS DATA FOR STATION ITALY                                    BERGAMO (V.S.GIORGIO)                    (STAID:  11477)
LATITUDE: dd:mm:ss +45:40:50
LONGITUDE: ddd:mm:ss +009:40:37
ELEVATION: m  249

DATA IS FOR INDEX Days with TN > 90th percentile of daily min temp (warm nights) (TN90p) with unit 0.01 No of days

01-06 SOUID: Source identifier
08-11 YEAR : YYYY
13-20 ANNUAL DATA VALUES
21-28 WINTER HALF YEAR DATA VALUES
29-36 SUMMER HALF YEAR DATA VALUES
37-44 WINTER (DJF) DATA VALUES
45-52 SPRING (MAM) DATA VALUES
53-60 SUMMER (JJA) DATA VALUES
61-68 AUTUMN (SON) DATA VALUES
69-76 JANUARY DATA VALUES
etc. 
157-164 DECEMBER DATA VALUES

11477  1952 3300    -999999 2600    -999999 1400    1200    400     0       100     200     1000    200     100     900     200     200     200     0       200     
11477  1953 -999999 -999999 1800    -999999 1200    300     1800    -999999 0       0       300     900     0       200     100     300     1500    0       1900    
11477  1954 1600    3600    700     1900    700     100     300     0       0       200     500     0       100     0       0       100     0       200     500     
11477  1955 2200    1900    -999999 1500    400     300     300     700     300     200     200     0       200     100     0       0       0       300     200     
11477  1956 -999999 -999999 1100    300     400     900     -999999 100     0       200     0       200     100     200     600     0       0       0       300     
11477  1957 -999999 -999999 -999999 -999999 -999999 -999999 -999999 -999999 -999999 -999999 -999999 -999999 -999999 -999999 -999999 -999999 -999999 -999999 -999999 
11477  1958 -999999 -999999 -999999 -999999 -999999 -999999 -999999 -999999 -999999 -999999 -999999 -999999 -999999 -999999 -999999 -999999 -999999 -999999 -999999 
11477  1959 4800    -999999 1700    -999999 1400    900     1200    200     200     1000    400     0       200     600     100     400     200     600     900     
11477  1960 4100    2900    1300    1700    1200    500     700     400     400     400     300     500     100     100     300     0       400     300     900     
11477  1961 7000    2600    4000    1200    2500    1300    2500    0       300     700     1600    200     700     300     300     900     900     700     400     
11477  1962 4300    2700    2900    1100    500     1400    1700    500     200     0       300     200     500     100     800     1000    300     400     0       
11477  1963 3400    1000    1400    300     900     500     1300    300     0       0       600     300     100     200     200     0       0       1300    400     
11477  1964 -999999 2100    -999999 600     700     -999999 -999999 0       200     200     300     200     600     400     -999999 -999999 -999999 -999999 -999999 
11477  1965 -999999 -999999 300     -999999 300     200     -999999 100     100     200     0       100     200     0       0       0       0       -999999 200     
11477  1966 5000    -999999 2000    1900    700     800     1800    100     1600    0       300     400     700     0       100     500     1300    0       0       
11477  1967 3900    2000    1900    100     1300    1000    1200    0       100     600     100     600     0       600     400     200     700     300     300     
11477  1968 4600    2600    2300    1100    1900    900     900     100     700     500     1000    400     200     700     0       0       300     600     100     
11477  1969 3100    1000    2300    100     1300    1000    800     0       0       0       400     900     100     700     200     0       100     700     0       
11477  1970 2200    1600    1200    400     800     400     600     300     100     400     400     0       200     100     100     400     0       200     0       
11477  1971 3600    800     2200    600     900     1200    700     400     200     0       400     500     0       600     600     100     100     500     200     
11477  1972 4500    3700    900     2500    1000    500     200     900     1400    600     300     100     0       200     300     0       0       200     500     
11477  1973 2200    1300    1100    1100    400     600     100     600     0       0       0       400     200     100     300     100     0       0       500     
11477  1974 -999999 2200    500     1900    300     500     -999999 300     1100    300     0       0       0       100     400     0       0       -999999 -999999 
11477  1975 2600    -999999 700     -999999 600     300     300     900     100     300     100     200     0       200     100     100     0       200     400     
11477  1976 2000    800     1000    600     0       800     600     0       200     0       0       0       300     500     0       200     400     0       400     
11477  1977 2400    1700    200     1100    400     0       1100    300     400     200     200     0       0       0       0       0       900     200     200     
11477  1978 1400    2200    200     700     400     200     0       400     100     400     0       0       200     0       0       0       0       0       300     
11477  1979 3600    1000    1600    600     800     1200    500     0       300     400     0       400     700     300     200     0       400     100     800     
11477  1980 2400    1700    1600    1100    100     800     1200    200     100     100     0       0       100     0       700     800     300     100     0       
11477  1981 3300    700     2600    0       900     1500    900     0       0       300     500     100     1200    0       300     500     400     0       0       
11477  1982 5000    500     3300    100     300     2300    1800    100     0       0       0       300     1300    800     200     700     100     1000    500     
11477  1983 3400    2000    2500    900     400     2000    200     400     0       0       400     0       500     1400    100     100     100     0       400     
11477  1984 1300    600     300     500     0       100     600     0       100     0       0       0       100     0       0       200     100     300     500     
11477  1985 2200    1000    1200    500     200     800     300     0       0       100     0       100     0       300     500     300     0       0       900     
11477  1986 3100    900     2200    900     1400    600     1100    0       0       0       200     1200    200     0       400     200     200     700     0       
11477  1987 4500    1100    3300    200     200     1700    2300    0       200     0       200     0       300     900     500     1400    700     200     100     
11477  1988 3500    2600    1000    1700    500     500     900     1400    200     0       100     400     0       100     400     0       900     0       0       
11477  1989 10000   4600    4400    1700    2700    2900    1400    700     1000    2000    600     100     0       1300    1600    800     200     400     1300    
11477  1990 9900    6900    3900    4500    5000    700     900     1600    1600    1800    700     2500    200     200     300     0       700     200     100     
11477  1991 6500    3500    3700    1100    1700    2800    1000    900     100     1500    200     0       200     1000    1600    700     100     200     0       
11477  1992 4600    700     3000    200     1100    2000    400     200     0       200     500     400     200     500     1300    100     0       300     900     
11477  1993 15200   4000    8700    3000    3500    5200    2500    1500    600     700     1100    1700    1800    1000    2400    700     800     1000    1900    
11477  1994 22600   9700    11900   5000    6300    6900    4100    2000    1100    2900    1300    2100    1900    2300    2700    1600    400     2100    2200    
11477  1995 16200   8300    8000    5000    3600    4900    3400    1300    1500    800     1400    1400    900     2700    1300    300     2200    900     1500    
11477  1996 13400   7100    7100    3300    4000    3800    2100    1600    200     700     2100    1200    1700    1300    800     0       900     1200    1700    
11477  1997 17700   9300    8100    5000    4700    3900    4100    2200    1100    2200    800     1700    1200    700     2000    1700    1500    900     1700    
11477  1998 16100   9100    9500    5300    4200    6000    1300    1900    1700    1400    1100    1700    1700    1800    2500    700     400     200     1000    
11477  1999 18600   5900    11100   3700    5900    4900    4200    2200    500     1600    1700    2600    1200    1600    2100    1900    1600    700     900     
11477  2000 20200   6900    11400   3200    6000    5500    4400    900     1400    1400    1800    2800    2400    800     2300    1300    1600    1500    2000    
11477  2001 17300   10300   8600    5300    5200    5300    3000    1800    1500    1900    900     2400    1300    1600    2400    0       2600    400     500     
11477  2002 17400   8200    7400    2900    5200    4100    3500    900     1500    2300    1400    1500    2100    1100    900     400     1100    2000    2200    
11477  2003 19800   8400    12800   3400    5800    8100    2900    1100    100     1900    1500    2400    2800    2300    3000    800     600     1500    1800    
11477  2004 16100   6800    7900    3800    3000    4600    4300    1200    800     900     1500    600     1600    1600    1400    1200    2100    1000    2200    
11477  2005 11800   8000    7500    3200    4100    4100    2200    900     100     1700    800     1600    2200    1400    500     1000    500     700     400     
11477  2006 18400   3200    11000   1200    4400    5500    5500    400     400     800     1800    1800    2100    2800    600     1900    1900    1700    2200    
11477  2007 18400   11300   9800    6000    6300    4700    2100    2000    1800    1700    2700    1900    1900    1600    1200    500     1300    300     1500    
11477  2008 18800   8000    9200    4900    4500    5200    4700    2400    1000    1500    1100    1900    1800    1500    1900    1000    1900    1800    1000    
11477  2009 19800   7300    12400   2600    5300    6200    5200    900     700     1000    1900    2400    1700    1900    2600    1900    1600    1700    1500    
11477  2010 9000    7600    5000    3000    2100    4100    900     800     700     1300    500     300     1400    1900    800     100     0       800     400     
11477  2011 -999999 2000    6600    700     3400    2100    2800    200     100     500     1700    1200    600     300     1200    1600    500     700     -999999 
11477  2012 -999999 -999999 -999999 -999999 2100    3500    -999999 100     100     1000    400     700     1200    500     1800    -999999 -999999 -999999 -999999 
11477  2013 -999999 -999999 4800    -999999 1700    2600    2900    -999999 0       400     1000    300     700     1200    700     900     1200    800     900     
11477  2014 12200   6900    3100    4200    2000    1500    4000    2000    1300    700     900     400     900     400     200     300     1500    2200    1400    
11477  2015 12600   7500    7500    3200    2900    4900    1500    1500    300     600     900     1400    1300    2400    1200    300     200     1000    1500    
11477  2016 8700    5400    4200    3800    2300    1400    1700    1100    1200    400     1800    100     400     1000    0       900     0       800     1000    
11477  2017 9000    3600    6500    1800    3500    3900    400     0       800     1000    1400    1100    1900    600     1400    100     0       300     400     
11477  2018 14200   2800    9000    2000    3600    4400    4400    1200    400     500     1800    1300    1600    900     1900    1500    1000    1900    200     
11477  2019 8900    -999999 4900    600     900     3900    2900    200     200     300     500     100     1300    1300    1300    400     1400    1100    800     
11477  2020 7700    5100    3700    2100    1400    2200    1700    500     800     500     500     400     200     600     1400    600     400     700     1100    
11477  2021 -999999 3900    -999999 2600    300     -999999 -999999 200     1300    200     100     0       1200    500     -999999 -999999 -999999 1200    200     
