EUROPEAN CLIMATE ASSESSMENT & DATASET (ECA&D), file created on: 20-01-2022
THESE DATA CAN BE USED FOR NON-COMMERCIAL RESEARCH AND EDUCATION PROVIDED THAT THE FOLLOWING SOURCE IS ACKNOWLEDGED: 

Klein Tank, A.M.G. and Coauthors, 2002. Daily dataset of 20th-century surface
air temperature and precipitation series for the European Climate Assessment.
Int. J. of Climatol., 22, 1441-1453.
Data and metadata available at http://www.ecad.eu

FILE FORMAT (MISSING VALUE CODE = -999999):

THIS FILE HOLDS DATA FOR STATION GERMANY                                  MOLLN                                    (STAID:   4421)
LATITUDE: dd:mm:ss +53:36:51
LONGITUDE: ddd:mm:ss +010:41:44
ELEVATION: m   42

DATA IS FOR INDEX Days with TN > 90th percentile of daily min temp (warm nights) (TN90p) with unit 0.01 No of days

01-06 SOUID: Source identifier
08-11 YEAR : YYYY
13-20 ANNUAL DATA VALUES
21-28 WINTER HALF YEAR DATA VALUES
29-36 SUMMER HALF YEAR DATA VALUES
37-44 WINTER (DJF) DATA VALUES
45-52 SPRING (MAM) DATA VALUES
53-60 SUMMER (JJA) DATA VALUES
61-68 AUTUMN (SON) DATA VALUES
69-76 JANUARY DATA VALUES
etc. 
157-164 DECEMBER DATA VALUES

4421   1951 3000    -999999 1900    -999999 300     1200    700     100     100     200     100     0       0       500     700     600     0       100     600     
4421   1952 3700    1600    2600    1400    1500    1100    300     300     500     100     900     500     0       500     600     100     200     0       0       
4421   1953 5900    1000    3100    600     1300    1900    1800    200     400     200     500     600     1000    700     200     100     900     800     300     
4421   1954 3000    2100    1600    300     400     500     1800    0       0       100     100     200     200     300     0       800     900     100     300     
4421   1955 3300    1600    2300    300     1000    1200    700     0       0       300     500     200     200     200     800     400     100     200     400     
4421   1956 2300    1000    500     600     200     200     800     100     100     100     0       100     0       200     0       200     500     100     900     
4421   1957 4800    3500    1400    2300    600     1200    1600    500     900     600     0       0       300     600     300     200     600     800     0       
4421   1958 3800    1800    2400    400     600     1500    1200    0       400     0       0       600     200     700     600     300     800     100     100     
4421   1959 4300    2000    3100    700     1300    2100    300     200     400     400     600     300     100     900     1100    100     200     0       0       
4421   1960 -999999 1400    -999999 900     -999999 700     1100    800     100     300     -999999 -999999 200     0       500     400     200     500     200     
4421   1961 5100    3000    2700    1100    2900    200     1100    100     800     1200    1400    300     100     100     0       800     300     0       0       
4421   1962 1900    1200    400     900     100     200     700     600     300     0       0       100     200     0       0       100     400     200     0       
4421   1963 2500    600     1900    0       1000    600     900     0       0       0       500     500     200     300     100     300     0       600     0       
4421   1964 4300    800     3000    200     1300    1100    1400    0       200     0       900     400     200     400     500     600     0       800     300     
4421   1965 1200    1500    500     500     300     300     300     200     0       200     0       100     200     100     0       100     200     0       100     
4421   1966 3500    1600    1300    1100    800     800     600     100     900     300     100     400     500     300     0       0       600     0       300     
4421   1967 3700    2300    1500    1200    1000    500     1000    100     800     500     0       500     0       200     300     500     500     0       300     
4421   1968 4200    1600    2400    700     1200    1100    1500    400     0       400     800     0       400     100     600     500     900     100     0       
4421   1969 3400    1200    2800    200     600     1900    700     200     0       0       100     500     500     900     500     300     0       400     0       
4421   1970 2000    400     900     0       300     500     800     0       0       0       300     0       400     100     0       100     300     400     400     
4421   1971 4500    1900    1300    1100    600     800     1200    300     400     100     100     400     200     400     200     0       800     400     1200    
4421   1972 2500    2500    1600    1200    600     1100    300     0       0       100     400     100     0       800     300     0       0       300     500     
4421   1973 2600    1500    1500    900     500     1000    600     100     300     300     0       200     400     500     100     300     100     200     100     
4421   1974 3200    2100    500     1700    400     200     200     900     700     100     200     100     0       0       200     0       0       200     800     
4421   1975 5600    3100    3000    2700    400     2000    1000    1600    300     200     100     100     400     700     900     800     200     0       300     
4421   1976 3700    1500    1800    1000    800     1100    1100    600     100     300     200     300     300     500     300     200     600     300     0       
4421   1977 4500    2300    1700    500     1300    1000    1000    100     400     900     200     200     700     100     200     300     200     500     700     
4421   1978 3700    2300    1500    1000    1200    600     1600    100     200     600     0       600     200     200     200     300     500     800     0       
4421   1979 3000    1500    1600    0       800     800     500     0       0       200     0       600     700     0       100     200     100     200     900     
4421   1980 3300    1400    1800    1000    200     1500    900     0       100     100     0       100     500     400     600     200     100     600     600     
4421   1981 5600    2400    4000    800     2700    1800    900     0       200     900     600     1200    500     700     600     400     100     400     0       
4421   1982 4300    900     3200    100     1000    2100    1000    100     0       300     100     600     800     600     700     400     100     500     100     
4421   1983 6300    3200    2900    1600    1600    1800    1200    1500    0       1000    500     100     300     700     800     500     500     200     200     
4421   1984 2800    1100    1700    400     400     1100    900     200     0       0       0       400     100     300     700     200     500     200     200     
4421   1985 2800    1000    1500    200     1200    400     500     0       0       100     700     400     100     0       300     0       400     100     700     
4421   1986 3100    1500    1900    900     900     900     800     200     0       100     0       800     200     500     200     200     0       600     300     
4421   1987 3500    1000    1700    400     400     900     1200    0       100     0       300     100     200     200     500     400     300     500     900     
4421   1988 5700    3000    2800    2200    1000    1400    1200    900     400     0       400     600     700     500     200     400     200     600     800     
4421   1989 5600    3500    2200    2300    900     1100    1600    900     600     400     500     0       100     600     400     600     900     100     500     
4421   1990 5500    4200    1600    2400    1400    1000    1200    900     1000    800     300     300     500     200     300     0       700     500     0       
4421   1991 4500    2500    3000    800     1200    1800    600     700     100     500     600     100     200     700     900     500     0       100     100     
4421   1992 5700    2100    3400    1500    1200    2500    500     700     700     500     0       700     1200    700     600     200     0       300     100     
4421   1993 4700    1800    2800    1100    2400    600     300     1000    0       400     1100    900     200     200     200     200     100     0       400     
4421   1994 6700    1800    3600    900     1900    2300    1400    500     0       800     900     200     300     1200    800     200     100     1100    600     
4421   1995 4400    2800    2400    1500    900     1400    1200    100     800     100     400     400     0       800     600     200     900     100     0       
4421   1996 2200    1000    1600    0       600     900     700     0       0       0       200     400     300     0       600     100     100     500     0       
4421   1997 5000    2100    2800    1000    1200    1700    600     0       1000    500     200     500     600     200     900     400     200     0       500     
4421   1998 6700    3900    2600    2700    2300    600     1100    700     1500    1000    900     400     400     100     100     700     400     0       500     
4421   1999 6600    2800    3700    1700    1500    1400    2300    900     300     700     700     100     100     700     600     1500    300     500     200     
4421   2000 5700    2900    2800    1500    1800    1000    1300    400     900     600     800     400     500     200     300     600     500     200     300     
4421   2001 5100    1900    2800    900     1200    1700    1600    200     400     300     500     400     100     800     800     200     1200    200     0       
4421   2002 7800    4200    4700    2100    2000    3100    600     1000    1100    700     400     900     1100    500     1500    300     0       300     0       
4421   2003 3800    1300    2100    700     800     1500    700     700     0       300     400     100     400     800     300     100     0       600     100     
4421   2004 4000    1700    1900    600     1300    1100    800     0       500     500     300     500     100     100     900     0       600     200     300     
4421   2005 4300    2400    2200    1200    1600    600     1100    900     0       400     400     800     100     400     100     400     400     300     100     
4421   2006 5700    1000    3000    200     700     1200    2600    0       100     100     200     400     300     800     100     1200    800     600     1100    
4421   2007 6600    5700    2800    3700    1900    1200    500     1800    800     600     600     700     600     100     500     300     0       200     400     
4421   2008 5000    3000    1900    2200    1500    800     900     700     1100    600     500     400     0       300     500     200     200     500     0       
4421   2009 4200    1300    2100    100     1500    900     1700    0       100     500     900     100     200     500     200     200     200     1300    0       
4421   2010 3400    1900    2400    0       900     1800    700     0       0       400     500     0       300     1200    300     100     100     500     0       
4421   2011 4400    1500    2500    700     1300    900     1100    400     300     200     1000    100     300     200     400     500     400     200     400     
4421   2012 4900    3100    2000    1700    1800    900     700     500     800     800     500     500     300     300     300     100     400     200     200     
4421   2013 4500    1700    2600    1100    1000    1200    1100    900     0       0       500     500     400     600     200     400     700     0       300     
4421   2014 8100    2800    3800    1500    1800    1900    2900    500     700     600     900     300     200     1500    200     700     1300    900     300     
4421   2015 5400    3300    2000    900     400     1500    1600    400     200     200     100     100     0       400     1100    300     200     1100    1300    
4421   2016 6600    3800    4600    2200    2100    2000    900     300     600     300     600     1200    800     700     500     800     0       100     700     
4421   2017 5200    1800    2300    1300    1300    900     1900    0       600     400     500     400     300     400     200     500     1100    300     500     
4421   2018 6100    2700    3800    1200    1900    1500    1100    700     0       100     800     1000    400     600     500     500     100     500     900     
4421   2019 6600    3600    3300    1900    2100    1900    1300    400     600     1100    800     200     900     500     500     400     700     200     300     
4421   2020 6900    3700    2500    2500    600     2100    1700    900     1300    300     100     200     600     100     1400    100     800     800     300     
4421   2021 5400    2700    2800    1000    200     2000    1800    200     500     100     0       100     900     1000    100     700     500     600     700     
