EUROPEAN CLIMATE ASSESSMENT & DATASET (ECA&D), file created on: 20-01-2022
THESE DATA CAN BE USED FOR NON-COMMERCIAL RESEARCH AND EDUCATION PROVIDED THAT THE FOLLOWING SOURCE IS ACKNOWLEDGED: 

Klein Tank, A.M.G. and Coauthors, 2002. Daily dataset of 20th-century surface
air temperature and precipitation series for the European Climate Assessment.
Int. J. of Climatol., 22, 1441-1453.
Data and metadata available at http://www.ecad.eu

FILE FORMAT (MISSING VALUE CODE = -999999):

THIS FILE HOLDS DATA FOR STATION ITALY                                    TURIN/CASALLE                            (STAID:   2074)
LATITUDE: dd:mm:ss +45:13:12
LONGITUDE: ddd:mm:ss +007:39:00
ELEVATION: m  301

DATA IS FOR INDEX Days with TN > 90th percentile of daily min temp (warm nights) (TN90p) with unit 0.01 No of days

01-06 SOUID: Source identifier
08-11 YEAR : YYYY
13-20 ANNUAL DATA VALUES
21-28 WINTER HALF YEAR DATA VALUES
29-36 SUMMER HALF YEAR DATA VALUES
37-44 WINTER (DJF) DATA VALUES
45-52 SPRING (MAM) DATA VALUES
53-60 SUMMER (JJA) DATA VALUES
61-68 AUTUMN (SON) DATA VALUES
69-76 JANUARY DATA VALUES
etc. 
157-164 DECEMBER DATA VALUES

2074   1951 5900    -999999 2500    -999999 1200    900     2500    700     500     400     600     200     400     200     300     800     500     1200    100     
2074   1952 5100    2100    4600    200     1700    2900    400     0       100     200     1200    300     1000    1400    500     200     200     0       0       
2074   1953 5500    400     2700    200     2100    300     1400    0       200     0       900     1200    0       100     200     300     1100    0       1500    
2074   1954 2300    3000    700     1500    900     200     600     0       0       400     300     200     100     100     0       0       200     400     600     
2074   1955 3300    2700    1000    2000    500     200     900     1000    400     100     200     200     100     100     0       400     0       500     300     
2074   1956 1400    -999999 800     500     100     500     500     200     -999999 0       100     0       100     200     200     200     100     200     100     
2074   1957 3300    2100    600     700     1300    400     800     0       600     1100    200     0       100     300     0       0       300     500     200     
2074   1958 3100    1500    900     700     300     400     1300    200     300     0       0       300     0       100     300     200     200     900     600     
2074   1959 2000    2400    300     600     700     0       900     0       0       700     0       0       0       0       0       300     100     500     400     
2074   1960 2800    1400    1200    700     700     600     300     200     100     100     0       600     400     0       200     0       0       300     900     
2074   1961 3100    1400    1700    1000    1200    400     900     0       100     100     1000    100     200     0       200     200     500     200     500     
2074   1962 2700    1800    1300    1100    100     900     1100    400     200     0       0       100     300     200     400     300     0       800     0       
2074   1963 2700    1000    1000    200     600     300     1200    200     0       0       500     100     100     100     100     100     0       1100    400     
2074   1964 3800    1900    1900    600     1100    800     700     0       200     200     200     700     600     200     0       200     200     300     1000    
2074   1965 1400    1700    600     1200    100     500     400     200     0       0       100     0       400     100     0       0       0       400     200     
2074   1966 3100    1600    1200    1200    500     400     1200    0       1000    0       400     100     300     0       100     300     900     0       0       
2074   1967 3300    2000    1300    600     900     700     1100    400     200     500     100     300     0       500     200     200     400     500     0       
2074   1968 2300    1100    1100    200     600     500     700     0       200     0       300     300     100     400     0       0       200     500     300     
2074   1969 2400    1500    1300    300     1300    300     800     0       0       500     300     500     0       200     100     200     100     500     0       
2074   1970 2000    1100    1300    400     400     300     900     400     0       100     200     100     200     0       100     700     100     100     0       
2074   1971 3500    500     2600    300     1300    1300    400     200     100     0       800     500     0       800     500     0       100     300     200     
2074   1972 4600    3600    1000    2500    1000    600     300     800     1500    700     200     100     100     200     300     100     100     100     400     
2074   1973 4400    1500    2900    1100    1200    1400    500     500     200     200     0       1000    600     200     600     500     0       0       600     
2074   1974 6200    4600    1600    3300    2200    700     500     1200    1500    1300    600     300     100     200     400     0       0       500     100     
2074   1975 4500    2000    2200    1200    1200    900     800     900     200     300     600     300     0       300     600     400     200     200     500     
2074   1976 2900    1800    1200    1300    300     800     500     100     700     100     0       200     600     200     0       200     300     0       500     
2074   1977 4200    2200    1000    1200    1200    300     1900    200     500     700     300     200     0       100     200     200     1300    400     100     
2074   1978 2200    3100    600     700     700     600     0       600     0       700     0       0       300     0       300     0       0       0       300     
2074   1979 3400    1500    1300    1200    600     1000    300     300     600     300     100     200     900     100     0       0       200     100     600     
2074   1980 2400    1000    2000    700     0       800     1400    100     0       0       0       0       100     0       700     1200    100     100     100     
2074   1981 4200    1300    2800    400     1700    1200    900     200     100     700     900     100     1100    0       100     600     300     0       100     
2074   1982 5700    800     3800    500     400     2600    1600    200     200     0       200     200     1000    1000    600     800     200     600     700     
2074   1983 4600    2100    3400    1100    600     2500    800     400     0       200     300     100     500     1700    300     500     200     100     300     
2074   1984 2800    1000    1100    700     200     600     1200    200     200     0       100     100     300     0       300     300     200     700     400     
2074   1985 4800    2100    2700    700     1100    1400    1300    100     200     500     300     300     500     600     300     700     600     0       700     
2074   1986 7600    2100    4600    1200    2200    2300    2300    400     100     300     500     1400    800     800     700     400     800     1100    300     
2074   1987 5700    2700    3800    500     1200    1400    2200    100     100     300     600     300     0       700     700     1500    600     100     700     
2074   1988 4600    3300    2000    2500    800     1300    700     1400    400     100     300     400     100     800     400     0       700     0       0       
2074   1989 4100    2000    2100    700     1400    1100    600     200     500     600     0       800     100     300     700     200     0       400     300     
2074   1990 5800    2700    2400    1200    2200    1300    1300    300     600     1100    0       1100    600     400     300     0       1100    200     100     
2074   1991 5000    3200    3000    500     1500    2300    800     300     100     1400    0       100     400     900     1000    600     100     100     0       
2074   1992 5000    1000    3300    400     1400    2000    700     200     200     400     400     600     200     700     1100    300     0       400     500     
2074   1993 4100    2200    1800    1100    1200    1200    700     500     100     700     0       500     700     100     400     100     200     400     400     
2074   1994 -999999 -999999 3300    -999999 -999999 2400    1300    1200    -999999 100     0       500     300     1200    900     400     0       900     500     
2074   1995 5700    2600    2500    1600    1000    1600    1300    300     800     100     300     600     300     1200    100     0       600     700     700     
2074   1996 6400    3600    2100    1800    1100    1500    1300    1100    0       500     500     100     1100    200     200     0       300     1000    1400    
2074   1997 8600    5300    4000    3300    1900    1700    2400    1200    700     700     100     1100    800     300     600     1100    700     600     700     
2074   1998 8200    3400    6100    1900    2300    3400    1000    600     600     200     900     1200    1600    900     900     600     400     0       300     
2074   1999 6900    2200    3800    1400    2100    1400    2200    900     200     400     200     1500    200     400     800     700     800     700     100     
2074   2000 7700    2700    3700    800     2200    1600    2000    0       700     400     400     1400    700     0       900     300     1000    700     1200    
2074   2001 7900    5700    3700    2900    2400    2400    1400    1000    700     1100    200     1100    400     500     1500    0       1200    200     0       
2074   2002 6600    2900    2100    900     1100    1600    1600    200     700     600     100     400     1500    100     0       0       0       1600    1400    
2074   2003 9000    3300    7200    1600    2000    5300    900     200     0       100     700     1200    2400    1300    1600    0       100     800     600     
2074   2004 5800    2300    2100    1100    900     900     2900    300     200     300     400     200     300     300     300     600     1500    800     600     
2074   2005 8100    3900    5700    700     2500    3400    2000    100     0       900     400     1200    1800    1100    500     700     400     900     100     
2074   2006 -999999 -999999 -999999 -999999 -999999 -999999 -999999 300     -999999 -999999 -999999 -999999 -999999 -999999 -999999 -999999 -999999 -999999 -999999 
