EUROPEAN CLIMATE ASSESSMENT & DATASET (ECA&D), file created on: 20-01-2022
THESE DATA CAN BE USED FOR NON-COMMERCIAL RESEARCH AND EDUCATION PROVIDED THAT THE FOLLOWING SOURCE IS ACKNOWLEDGED: 

Klein Tank, A.M.G. and Coauthors, 2002. Daily dataset of 20th-century surface
air temperature and precipitation series for the European Climate Assessment.
Int. J. of Climatol., 22, 1441-1453.
Data and metadata available at http://www.ecad.eu

FILE FORMAT (MISSING VALUE CODE = -999999):

THIS FILE HOLDS DATA FOR STATION RUSSIAN FEDERATION                       UST'-KARENGA                             (STAID:   8332)
LATITUDE: dd:mm:ss +54:25:59
LONGITUDE: ddd:mm:ss +116:31:59
ELEVATION: m  686

DATA IS FOR INDEX Days with TN > 90th percentile of daily min temp (warm nights) (TN90p) with unit 0.01 No of days

01-06 SOUID: Source identifier
08-11 YEAR : YYYY
13-20 ANNUAL DATA VALUES
21-28 WINTER HALF YEAR DATA VALUES
29-36 SUMMER HALF YEAR DATA VALUES
37-44 WINTER (DJF) DATA VALUES
45-52 SPRING (MAM) DATA VALUES
53-60 SUMMER (JJA) DATA VALUES
61-68 AUTUMN (SON) DATA VALUES
69-76 JANUARY DATA VALUES
etc. 
157-164 DECEMBER DATA VALUES

8332   1959 -999999 -999999 -999999 -999999 -999999 -999999 -999999 -999999 -999999 -999999 -999999 -999999 -999999 100     1600    -999999 1000    0       500     
8332   1960 2600    2300    700     900     500     400     900     0       400     400     0       100     100     200     100     200     400     300     400     
8332   1961 3100    1900    1600    900     900     400     1100    100     400     300     200     400     100     0       300     600     300     200     -999999 
8332   1962 3500    -999999 2500    -999999 1000    1300    400     300     300     100     400     500     200     700     400     300     100     0       200     
8332   1963 3700    -999999 1600    1500    700     900     600     700     600     300     200     200     100     300     500     300     300     0       200     
8332   1964 3400    1000    2200    200     1100    1400    800     0       0       500     100     500     800     100     500     200     300     300     100     
8332   1965 2700    1500    800     400     700     400     1100    200     100     500     100     100     300     0       100     200     700     200     200     
8332   1966 3200    1900    1300    900     300     900     1300    300     400     100     0       200     500     200     200     200     1000    100     0       
8332   1967 5200    1800    2800    500     1400    1200    1500    200     300     200     600     600     300     800     100     400     800     300     600     
8332   1968 4400    3400    2000    1500    1700    800     1000    700     200     800     500     400     200     200     400     300     200     500     0       
8332   1969 3300    1100    1700    200     400     1400    900     200     0       200     100     100     300     200     900     100     300     500     400     
8332   1970 3000    2100    1700    1200    700     800     300     300     500     100     300     300     200     500     100     300     0       0       400     
8332   1971 5300    1800    2300    1400    1100    1300    1400    900     100     400     400     300     300     700     300     300     600     500     500     
8332   1972 2200    2100    1200    700     900     100     800     100     100     300     400     200     100     0       0       500     200     100     200     
8332   1973 4100    1400    2100    1000    400     1600    800     200     600     100     100     200     400     1000    200     200     200     400     500     
8332   1974 2500    1700    1500    1100    100     900     800     300     300     0       0       100     400     500     0       500     200     100     100     
8332   1975 4600    1300    1800    600     1500    700     1300    300     200     400     900     200     300     100     300     0       700     600     600     
8332   1976 2200    2800    1200    1400    500     600     200     500     300     100     100     300     0       400     200     200     0       0       100     
8332   1977 2600    700     1500    200     900     1000    600     0       100     500     100     300     600     400     0       100     300     200     0       
8332   1978 3900    1900    1600    1100    600     900     1200    300     800     300     100     200     700     100     100     400     300     500     100     
8332   1979 4000    1800    1700    800     1000    700     800     400     300     200     300     500     200     300     200     200     300     300     800     
8332   1980 3700    2600    1500    2000    300     1100    1000    700     500     0       0       300     300     200     600     100     0       900     100     
8332   1981 4200    1800    1700    600     1200    500     700     300     200     300     700     200     0       400     100     300     100     300     1300    
8332   1982 3900    2300    1600    1500    900     1100    1100    100     100     400     400     100     400     400     300     0       300     800     600     
8332   1983 5100    3300    2200    1600    1100    600     1800    800     200     600     400     100     0       100     500     1100    300     400     600     
8332   1984 5200    2100    3400    1200    1800    1300    1100    400     200     200     400     1200    400     400     500     500     300     300     400     
8332   1985 2500    1200    1900    400     700     900     900     0       0       200     300     200     600     100     200     500     200     200     0       
8332   1986 2900    1000    1600    400     700     1100    500     200     200     200     100     400     1000    0       100     0       400     100     200     
8332   1987 3000    1800    1500    1100    500     900     500     200     700     200     200     100     100     100     700     300     200     0       200     
8332   1988 3600    1000    2300    800     600     1300    900     300     300     0       300     300     200     700     400     400     300     200     200     
8332   1989 4900    2600    2300    1100    1700    1600    700     600     300     1000    600     100     400     600     600     0       100     600     0       
8332   1990 6500    2400    2800    700     2000    1400    1500    0       700     1000    500     500     500     400     500     400     500     600     900     
8332   1991 3900    3000    2100    1800    1100    1000    800     600     300     100     800     200     300     200     500     100     300     400     100     
8332   1992 4000    1800    2100    1100    1000    900     700     200     800     0       600     400     400     200     300     200     100     400     400     
8332   1993 4400    1700    2500    900     700     1400    1600    100     400     300     100     300     100     700     600     700     700     200     200     
8332   1994 5600    2500    3200    1200    1200    1700    1600    200     800     400     500     300     900     400     400     700     700     200     100     
8332   1995 4200    2500    1200    1000    900     700     1300    500     400     600     200     100     300     0       400     200     500     600     400     
8332   1996 4600    2400    2400    1100    1200    1100    1300    500     200     200     500     500     400     700     0       300     200     800     300     
8332   1997 4500    2100    2300    700     1700    1000    1200    200     200     400     600     700     600     200     200     0       700     500     200     
8332   1998 7200    3200    3500    1400    1200    2600    1300    500     700     600     400     200     500     1000    1100    300     700     300     900     
8332   1999 4800    3400    2100    2200    1300    800     900     400     900     200     500     600     0       600     200     200     600     100     500     
8332   2000 4600    1800    2900    800     900     1700    1600    100     200     300     100     500     500     600     600     600     500     500     100     
8332   2001 4800    1900    2400    600     1100    1300    1600    0       500     300     400     400     300     300     700     300     200     1100    300     
8332   2002 7000    4500    3600    2400    1900    2300    700     1000    1100    800     600     500     700     1100    500     200     400     100     0       
8332   2003 4300    1400    1600    600     800     700     1200    100     500     300     500     0       300     300     100     400     600     200     1000    
8332   2004 6300    3600    2500    2300    1100    1300    2400    900     400     500     300     300     900     0       400     600     800     1000    200     
8332   2005 6100    3200    3400    900     1900    1600    1600    600     100     500     700     700     600     600     400     400     600     600     300     
8332   2006 4400    2700    2400    1300    1100    1200    1000    500     500     200     600     300     500     200     500     300     200     500     100     
8332   2007 6900    2400    3600    1300    1900    1500    1800    500     700     400     900     600     500     300     700     600     700     500     500     
8332   2008 7200    3200    3600    1200    1700    2300    2300    100     600     800     400     500     1200    700     400     400     1500    400     200     
8332   2009 4000    3100    2500    1100    1000    1400    500     500     400     100     500     400     400     100     900     200     300     0       200     
8332   2010 5300    1500    3000    900     1400    1300    1400    500     200     300     0       1100    1000    300     0       600     100     700     500     
8332   2011 5500    2500    3000    1200    1900    1500    1000    100     600     500     500     900     500     300     700     100     600     300     400     
8332   2012 5500    2100    3800    1000    1300    2100    1500    300     300     200     700     400     900     1000    200     600     400     500     0       
8332   2013 6500    2000    3000    900     1200    1700    2000    400     500     200     300     700     500     200     1000    300     600     1100    700     
8332   2014 4300    3900    1700    1300    1900    600     500     200     400     900     600     400     300     100     200     100     100     300     700     
8332   2015 4300    2300    1600    1500    1200    400     1400    400     400     400     500     300     200     100     100     400     700     300     500     
8332   2016 5800    3200    3400    1300    1500    1400    1700    500     300     900     200     400     200     400     800     1400    200     100     400     
8332   2017 5400    2400    3200    1700    1600    1600    800     300     1000    400     800     400     100     500     1000    400     100     300     100     
8332   2018 7100    1900    4100    900     1800    2000    2400    600     200     600     500     700     500     1000    500     900     1000    500     100     
8332   2019 -999999 3300    -999999 1400    -999999 -999999 -999999 600     700     400     -999999 -999999 -999999 -999999 -999999 -999999 -999999 -999999 -999999 
