EUROPEAN CLIMATE ASSESSMENT & DATASET (ECA&D), file created on: 20-01-2022
THESE DATA CAN BE USED FOR NON-COMMERCIAL RESEARCH AND EDUCATION PROVIDED THAT THE FOLLOWING SOURCE IS ACKNOWLEDGED: 

Klein Tank, A.M.G. and Coauthors, 2002. Daily dataset of 20th-century surface
air temperature and precipitation series for the European Climate Assessment.
Int. J. of Climatol., 22, 1441-1453.
Data and metadata available at http://www.ecad.eu

FILE FORMAT (MISSING VALUE CODE = -999999):

THIS FILE HOLDS DATA FOR STATION NORWAY                                   BODOE - SKIVIKA                          (STAID:  18353)
LATITUDE: dd:mm:ss +67:18:29
LONGITUDE: ddd:mm:ss +014:25:50
ELEVATION: m    5

DATA IS FOR INDEX Days with TN > 90th percentile of daily min temp (warm nights) (TN90p) with unit 0.01 No of days

01-06 SOUID: Source identifier
08-11 YEAR : YYYY
13-20 ANNUAL DATA VALUES
21-28 WINTER HALF YEAR DATA VALUES
29-36 SUMMER HALF YEAR DATA VALUES
37-44 WINTER (DJF) DATA VALUES
45-52 SPRING (MAM) DATA VALUES
53-60 SUMMER (JJA) DATA VALUES
61-68 AUTUMN (SON) DATA VALUES
69-76 JANUARY DATA VALUES
etc. 
157-164 DECEMBER DATA VALUES

18353  1954 4800    -999999 3300    -999999 1500    1900    600     100     200     300     200     1000    200     1200    500     200     0       400     500     
18353  1955 1400    1000    1000    600     0       500     800     100     0       0       0       0       0       100     400     500     0       300     0       
18353  1956 2300    1000    800     200     600     700     300     200     0       500     0       100     300     300     100     0       200     100     500     
18353  1957 3900    1800    1600    1100    1200    600     1200    400     200     400     700     100     0       600     0       200     0       1000    300     
18353  1958 4100    1600    1800    600     0       1300    2500    200     100     0       0       0       300     400     600     500     600     1400    0       
18353  1959 6300    4900    1800    1500    2500    700     1600    300     1200    1400    700     400     0       300     400     0       700     900     0       
18353  1960 6100    2900    4800    500     1800    2900    900     400     100     800     600     400     200     1600    1100    900     0       0       0       
18353  1961 7200    1500    2600    1000    600     1400    3900    300     700     500     0       100     400     800     200     1100    1800    1000    300     
18353  1962 2000    3700    900     900     600     300     400     400     200     0       400     200     0       0       300     0       200     200     100     
18353  1963 4700    1200    2900    400     1700    1000    1100    200     100     400     500     800     300     0       700     600     300     200     600     
18353  1964 5400    3400    1700    2400    1500    700     1100    1700    100     500     400     600     0       100     600     0       900     200     300     
18353  1965 4300    2300    2700    1100    1200    700     1600    200     600     100     900     200     300     0       400     900     700     0       0       
18353  1966 2200    900     1300    200     0       1300    400     200     0       0       0       0       900     0       400     0       0       400     300     
18353  1967 4100    1700    2300    800     1200    800     1600    100     400     500     100     600     100     200     500     800     0       800     0       
18353  1968 3800    1300    1200    400     200     500     1200    100     300     100     100     0       400     0       100     600     0       600     1500    
18353  1969 3900    2500    2600    1700    700     2100    600     100     100     200     500     0       400     300     1400    0       600     0       300     
18353  1970 4100    1200    2300    500     400     1800    1000    200     0       100     0       300     500     600     700     200     300     500     700     
18353  1971 3600    2700    1300    1800    400     900     900     700     400     100     0       300     700     100     100     100     500     300     300     
18353  1972 5900    2300    3200    1100    1300    2300    300     600     200     400     500     400     700     1300    300     0       100     200     1200    
18353  1973 2500    3000    900     1900    900     800     0       700     0       800     100     0       200     600     0       0       0       0       100     
18353  1974 5300    1500    3400    900     2100    1100    900     600     200     600     800     700     800     200     100     800     100     0       400     
18353  1975 3000    2300    400     1700    800     0       900     200     1100    500     100     200     0       0       0       100     200     600     0       
18353  1976 2100    1400    1100    500     700     500     200     0       500     100     0       600     400     100     0       0       0       200     200     
18353  1977 2900    1300    300     200     900     300     1100    0       0       900     0       0       0       300     0       0       500     600     600     
18353  1978 3300    2100    2500    800     600     2000    500     100     100     200     100     300     800     1100    100     100     0       400     0       
18353  1979 2600    800     1900    0       600     1600    100     0       0       400     200     0       100     700     800     100     0       0       300     
18353  1980 4600    800     3400    800     600     2500    1000    0       500     0       500     100     900     600     1000    300     400     300     0       
18353  1981 2600    1200    2100    300     1900    0       400     300     0       200     500     1200    0       0       0       400     0       0       0       
18353  1982 4800    2100    1400    1500    700     1000    1200    600     900     600     100     0       0       600     400     300     700     200     400     
18353  1983 4800    2400    3400    1200    2700    100     1000    300     500     300     1100    1300    100     0       0       900     100     0       200     
18353  1984 4200    900     2300    800     1300    700     1000    0       600     0       200     1100    500     0       200     300     400     300     600     
18353  1985 2400    2100    1100    1100    400     1000    400     500     0       300     0       100     200     500     300     0       100     300     100     
18353  1986 2300    1500    900     300     1200    500     400     0       200     800     200     200     400     100     0       0       0       400     0       
18353  1987 1700    600     700     200     300     300     900     200     0       0       300     0       0       200     100     100     800     0       0       
18353  1988 3700    1600    2300    700     400     1100    1400    500     200     100     200     100     100     600     400     900     200     300     100     
18353  1989 4700    1900    2100    1000    1700    500     900     700     200     400     1100    200     100     0       400     300     0       600     700     
18353  1990 4500    3200    2000    2200    1200    900     400     300     1200    400     600     200     600     0       300     300     100     0       500     
18353  1991 4000    1800    1000    1300    1100    300     900     800     0       400     700     0       300     0       0       0       300     600     900     
18353  1992 6600    4100    3300    2600    1300    1700    1000    1100    600     600     300     400     800     500     400     900     100     0       900     
18353  1993 4700    2700    2300    2100    1600    1200    700     500     700     500     300     800     0       1100    100     0       0       700     0       
18353  1994 3300    1000    2000    300     1100    900     200     0       300     0       700     400     100     300     500     0       0       200     800     
18353  1995 3500    2600    1000    2000    700     300     800     800     400     400     0       300     200     100     0       400     200     200     500     
18353  1996 4300    2600    2100    1900    600     1500    500     1400    0       300     200     100     0       200     1300    300     200     0       300     
18353  1997 5200    1300    2700    800     600     1800    1400    400     100     300     0       300     700     400     700     600     200     600     900     
18353  1998 6000    2800    3600    1300    1500    1800    1700    400     0       700     700     100     400     1100    300     1000    300     400     600     
18353  1999 5200    2300    2400    1300    800     600     2800    300     400     300     300     200     500     100     0       1300    100     1400    300     
18353  2000 6200    2500    1700    900     800     300     4100    500     100     100     200     500     0       200     100     700     1800    1600    400     
18353  2001 4800    4800    2200    1400    400     600     2200    900     100     0       300     100     300     0       300     1200    500     500     600     
18353  2002 8600    3400    6400    1800    3300    3600    100     900     300     600     1500    1200    1300    1000    1300    100     0       0       400     
18353  2003 6500    2100    3400    1300    1700    1900    1700    0       900     800     500     400     100     1000    800     600     100     1000    300     
18353  2004 5900    2700    3700    1000    2600    1200    1200    200     500     600     1400    600     0       400     800     500     300     400     200     
18353  2005 5700    1800    3100    800     1100    2200    1600    200     400     300     600     200     600     1200    400     100     600     900     200     
18353  2006 8500    3900    3700    2300    1700    1200    2300    1500    600     100     600     1000    100     100     1000    900     200     1200    1200    
18353  2007 6600    4000    2800    1500    1600    2100    1300    100     200     1100    500     0       200     1600    300     200     900     200     1300    
18353  2008 4000    3500    2000    1900    1600    700     500     0       600     500     500     600     200     400     100     200     200     100     600     
18353  2009 6000    1700    3600    1200    1800    1600    1700    400     200     200     900     700     0       600     1000    400     0       1300    300     
18353  2010 3000    1900    2100    600     1000    500     1200    300     0       0       400     600     0       400     100     600     600     0       0       
18353  2011 9200    1700    4700    700     2100    2000    4100    400     300     400     1000    700     1100    500     400     1000    1000    2100    300     
18353  2012 3000    4600    900     800     900     600     1000    200     300     700     100     100     300     100     200     100     100     800     0       
18353  2013 5700    1500    3600    600     1600    1200    1300    200     400     0       400     1200    500     400     300     800     300     200     1000    
18353  2014 8100    4100    4400    3100    1300    3300    1200    600     1500    500     400     400     700     1800    800     300     400     500     200     
18353  2015 7100    2800    3500    1000    1700    900     3300    400     400     900     500     300     0       0       900     1800    400     1100    400     
18353  2016 7500    3900    4000    1500    2300    1200    1900    800     300     900     600     800     100     1000    100     1400    0       500     1000    
18353  2017 6700    3500    3600    2400    700     1800    2600    1000    400     600     0       100     800     600     400     1700    600     300     200     
18353  2018 6400    1300    3600    400     1500    1400    2800    200     0       0       600     900     100     900     400     700     400     1700    500     
18353  2019 5400    3300    3800    1000    1800    2100    500     100     400     200     1000    600     200     900     1000    100     100     300     500     
18353  2020 6700    2100    2200    1400    700     1500    2900    500     400     300     300     100     800     400     300     300     1000    1600    700     
18353  2021 5500    4200    2700    1200    900     1600    1900    200     300     400     200     300     600     900     100     600     600     700     600     
