EUROPEAN CLIMATE ASSESSMENT & DATASET (ECA&D), file created on: 20-01-2022
THESE DATA CAN BE USED FOR NON-COMMERCIAL RESEARCH AND EDUCATION PROVIDED THAT THE FOLLOWING SOURCE IS ACKNOWLEDGED: 

Klein Tank, A.M.G. and Coauthors, 2002. Daily dataset of 20th-century surface
air temperature and precipitation series for the European Climate Assessment.
Int. J. of Climatol., 22, 1441-1453.
Data and metadata available at http://www.ecad.eu

FILE FORMAT (MISSING VALUE CODE = -999999):

THIS FILE HOLDS DATA FOR STATION ITALY                                    BRIC DELLA CROCE                         (STAID:   1710)
LATITUDE: dd:mm:ss +45:01:59
LONGITUDE: ddd:mm:ss +007:43:00
ELEVATION: m  709

DATA IS FOR INDEX Days with TN > 90th percentile of daily min temp (warm nights) (TN90p) with unit 0.01 No of days

01-06 SOUID: Source identifier
08-11 YEAR : YYYY
13-20 ANNUAL DATA VALUES
21-28 WINTER HALF YEAR DATA VALUES
29-36 SUMMER HALF YEAR DATA VALUES
37-44 WINTER (DJF) DATA VALUES
45-52 SPRING (MAM) DATA VALUES
53-60 SUMMER (JJA) DATA VALUES
61-68 AUTUMN (SON) DATA VALUES
69-76 JANUARY DATA VALUES
etc. 
157-164 DECEMBER DATA VALUES

1710   1952 -999999 -999999 -999999 -999999 -999999 -999999 -999999 -999999 -999999 -999999 -999999 -999999 -999999 -999999 -999999 -999999 -999999 -999999 -999999 
1710   1953 -999999 -999999 -999999 -999999 -999999 -999999 -999999 -999999 -999999 -999999 -999999 -999999 -999999 -999999 -999999 -999999 -999999 -999999 -999999 
1710   1954 2600    -999999 900     -999999 700     100     700     200     0       0       300     400     100     0       0       100     200     400     900     
1710   1955 2600    2100    1200    1500    700     200     700     500     100     0       500     200     100     100     0       300     0       400     400     
1710   1956 2500    1200    1200    400     1000    400     600     0       0       400     0       600     0       300     100     200     400     0       500     
1710   1957 2700    2200    1000    1400    600     800     400     600     300     400     200     0       200     600     0       0       0       400     0       
1710   1958 3300    -999999 1400    1100    700     700     600     300     800     0       0       700     100     300     300     0       200     400     200     
1710   1959 3300    1700    2000    600     1100    1300    200     0       400     500     500     100     300     700     300     100     0       100     300     
1710   1960 -999999 -999999 1700    -999999 1200    800     200     -999999 -999999 300     600     300     400     0       400     0       0       200     0       
1710   1961 8500    3200    4600    1600    2500    1700    2300    0       1600    1400    700     400     600     300     800     1800    400     100     400     
1710   1962 4100    1400    3000    900     700     1800    1100    300     200     0       500     200     800     200     800     500     500     100     0       
1710   1963 2200    600     1000    0       400     600     1000    0       0       0       200     200     100     500     0       0       400     600     200     
1710   1964 3600    1700    2100    600     600     1500    1000    0       400     100     100     400     600     500     400     100     100     800     100     
1710   1965 -999999 -999999 -999999 -999999 -999999 -999999 300     300     -999999 -999999 0       -999999 700     100     200     0       0       300     -999999 
1710   1966 3500    -999999 2500    -999999 1400    400     900     400     300     100     400     900     200     0       200     800     100     0       100     
1710   1967 5300    1400    2400    600     1800    800     1700    300     200     700     500     600     200     500     100     500     600     600     500     
1710   1968 3400    2800    1600    900     1500    800     500     300     100     700     800     0       200     600     0       0       300     200     200     
1710   1969 2900    1000    1700    500     1200    500     900     300     0       0       600     600     0       500     0       0       600     300     0       
1710   1970 3300    1300    1700    400     200     1000    1400    300     100     0       200     0       400     400     200     500     400     500     300     
1710   1971 4100    1400    1900    500     1200    700     600     100     100     0       900     300     0       500     200     0       400     200     1400    
1710   1972 3600    3300    1300    1800    1600    600     900     100     300     900     400     300     0       400     200     0       200     700     100     
1710   1973 4600    2200    3000    1000    600     1800    1200    400     500     300     0       300     700     300     800     900     100     200     100     
1710   1974 4300    1600    2100    900     800     1500    200     700     100     400     100     300     200     300     1000    200     0       0       1000    
1710   1975 4000    1900    1800    1900    1100    700     800     600     300     0       600     500     100     300     300     0       700     100     500     
1710   1976 4900    3300    2300    2200    1400    1200    300     1300    400     300     400     700     1000    200     0       0       300     0       300     
1710   1977 1800    1300    200     500     600     0       900     200     0       500     100     0       0       0       0       100     200     600     100     
1710   1978 1800    900     1500    100     0       1100    700     0       0       0       0       0       400     300     400     400     100     200     0       
1710   1979 2300    300     1100    0       600     500     500     0       0       0       100     500     500     0       0       0       0       500     700     
1710   1980 1700    1600    600     1100    0       600     400     0       400     0       0       0       100     0       500     0       200     200     300     
1710   1981 3700    1600    2200    900     1300    1200    600     200     400     300     1000    0       1000    0       200     0       200     400     0       
1710   1982 2700    1000    2100    400     1100    500     700     400     0       0       400     700     200     300     0       500     0       200     0       
1710   1983 5000    1800    2300    1300    300     2300    400     1300    0       300     0       0       600     1600    100     0       300     100     700     
1710   1984 1300    1400    300     1000    200     0       300     200     100     0       200     0       0       0       0       100     0       200     500     
1710   1985 3700    1000    2200    800     300     1100    1400    0       300     0       200     100     0       300     800     800     600     0       600     
1710   1986 3100    1300    1400    700     1100    300     1500    100     0       0       100     1000    300     0       0       0       700     800     100     
1710   1987 2600    1900    1500    300     300     400     1000    100     100     100     0       200     0       0       400     900     100     0       700     
1710   1988 2500    800     1200    700     100     1000    700     0       0       0       0       100     0       400     600     100     600     0       700     
1710   1989 4700    4500    800     2900    1100    700     600     1300    900     1000    0       100     0       100     600     0       600     0       100     
1710   1990 6200    3600    2100    1600    2200    1200    1300    400     1100    1400    200     600     100     700     400     100     700     500     0       
1710   1991 6400    2300    4200    500     1300    2200    2000    0       500     600     500     200     200     500     1500    1300    200     500     400     
1710   1992 8900    4200    4300    2400    2500    2600    1600    700     1300    1100    400     1000    100     800     1700    300     0       1300    200     
1710   1993 8500    4600    3900    2600    1600    2800    1000    1300    1100    700     200     700     900     400     1500    200     200     600     700     
1710   1994 9700    3600    4700    1500    1900    3800    2900    800     0       1300    400     200     700     1400    1700    300     600     2000    300     
1710   1995 5400    3400    2800    800     1100    1700    2000    0       500     0       500     600     300     1200    200     0       1500    500     100     
1710   1996 3500    2500    2100    400     900     1300    700     200     100     100     400     400     1100    200     0       0       200     500     300     
1710   1997 11400   6300    4900    3600    3900    2100    1800    1500    1800    2000    800     1100    1000    300     800     900     600     300     300     
1710   1998 6200    4100    2800    2300    1800    1800    200     300     1700    900     400     500     400     400     1000    100     100     0       400     
1710   1999 4100    2200    2000    1700    1300    600     900     1000    300     400     400     500     300     100     200     500     300     100     0       
1710   2000 5700    3000    2100    2000    1500    1000    500     700     1300    600     300     600     0       0       1000    200     0       300     700     
