EUROPEAN CLIMATE ASSESSMENT & DATASET (ECA&D), file created on: 20-01-2022
THESE DATA CAN BE USED FOR NON-COMMERCIAL RESEARCH AND EDUCATION PROVIDED THAT THE FOLLOWING SOURCE IS ACKNOWLEDGED: 

Klein Tank, A.M.G. and Coauthors, 2002. Daily dataset of 20th-century surface
air temperature and precipitation series for the European Climate Assessment.
Int. J. of Climatol., 22, 1441-1453.
Data and metadata available at http://www.ecad.eu

FILE FORMAT (MISSING VALUE CODE = -999999):

THIS FILE HOLDS DATA FOR STATION SWEDEN                                   PAJALA                                   (STAID:   1411)
LATITUDE: dd:mm:ss +67:12:35
LONGITUDE: ddd:mm:ss +023:23:34
ELEVATION: m  168

DATA IS FOR INDEX Days with TN > 90th percentile of daily min temp (warm nights) (TN90p) with unit 0.01 No of days

01-06 SOUID: Source identifier
08-11 YEAR : YYYY
13-20 ANNUAL DATA VALUES
21-28 WINTER HALF YEAR DATA VALUES
29-36 SUMMER HALF YEAR DATA VALUES
37-44 WINTER (DJF) DATA VALUES
45-52 SPRING (MAM) DATA VALUES
53-60 SUMMER (JJA) DATA VALUES
61-68 AUTUMN (SON) DATA VALUES
69-76 JANUARY DATA VALUES
etc. 
157-164 DECEMBER DATA VALUES

1411   1951 4000    -999999 2000    -999999 800     700     1800    100     200     400     400     0       0       100     600     900     400     500     400     
1411   1952 900     1600    100     700     0       100     400     200     100     0       0       0       0       100     0       0       0       400     100     
1411   1953 4000    1000    1100    300     400     700     1400    100     100     300     100     0       300     0       400     300     500     600     1300    
1411   1954 4400    3100    2400    1500    1100    1500    700     200     0       500     0       600     300     900     300     300     0       400     900     
1411   1955 2400    1800    1500    1400    100     700     800     300     200     0       100     0       0       200     500     700     100     0       300     
1411   1956 1900    700     1000    600     300     700     100     300     0       0       100     200     500     200     0       0       100     0       500     
1411   1957 2800    1000    2000    900     400     1400    500     300     100     0       400     0       0       800     600     200     0       300     100     
1411   1958 3000    700     1000    400     100     600     2000    200     100     0       0       100     0       400     200     300     500     1200    0       
1411   1959 5500    3800    1700    800     2500    500     900     100     700     1300    400     800     300     100     100     0       300     600     800     
1411   1960 5000    2000    4100    900     1700    1700    900     0       100     200     800     700     200     1000    500     900     0       0       600     
1411   1961 6000    1800    2300    1300    500     1700    2800    100     600     500     0       0       800     800     100     600     1800    400     300     
1411   1962 2000    3100    600     900     400     100     800     400     200     0       300     100     0       0       100     100     300     400     100     
1411   1963 4400    1200    3300    300     1900    800     1200    100     100     200     400     1300    300     0       500     800     300     100     300     
1411   1964 3200    1800    900     1200    500     600     900     900     0       200     100     200     100     0       500     0       500     400     300     
1411   1965 2200    1800    1400    900     500     500     600     500     100     0       500     0       100     0       400     400     100     100     0       
1411   1966 3000    200     1700    0       600     1000    900     0       0       0       300     300     700     300     0       100     0       800     500     
1411   1967 4900    2400    2300    1000    1200    1200    2000    100     400     600     400     200     100     300     800     500     100     1400    0       
1411   1968 2000    1900    800     200     400     300     500     100     100     200     200     0       200     100     0       300     0       200     600     
1411   1969 2000    1100    1100    900     200     900     400     200     100     0       200     0       100     300     500     0       300     100     200     
1411   1970 3400    1000    1800    400     300     1300    1100    200     0       200     0       100     400     800     100     400     200     500     500     
1411   1971 3000    2200    1300    1400    500     700     600     600     300     100     0       400     200     100     400     200     100     300     300     
1411   1972 5000    1600    3300    800     1100    2200    400     400     100     400     500     200     600     1000    600     400     0       0       800     
1411   1973 3600    2400    1800    2100    900     1200    0       1000    300     300     300     300     400     700     100     0       0       0       200     
1411   1974 4600    1900    2300    1800    400     1300    700     1000    600     100     200     100     300     800     200     700     0       0       600     
1411   1975 5100    3100    1900    2700    1400    300     1200    900     1200    400     200     800     0       200     100     600     100     500     100     
1411   1976 2800    1200    1000    600     800     200     300     0       500     0       300     500     0       100     100     0       0       300     1000    
1411   1977 2700    2400    400     1600    500     300     900     400     200     500     0       0       100     0       200     100     0       800     400     
1411   1978 2700    2500    1100    800     1100    700     500     400     0       900     0       200     200     200     300     200     0       300     0       
1411   1979 3500    1000    1800    0       1100    1300    400     0       0       700     100     300     200     200     900     100     0       300     700     
1411   1980 3000    1100    2500    800     400     1800    600     100     0       0       300     100     1200    300     300     300     300     0       100     
1411   1981 2400    700     1400    400     600     600     900     300     0       0       100     500     100     300     200     200     400     300     0       
1411   1982 4000    2400    900     1000    900     500     1000    100     900     700     0       200     0       400     100     200     400     400     600     
1411   1983 4100    2000    3200    1000    2100    500     1000    400     0       200     1300    600     300     100     100     800     200     0       100     
1411   1984 4500    1100    2500    900     1300    800     900     300     500     0       400     900     400     100     300     400     500     0       700     
1411   1985 2400    1500    1800    800     400     1300    600     100     0       200     0       200     300     300     700     300     0       300     0       
1411   1986 5100    2000    2000    400     2400    900     1200    400     0       1300    500     600     800     100     0       0       500     700     200     
1411   1987 2100    1600    300     300     300     100     1500    100     0       100     100     100     0       0       100     0       1500    0       100     
1411   1988 5500    2900    3700    1300    700     2300    1300    400     800     100     500     100     900     700     700     800     400     100     0       
1411   1989 7600    2900    3700    1200    3200    900     1800    800     400     1200    1300    700     200     0       700     800     0       1000    500     
1411   1990 6700    4200    2800    2500    2200    1300    300     0       2000    700     1000    500     0       500     800     0       300     0       900     
1411   1991 4200    2200    2400    1800    800     1600    300     800     100     100     700     0       200     600     800     100     100     100     600     
1411   1992 6200    3000    2600    2000    1800    800     1000    800     600     800     200     800     700     100     0       800     100     100     1200    
1411   1993 3800    2500    2200    2100    1500    900     200     400     500     200     700     600     0       400     500     0       0       200     300     
1411   1994 3400    800     1800    600     1100    600     600     100     200     0       800     300     200     200     200     100     400     100     800     
1411   1995 4200    3500    1600    2300    1000    1100    400     700     800     700     100     200     600     0       500     200     100     100     200     
1411   1996 3500    1400    1300    1000    300     1100    1000    700     100     200     100     0       100     0       1000    100     600     300     300     
1411   1997 4300    2100    2400    800     600     1800    500     200     300     400     0       200     600     800     400     400     0       100     900     
1411   1998 5300    2400    2500    1800    1200    1300    1200    700     200     500     500     200     100     900     300     500     200     500     700     
1411   1999 5400    2700    3000    1600    1400    1700    1300    600     300     400     700     300     800     800     100     300     300     700     100     
1411   2000 8000    2000    3300    700     1600    1700    3400    200     400     300     500     800     600     900     200     300     1400    1700    700     
1411   2001 5400    4900    3400    1800    800     1400    1800    900     200     0       500     300     400     600     400     1200    100     500     300     
1411   2002 6300    2200    4900    1100    2200    3100    100     500     300     500     1100    600     900     1300    900     100     0       0       100     
1411   2003 6700    2100    3700    900     2500    2100    900     0       800     1200    400     900     100     1300    700     300     100     500     400     
1411   2004 6200    2000    4100    900     1600    1900    1600    400     100     500     500     600     0       1000    900     1100    100     400     600     
1411   2005 7200    2400    3900    1700    600     3000    2200    700     400     200     300     100     600     1100    1300    500     1100    600     300     
1411   2006 6100    2700    3500    800     900     2000    1900    300     200     200     400     300     600     600     800     800     100     1000    800     
1411   2007 5600    2600    2300    1000    1400    1200    1600    200     0       500     400     500     100     500     600     200     1200    200     1200    
1411   2008 4700    4800    1300    2800    1100    700     300     1200    400     600     300     200     100     300     300     100     100     100     1000    
1411   2009 5100    2500    -999999 1800    1100    -999999 1600    800     0       500     100     500     -999999 300     600     500     0       1100    500     
1411   2010 4000    2200    2900    1100    1500    1300    600     600     0       0       600     900     0       1000    300     100     500     0       0       
1411   2011 7900    1300    4300    200     1500    2100    2700    100     100     600     600     300     800     700     600     1300    400     1000    1400    
1411   2012 3300    3500    1400    1600    1200    600     1100    100     100     500     300     400     0       500     100     100     300     700     200     
1411   2013 5200    2200    3300    1200    900     1500    900     600     400     0       300     600     300     600     600     900     0       0       900     
1411   2014 7500    4800    2400    3300    2600    1000    800     800     1600    1500    700     400     300     300     400     300     400     100     700     
1411   2015 7000    3500    3500    2000    2500    800     2100    400     900     1000    1100    400     100     200     500     1200    300     600     300     
1411   2016 6700    3200    3400    1400    1900    1100    2200    300     800     900     900     100     300     600     200     1300    100     800     400     
1411   2017 3700    2700    1700    1300    800     1000    800     500     400     500     100     200     300     100     600     400     200     200     200     
1411   2018 5400    1200    3300    800     1300    1300    1800    200     400     0       100     1200    0       500     800     700     200     900     400     
1411   2019 5100    2600    2800    1200    1000    1600    1000    200     600     300     400     300     200     200     1200    500     0       500     700     
1411   2020 7800    2900    2300    1800    1000    1400    2700    600     500     600     200     200     500     300     600     500     1000    1200    1600    
1411   2021 4200    4400    2100    1600    1100    1500    1200    0       0       600     300     200     300     600     600     100     700     400     400     
