EUROPEAN CLIMATE ASSESSMENT & DATASET (ECA&D), file created on: 20-01-2022
THESE DATA CAN BE USED FOR NON-COMMERCIAL RESEARCH AND EDUCATION PROVIDED THAT THE FOLLOWING SOURCE IS ACKNOWLEDGED: 

Klein Tank, A.M.G. and Coauthors, 2002. Daily dataset of 20th-century surface
air temperature and precipitation series for the European Climate Assessment.
Int. J. of Climatol., 22, 1441-1453.
Data and metadata available at http://www.ecad.eu

FILE FORMAT (MISSING VALUE CODE = -999999):

THIS FILE HOLDS DATA FOR STATION ROMANIA                                  OCNA SUGATAG                             (STAID:    948)
LATITUDE: dd:mm:ss +47:46:59
LONGITUDE: ddd:mm:ss +023:55:59
ELEVATION: m  504

DATA IS FOR INDEX Days with TN > 90th percentile of daily min temp (warm nights) (TN90p) with unit 0.01 No of days

01-06 SOUID: Source identifier
08-11 YEAR : YYYY
13-20 ANNUAL DATA VALUES
21-28 WINTER HALF YEAR DATA VALUES
29-36 SUMMER HALF YEAR DATA VALUES
37-44 WINTER (DJF) DATA VALUES
45-52 SPRING (MAM) DATA VALUES
53-60 SUMMER (JJA) DATA VALUES
61-68 AUTUMN (SON) DATA VALUES
69-76 JANUARY DATA VALUES
etc. 
157-164 DECEMBER DATA VALUES

948    1961 4900    -999999 1700    -999999 1100    1000    1300    400     100     500     600     0       400     200     400     100     500     700     1000    
948    1962 4100    3200    2300    1800    500     1700    1000    800     0       200     300     0       600     200     900     300     0       700     100     
948    1963 4300    1100    2700    400     200     1600    2200    300     0       0       100     100     500     500     600     900     100     1200    0       
948    1964 2500    1400    1700    0       400     1200    700     0       0       100     300     0       700     400     100     200     400     100     200     
948    1965 2800    1200    1800    400     500     1000    700     200     0       300     0       200     600     200     200     600     100     0       400     
948    1966 5900    2700    2000    2000    1600    1000    1500    0       1600    600     900     100     0       200     800     0       1100    400     200     
948    1967 5400    2300    3200    300     1600    1400    2000    0       100     500     500     600     500     200     700     700     800     500     300     
948    1968 5400    2400    3400    900     1600    1300    1800    100     500     200     800     600     700     500     100     700     200     900     100     
948    1969 2900    2000    1200    600     1300    100     900     200     300     300     200     800     0       0       100     100     0       800     100     
948    1970 3700    2200    1600    1100    500     600     1400    900     100     300     200     0       200     400     0       800     0       600     200     
948    1971 2300    2100    800     1400    100     800     200     1000    200     100     0       0       0       400     400     0       100     100     0       
948    1972 4900    1800    3100    1200    1800    1600    100     200     1000    400     1100    300     900     600     100     100     0       0       200     
948    1973 3700    1100    1800    1100    600     600     1000    500     400     0       100     500     200     400     0       600     400     0       600     
948    1974 3000    2300    1200    1400    500     1200    200     100     700     500     0       0       100     200     900     0       200     0       300     
948    1975 4200    1600    2700    500     2200    1100    700     200     0       900     400     900     500     300     300     300     300     100     0       
948    1976 1800    400     400     0       100     100     1500    0       0       0       100     0       0       100     0       200     900     400     100     
948    1977 4300    4200    1400    1800    2000    500     100     700     1000    1100    200     700     400     0       100     0       0       100     0       
948    1978 2400    1100    500     500     800     200     100     200     300     500     100     200     200     0       0       0       100     0       800     
948    1979 4700    2400    1400    2000    900     700     1100    600     600     300     100     500     300     0       400     100     400     600     800     
948    1980 1800    2000    800     900     300     600     700     0       100     100     0       200     100     200     300     0       700     0       100     
948    1981 3700    1300    2100    100     800     1100    1700    0       0       500     100     200     800     200     100     700     800     200     100     
948    1982 4000    1500    1900    400     500     700     1400    300     0       100     0       400     300     100     300     800     500     100     1100    
948    1983 4400    2800    2800    1700    2500    500     400     400     200     500     1100    900     300     100     100     300     0       100     400     
948    1984 2600    1000    900     800     300     300     1600    100     300     100     200     0       0       300     0       400     1000    200     0       
948    1985 3900    1500    2800    300     1200    1500    400     300     0       0       0       1200    100     400     1000    100     300     0       500     
948    1986 4200    1100    3800    600     1800    1600    700     100     0       200     800     800     800     100     700     600     0       100     0       
948    1987 4300    1400    2500    1100    300     1800    1100    400     700     200     100     0       400     1200    200     600     0       500     0       
948    1988 3600    2300    1800    1700    300     1600    0       1200    500     100     0       200     0       1100    500     0       0       0       0       
948    1989 5100    1000    2200    300     1700    1100    1100    0       300     700     800     200     0       500     600     100     600     400     900     
948    1990 3500    3400    900     1800    900     500     1000    500     400     600     200     100     100     400     0       100     200     700     200     
948    1991 4400    2600    2100    1100    600     1600    1300    800     100     600     0       0       400     1000    200     500     600     200     0       
948    1992 5300    1400    3600    300     900     2800    900     300     0       300     400     200     400     400     2000    200     400     300     400     
948    1993 4000    1700    1800    900     400     1300    1200    500     0       100     0       300     500     400     400     200     800     200     600     
948    1994 8100    3300    5100    1900    1100    2700    2600    1100    200     400     200     500     600     900     1200    1700    800     100     400     
948    1995 4000    2800    1900    1400    700     1500    500     0       1000    500     0       200     500     800     200     200     200     100     300     
948    1996 4300    1100    2700    800     1100    1500    900     500     0       0       300     800     900     400     200     100     200     600     300     
948    1997 3500    1300    1300    500     200     700     1600    0       200     0       0       200     300     200     200     400     400     800     800     
948    1998 5300    3900    2700    2300    800     2100    900     1300    200     400     300     100     800     700     600     200     600     100     0       
948    1999 -999999 1700    3100    400     600     2400    -999999 400     0       600     0       0       600     1100    700     700     600     -999999 -999999 
948    2000 -999999 -999999 -999999 -999999 -999999 -999999 -999999 -999999 -999999 -999999 -999999 -999999 -999999 -999999 -999999 -999999 -999999 -999999 -999999 
948    2001 6700    -999999 2700    -999999 1800    1800    1400    1100    600     1200    300     300     200     900     700     300     1000    100     0       
948    2002 9000    3500    4900    1600    2000    3500    1300    600     1000    800     200     1000    900     2100    500     200     400     700     600     
948    2003 5100    1800    3800    700     1600    2100    1100    100     0       0       0       1600    700     600     800     100     400     600     200     
948    2004 3600    2000    1400    500     600     1200    1300    100     200     500     100     0       100     800     300     100     800     400     200     
948    2005 3300    1600    2500    300     1000    1400    700     100     0       100     300     600     300     500     600     200     500     0       100     
948    2006 4100    1000    2100    400     500     1400    1200    200     100     100     200     200     400     500     500     300     500     400     700     
948    2007 5900    3800    3600    2300    1800    2300    100     1300    300     600     0       1200    300     1000    1000    100     0       0       100     
948    2008 6100    2200    2400    1400    1800    1200    1000    600     700     800     400     600     300     200     700     200     400     400     800     
948    2009 6100    3600    1600    2200    1100    1100    1800    900     500     600     100     400     400     400     300     0       1100    700     700     
948    2010 7600    4200    4000    1700    1500    3000    1600    500     500     700     200     600     700     800     1500    200     0       1400    500     
948    2011 5400    3500    3000    1500    800     2300    600     1000    0       600     0       200     700     800     800     500     100     0       700     
948    2012 7400    1200    6000    900     1600    3800    1400    200     0       200     700     700     1300    1700    800     800     300     300     400     
948    2013 7000    2300    3100    1200    1900    1700    2200    600     200     500     700     700     700     600     400     0       1200    1000    400     
948    2014 7700    6200    2100    3000    1400    1300    1600    1600    1000    1000    300     100     200     600     500     400     700     500     800     
948    2015 7600    3800    4700    2200    1000    2700    2100    900     500     400     200     400     700     1100    900     1400    300     400     400     
948    2016 6300    3700    3300    2000    2200    1500    1000    400     1200    1000    1200    0       900     500     100     600     200     200     0       
948    2017 5600    2300    2800    700     1500    2300    600     0       700     1200    100     200     700     500     1100    200     400     0       500     
948    2018 8600    2700    5200    1600    2500    2900    2000    900     200     700     1200    600     1200    700     1000    500     800     700     100     
948    2019 8600    2800    4300    600     1400    3300    2000    100     400     700     300     400     1700    500     1100    300     400     1300    1400    
948    2020 5900    4500    2300    1900    1000    2000    1300    0       500     900     0       100     1000    400     600     200     900     200     1100    
948    2021 4300    3600    2700    2500    200     2400    300     600     800     0       0       200     500     1400    500     100     100     100     0       
