EUROPEAN CLIMATE ASSESSMENT & DATASET (ECA&D), file created on: 20-01-2022
THESE DATA CAN BE USED FOR NON-COMMERCIAL RESEARCH AND EDUCATION PROVIDED THAT THE FOLLOWING SOURCE IS ACKNOWLEDGED: 

Klein Tank, A.M.G. and Coauthors, 2002. Daily dataset of 20th-century surface
air temperature and precipitation series for the European Climate Assessment.
Int. J. of Climatol., 22, 1441-1453.
Data and metadata available at http://www.ecad.eu

FILE FORMAT (MISSING VALUE CODE = -999999):

THIS FILE HOLDS DATA FOR STATION UNITED KINGDOM                           CAPE WRATH                               (STAID:   2112)
LATITUDE: dd:mm:ss +58:37:48
LONGITUDE: ddd:mm:ss -005:00:00
ELEVATION: m  112

DATA IS FOR INDEX Days with TN > 90th percentile of daily min temp (warm nights) (TN90p) with unit 0.01 No of days

01-06 SOUID: Source identifier
08-11 YEAR : YYYY
13-20 ANNUAL DATA VALUES
21-28 WINTER HALF YEAR DATA VALUES
29-36 SUMMER HALF YEAR DATA VALUES
37-44 WINTER (DJF) DATA VALUES
45-52 SPRING (MAM) DATA VALUES
53-60 SUMMER (JJA) DATA VALUES
61-68 AUTUMN (SON) DATA VALUES
69-76 JANUARY DATA VALUES
etc. 
157-164 DECEMBER DATA VALUES

2112   1960 5400    -999999 3700    -999999 2800    1300    600     300     300     900     700     1200    800     100     400     500     100     0       100     
2112   1961 5100    2400    1600    1000    2300    100     1200    0       900     1300    800     200     0       0       100     500     500     200     600     
2112   1962 3600    2100    800     1400    200     400     1800    500     300     0       100     100     300     0       100     200     600     1000    400     
2112   1963 1800    2100    900     500     200     500     1000    100     0       0       200     0       300     200     0       200     100     700     0       
2112   1964 3100    2400    1000    1400    800     300     600     700     700     200     200     400     300     0       0       100     400     100     0       
2112   1965 2500    1500    1100    700     400     900     500     200     500     300     100     0       0       500     400     100     200     200     0       
2112   1966 2300    1300    1400    700     500     900     200     500     200     200     200     100     800     100     0       200     0       0       0       
2112   1967 3700    1100    1700    900     300     700     1400    600     300     200     100     0       100     200     400     900     0       500     400     
2112   1968 -999999 1500    2400    800     1300    700     -999999 300     100     200     800     300     400     0       300     600     500     -999999 400     
2112   1969 3200    -999999 2400    900     500     1600    500     500     0       0       400     100     500     300     800     300     200     0       100     
2112   1970 4300    700     2900    500     400     1800    1500    400     0       0       100     300     1300    0       500     700     600     200     200     
2112   1971 5400    3000    2400    1800    1600    500     1200    600     1000    400     400     800     0       500     0       700     200     300     500     
2112   1972 2700    1600    700     600     600     500     600     0       100     500     0       100     0       400     100     100     400     100     900     
2112   1973 3500    2700    1600    1400    1100    1000    900     300     200     800     100     200     200     100     700     300     200     400     0       
2112   1974 4800    1900    3000    900     2200    900     300     300     600     400     800     1000    200     200     500     300     0       0       500     
2112   1975 4600    1300    2000    1300    100     1700    1300    300     500     0       0       100     500     200     1000    200     900     200     700     
2112   1976 5600    2700    4200    1400    1100    3000    800     400     300     200     500     400     700     900     1400    300     0       500     0       
2112   1977 3600    1300    1500    600     700     900     1000    600     0       200     0       500     100     300     500     100     900     0       400     
2112   1978 3100    1900    1600    700     1000    900     800     300     0       300     0       700     600     200     100     0       600     200     100     
2112   1979 1100    1000    400     200     100     100     800     0       100     0       100     0       0       100     0       200     400     200     0       
2112   1980 3000    1400    1400    800     1200    100     400     0       800     0       300     900     100     0       0       100     0       300     500     
2112   1981 3000    2000    1700    1100    1900    100     300     500     100     600     700     600     0       0       100     300     0       0       100     
2112   1982 -999999 -999999 -999999 700     -999999 1700    400     200     400     -999999 -999999 600     500     500     700     100     0       300     100     
2112   1983 4400    900     2100    100     700     1700    1700    0       0       500     0       200     200     800     700     200     400     1100    300     
2112   1984 3600    2600    2200    1000    600     1600    400     0       700     100     400     100     200     600     800     100     100     200     300     
2112   1985 2600    1000    1100    700     400     500     1000    0       400     0       300     100     100     300     100     200     800     0       300     
2112   1986 2100    1300    1400    300     400     1200    500     0       0       200     0       200     600     600     0       0       300     200     0       
2112   1987 3800    1200    1500    700     600     600     900     500     200     0       600     0       100     400     100     300     100     500     1000    
2112   1988 4200    2400    1900    1700    1000    500     1200    400     300     100     400     500     200     200     100     500     200     500     800     
2112   1989 5300    2900    2700    2000    1000    1800    1000    1000    200     200     200     600     800     900     100     100     200     700     300     
2112   1990 5500    2500    3200    1100    1100    2300    1200    500     300     500     200     400     300     1300    700     300     300     600     100     
2112   1991 6100    2100    4000    300     1400    2400    1800    100     100     900     400     100     0       1700    700     1100    300     400     300     
