EUROPEAN CLIMATE ASSESSMENT & DATASET (ECA&D), file created on: 20-01-2022
THESE DATA CAN BE USED FOR NON-COMMERCIAL RESEARCH AND EDUCATION PROVIDED THAT THE FOLLOWING SOURCE IS ACKNOWLEDGED: 

Klein Tank, A.M.G. and Coauthors, 2002. Daily dataset of 20th-century surface
air temperature and precipitation series for the European Climate Assessment.
Int. J. of Climatol., 22, 1441-1453.
Data and metadata available at http://www.ecad.eu

FILE FORMAT (MISSING VALUE CODE = -999999):

THIS FILE HOLDS DATA FOR STATION RUSSIAN FEDERATION                       NADY'M                                   (STAID:   8075)
LATITUDE: dd:mm:ss +65:28:00
LONGITUDE: ddd:mm:ss +072:40:00
ELEVATION: m   14

DATA IS FOR INDEX Days with TN > 90th percentile of daily min temp (warm nights) (TN90p) with unit 0.01 No of days

01-06 SOUID: Source identifier
08-11 YEAR : YYYY
13-20 ANNUAL DATA VALUES
21-28 WINTER HALF YEAR DATA VALUES
29-36 SUMMER HALF YEAR DATA VALUES
37-44 WINTER (DJF) DATA VALUES
45-52 SPRING (MAM) DATA VALUES
53-60 SUMMER (JJA) DATA VALUES
61-68 AUTUMN (SON) DATA VALUES
69-76 JANUARY DATA VALUES
etc. 
157-164 DECEMBER DATA VALUES

8075   1959 -999999 -999999 -999999 -999999 -999999 -999999 600     -999999 -999999 -999999 -999999 -999999 -999999 300     400     300     0       300     300     
8075   1960 1900    700     1100    400     700     400     100     100     0       0       300     400     300     0       100     0       0       100     600     
8075   1961 4200    3200    1600    1300    2500    600     400     300     400     1800    600     100     300     0       300     300     0       100     0       
8075   1962 7300    2400    3900    2000    2200    1200    1600    1100    900     300     700     1200    500     500     200     800     100     700     300     
8075   1963 2600    1400    1500    600     800     500     900     100     200     0       200     600     100     200     200     200     500     200     100     
8075   1964 3500    1200    2500    500     800     900     900     100     300     0       0       800     300     400     200     800     100     0       500     
8075   1965 1300    1100    700     900     300     500     0       400     0       100     100     100     100     300     100     0       0       0       100     
8075   1966 2600    500     1600    500     300     1000    600     400     0       0       100     200     300     600     100     300     0       300     300     
8075   1967 6200    1400    2900    700     1300    1600    2500    300     100     400     700     200     600     400     600     400     1100    1000    400     
8075   1968 2700    3700    1300    900     1200    800     200     0       500     700     200     300     0       400     400     0       200     0       0       
8075   1969 1500    500     400     200     100     300     600     100     100     100     0       0       0       200     100     100     0       500     300     
8075   1970 2000    1300    900     700     100     600     900     300     100     100     0       0       100     500     0       300     500     100     0       
8075   1971 3400    1300    900     700     300     400     1300    600     100     0       100     200     100     200     100     200     100     1000    700     
8075   1972 2100    2600    700     1300    500     400     400     200     400     200     300     0       300     0       100     0       400     0       200     
8075   1973 3700    1100    2200    500     1100    1300    800     0       300     200     500     400     200     200     900     0       200     600     200     
8075   1974 1900    1000    1100    200     500     400     500     0       0       0       400     100     0       400     0       200     300     0       500     
8075   1975 2500    1500    1600    1000    800     700     500     400     100     200     600     0       100     600     0       300     0       200     0       
8075   1976 -999999 -999999 -999999 -999999 -999999 -999999 -999999 -999999 -999999 -999999 -999999 300     500     300     -999999 -999999 -999999 -999999 200     
8075   1977 -999999 -999999 -999999 -999999 -999999 -999999 -999999 -999999 -999999 -999999 -999999 -999999 -999999 -999999 -999999 -999999 -999999 -999999 -999999 
8075   1978 1900    -999999 300     -999999 500     100     900     200     100     400     100     0       0       100     0       100     600     200     100     
8075   1979 3200    1100    2300    300     600     800     1400    0       200     0       200     400     100     300     400     900     0       500     200     
8075   1980 3700    1400    2100    700     1500    400     1000    0       500     200     700     600     100     0       300     400     500     100     300     
8075   1981 7600    2300    3800    1500    800     2600    2100    1100    100     200     400     200     800     0       1800    600     900     600     900     
8075   1982 5500    2600    3200    1100    1900    1200    900     100     100     0       1000    900     500     300     400     100     0       800     1300    
8075   1983 5200    3400    2200    2500    200     1800    1400    800     400     100     100     0       1100    400     300     300     700     400     600     
8075   1984 6500    4300    2800    2500    1100    1900    900     900     1000    700     0       400     1000    700     200     500     400     0       700     
8075   1985 3100    1300    2200    800     500     1000    1500    100     0       100     300     100     200     300     500     800     400     300     0       
8075   1986 4500    1500    1600    400     1400    500     1800    300     100     400     200     800     100     200     200     100     700     1000    400     
8075   1987 3400    2800    1900    1000    1100    600     900     300     300     100     400     600     0       300     300     300     600     0       200     
8075   1988 3200    1600    1400    700     500     800     1100    100     400     300     0       200     200     200     400     400     600     100     300     
8075   1989 6000    3000    2700    1100    2100    1500    1300    200     600     1200    0       900     500     600     400     300     600     400     300     
8075   1990 5000    2700    3200    1000    1800    2000    200     0       700     700     500     600     600     900     500     100     100     0       300     
8075   1991 6500    1300    3900    1200    2000    1300    1900    700     200     0       1100    900     900     300     100     600     400     900     400     
8075   1992 4300    3200    2200    1500    1100    1300    300     200     900     400     0       700     200     200     900     200     100     0       500     
8075   1993 5000    2900    2400    2200    700     2200    300     1100    600     600     0       100     900     800     500     100     100     100     100     
8075   1994 5100    1400    3200    400     1600    2200    600     300     0       800     700     100     900     700     600     200     400     0       400     
8075   1995 9500    5300    4100    3800    3600    1200    1100    1400    2000    1100    1600    900     0       300     900     400     600     100     200     
8075   1996 4100    2000    900     1300    500     400     1600    400     700     0       0       500     200     200     0       0       500     1100    500     
8075   1997 5500    3000    3500    800     3000    500     1700    0       300     600     1000    1400    400     0       100     600     1100    0       0       
8075   1998 3400    2000    2300    400     1400    1400    0       400     0       500     0       900     100     600     700     0       0       0       200     
8075   1999 3500    1100    900     1100    200     700     1200    200     700     0       0       200     0       400     300     0       1000    200     500     
8075   2000 6100    3200    3900    1200    2500    1800    1100    400     300     800     400     1300    1000    0       800     400     500     200     0       
8075   2001 4500    1100    3500    400     1200    2300    500     0       400     0       200     1000    1100    200     1000    0       200     300     100     
8075   2002 4900    2000    2900    1000    1800    1600    600     300     600     500     300     1000    1000    400     200     0       400     200     0       
8075   2003 7000    1400    4800    400     1700    3300    1200    200     200     400     100     1200    1100    500     1700    200     800     200     400     
8075   2004 4400    3200    1700    1600    1000    1300    900     500     700     600     0       400     1100    100     100     0       0       900     0       
8075   2005 7300    2100    3900    1000    1800    1900    2200    900     100     200     300     1300    700     900     300     400     1000    800     400     
8075   2006 3100    2900    2000    800     800     1200    300     100     300     300     0       500     700     500     0       300     0       0       400     
8075   2007 7500    2200    3600    2100    1400    2100    1600    1700    0       100     1200    100     400     1400    300     200     900     500     700     
8075   2008 5600    4500    1800    2700    1300    600     1400    900     1100    400     400     500     100     0       500     300     800     300     300     
8075   2009 3800    1700    2700    600     500     1300    1700    300     0       0       400     100     300     100     900     900     800     0       0       
8075   2010 3500    1200    1100    100     1000    400     1900    100     0       300     500     200     200     0       200     0       1100    800     100     
8075   2011 7400    3200    3800    600     2500    1200    2500    100     400     700     900     900     1200    0       0       800     1400    300     700     
8075   2012 6400    3700    4800    1900    1800    2700    700     300     900     100     700     1000    1900    800     0       400     200     100     0       
8075   2013 2800    900     1200    600     600     600     900     0       600     0       500     100     300     200     100     0       100     800     100     
8075   2014 5200    2000    2700    200     2300    1300    400     0       100     900     700     700     900     100     300     0       200     200     1100    
8075   2015 6700    3200    4300    1900    3200    1800    600     200     600     900     500     1800    1500    0       300     200     100     300     300     
8075   2016 10200   3700    6500    2800    2200    3300    2000    400     2100    500     900     800     1900    500     900     1500    400     100     200     
8075   2017 5700    2800    1300    500     2000    1100    1000    200     100     1800    200     0       700     0       400     0       500     500     1300    
8075   2018 4400    3400    2200    2400    300     1100    1500    800     300     0       300     0       600     300     200     800     500     200     400     
8075   2019 -999999 2700    -999999 1000    1800    -999999 -999999 300     300     1000    200     600     200     -999999 -999999 -999999 -999999 -999999 -999999 
8075   2020 -999999 -999999 -999999 -999999 -999999 -999999 -999999 -999999 -999999 -999999 -999999 -999999 -999999 -999999 -999999 -999999 -999999 -999999 -999999 
8075   2021 -999999 -999999 -999999 -999999 -999999 -999999 -999999 -999999 -999999 -999999 -999999 -999999 -999999 -999999 -999999 -999999 -999999 -999999 -999999 
