EUROPEAN CLIMATE ASSESSMENT & DATASET (ECA&D), file created on: 20-01-2022
THESE DATA CAN BE USED FOR NON-COMMERCIAL RESEARCH AND EDUCATION PROVIDED THAT THE FOLLOWING SOURCE IS ACKNOWLEDGED: 

Klein Tank, A.M.G. and Coauthors, 2002. Daily dataset of 20th-century surface
air temperature and precipitation series for the European Climate Assessment.
Int. J. of Climatol., 22, 1441-1453.
Data and metadata available at http://www.ecad.eu

FILE FORMAT (MISSING VALUE CODE = -999999):

THIS FILE HOLDS DATA FOR STATION GREECE                                   KOZANI                                   (STAID:    835)
LATITUDE: dd:mm:ss +40:16:48
LONGITUDE: ddd:mm:ss +021:49:48
ELEVATION: m  626

DATA IS FOR INDEX Days with TN > 90th percentile of daily min temp (warm nights) (TN90p) with unit 0.01 No of days

01-06 SOUID: Source identifier
08-11 YEAR : YYYY
13-20 ANNUAL DATA VALUES
21-28 WINTER HALF YEAR DATA VALUES
29-36 SUMMER HALF YEAR DATA VALUES
37-44 WINTER (DJF) DATA VALUES
45-52 SPRING (MAM) DATA VALUES
53-60 SUMMER (JJA) DATA VALUES
61-68 AUTUMN (SON) DATA VALUES
69-76 JANUARY DATA VALUES
etc. 
157-164 DECEMBER DATA VALUES

835    1958 5800    -999999 3600    -999999 1500    2200    500     200     700     100     200     1200    800     500     900     0       0       500     700     
835    1959 1700    1800    700     900     900     200     0       200     0       400     300     200     0       100     100     0       0       0       400     
835    1960 3900    1700    1100    1600    500     600     600     400     800     100     0       400     100     0       500     100     500     0       1000    
835    1961 3100    1900    1300    1000    1300    200     1100    0       0       400     700     200     100     100     0       200     100     800     500     
835    1962 5200    2400    3400    800     1900    1900    1100    300     0       700     800     400     500     600     800     300     200     600     0       
835    1963 4500    1900    1900    1000    300     1200    1300    800     200     100     200     0       200     400     600     500     100     700     700     
835    1964 3900    2000    1900    1000    400     1500    1400    0       300     200     100     100     700     400     400     200     400     800     300     
835    1965 3800    2600    1400    900     700     900     800     500     100     500     0       200     400     300     200     300     300     200     800     
835    1966 6300    2300    2700    1600    1000    1700    2300    300     500     200     800     0       300     200     1200    200     1700    400     500     
835    1967 3000    3100    1800    700     1000    800     600     100     100     300     400     300     0       200     600     300     300     0       400     
835    1968 3300    1700    2000    1300    1400    500     300     200     700     100     600     700     100     400     0       200     0       100     200     
835    1969 2000    700     1300    300     900     500     400     0       100     300     0       600     300     100     100     200     0       200     100     
835    1970 2400    1900    500     1500    200     400     200     1000    400     200     0       0       300     100     0       100     100     0       200     
835    1971 600     800     100     700     100     0       0       500     0       0       0       100     0       0       0       0       0       0       0       
835    1972 1200    700     400     600     200     300     100     200     400     100     100     0       200     0       100     0       0       100     0       
835    1973 4100    300     3200    200     1100    1600    1100    200     0       0       0       1100    600     700     300     500     600     0       100     
835    1974 2600    1900    900     1300    0       800     600     600     600     0       0       0       200     200     400     100     500     0       0       
835    1975 3200    800     2700    0       1100    1200    800     0       0       300     600     200     700     400     100     700     0       100     100     
835    1976 2400    700     400     600     400     0       1300    300     200     0       200     200     0       0       0       0       700     600     200     
835    1977 5100    3600    2500    1800    1400    1100    900     700     900     500     300     600     400     300     400     500     200     200     100     
835    1978 3700    2300    800     600     1700    400     200     200     300     1300    300     100     200     200     0       0       200     0       900     
835    1979 3600    3000    700     2300    700     500     300     300     1100    500     0       200     300     100     100     0       0       300     700     
835    1980 3700    1800    1400    1400    100     1100    1700    200     500     100     0       0       0       500     600     300     500     900     100     
835    1981 5200    2900    2400    200     1800    1300    1500    0       100     1300    500     0       900     100     300     600     900     0       500     
835    1982 3700    1900    2200    800     900     900     700     300     0       200     500     200     700     100     100     600     100     0       900     
835    1983 1700    1600    900     1200    900     200     200     200     100     300     400     200     100     100     0       100     0       100     100     
835    1984 2600    1300    500     1000    300     300     1100    300     600     200     0       100     200     100     0       100     800     200     0       
835    1985 6500    1500    4700    500     2600    1800    800     400     100     0       700     1900    400     500     900     300     100     400     800     
835    1986 3900    2400    2500    1700    1000    1100    900     500     400     200     300     500     100     200     800     600     200     100     0       
835    1987 5400    1300    3700    1000    300     2000    1900    600     400     0       300     0       600     900     500     1400    300     200     200     
835    1988 5200    1300    3900    800     600     2700    900     500     100     0       0       600     300     1600    800     600     200     100     400     
835    1989 3200    1600    1600    800     1200    800     200     0       400     500     200     500     100     300     400     100     0       100     600     
835    1990 5500    2100    2600    1000    1900    1500    1500    100     300     1000    500     400     700     800     0       200     700     600     200     
835    1991 3500    2700    1300    300     1200    1000    1200    0       100     1100    100     0       600     200     200     200     700     300     0       
835    1992 4800    1700    2700    400     600     2100    1700    100     300     300     300     0       400     200     1500    300     1000    400     0       
835    1993 7300    2000    4300    100     1400    2900    2500    100     0       500     400     500     1000    900     1000    500     1400    600     400     
835    1994 8800    4100    6100    1300    1700    3100    2900    800     100     800     300     600     1000    800     1300    2100    700     100     200     
835    1995 4200    2400    2000    1200    800     1600    200     400     600     400     100     300     1100    400     100     0       0       200     600     
835    1996 4400    1300    3300    1100    900     2300    200     400     100     0       0       900     600     900     800     100     0       100     500     
835    1997 4400    1600    2500    1400    300     2200    900     800     100     100     0       200     1200    600     400     100     100     700     100     
835    1998 7900    2200    5700    1200    1300    4300    1100    600     500     200     700     400     1100    1600    1600    300     600     200     100     
835    1999 9000    1300    6500    400     1100    4600    2500    300     0       100     400     600     1500    1600    1500    900     1100    500     500     
835    2000 9600    2400    7400    600     2500    4200    2100    0       100     200     1500    800     1100    1400    1700    900     300     900     700     
835    2001 12300   4500    8400    1500    3200    6000    2300    500     300     1800    500     900     1300    2300    2400    1000    1000    300     0       
835    2002 7400    3400    4400    600     2400    3500    400     200     400     1500    600     300     1600    1200    700     0       400     0       500     
835    2003 12000   2300    8600    1800    2100    6300    2000    1300    0       100     0       2000    2200    1800    2300    300     800     900     300     
835    2004 11200   4200    6500    1500    2300    4600    2200    300     900     1000    800     500     1500    1500    1600    600     1000    600     900     
