EUROPEAN CLIMATE ASSESSMENT & DATASET (ECA&D), file created on: 20-01-2022
THESE DATA CAN BE USED FOR NON-COMMERCIAL RESEARCH AND EDUCATION PROVIDED THAT THE FOLLOWING SOURCE IS ACKNOWLEDGED: 

Klein Tank, A.M.G. and Coauthors, 2002. Daily dataset of 20th-century surface
air temperature and precipitation series for the European Climate Assessment.
Int. J. of Climatol., 22, 1441-1453.
Data and metadata available at http://www.ecad.eu

FILE FORMAT (MISSING VALUE CODE = -999999):

THIS FILE HOLDS DATA FOR STATION RUSSIAN FEDERATION                       BOL'SHOJ SHANTAR                         (STAID:   8405)
LATITUDE: dd:mm:ss +54:49:59
LONGITUDE: ddd:mm:ss +137:31:59
ELEVATION: m    9

DATA IS FOR INDEX Days with TN > 90th percentile of daily min temp (warm nights) (TN90p) with unit 0.01 No of days

01-06 SOUID: Source identifier
08-11 YEAR : YYYY
13-20 ANNUAL DATA VALUES
21-28 WINTER HALF YEAR DATA VALUES
29-36 SUMMER HALF YEAR DATA VALUES
37-44 WINTER (DJF) DATA VALUES
45-52 SPRING (MAM) DATA VALUES
53-60 SUMMER (JJA) DATA VALUES
61-68 AUTUMN (SON) DATA VALUES
69-76 JANUARY DATA VALUES
etc. 
157-164 DECEMBER DATA VALUES

8405   1926 -999999 -999999 -999999 -999999 -999999 -999999 -999999 -999999 -999999 -999999 -999999 -999999 -999999 -999999 100     -999999 100     500     900     
8405   1927 -999999 2300    1400    1300    1100    600     -999999 400     0       400     500     200     100     300     200     100     -999999 1100    400     
8405   1928 2500    -999999 1100    700     600     700     600     0       300     400     200     0       100     400     200     200     300     100     300     
8405   1929 -999999 1500    -999999 700     700     -999999 -999999 100     300     400     200     100     400     -999999 400     100     -999999 -999999 -999999 
8405   1930 -999999 -999999 1200    -999999 1100    400     400     100     100     600     100     400     0       100     300     300     0       100     -999999 
8405   1931 -999999 -999999 -999999 -999999 -999999 -999999 -999999 -999999 0       100     0       -999999 -999999 -999999 -999999 -999999 -999999 -999999 -999999 
8405   1932 -999999 -999999 -999999 -999999 -999999 -999999 -999999 -999999 -999999 -999999 -999999 -999999 -999999 -999999 -999999 -999999 -999999 -999999 -999999 
8405   1933 -999999 -999999 -999999 -999999 -999999 -999999 -999999 -999999 -999999 -999999 -999999 -999999 -999999 -999999 -999999 400     -999999 200     700     
8405   1934 -999999 -999999 -999999 1600    1000    -999999 -999999 600     300     200     300     500     900     -999999 -999999 -999999 -999999 -999999 -999999 
8405   1935 -999999 -999999 -999999 -999999 -999999 -999999 -999999 -999999 -999999 -999999 -999999 -999999 -999999 -999999 -999999 -999999 800     300     -999999 
8405   1936 2900    -999999 800     -999999 300     400     1200    400     200     200     100     0       100     0       300     300     400     500     400     
8405   1937 -999999 2100    -999999 700     600     1400    -999999 100     200     500     100     0       400     600     400     -999999 -999999 -999999 -999999 
8405   1938 -999999 -999999 -999999 -999999 -999999 -999999 -999999 -999999 -999999 -999999 -999999 -999999 -999999 -999999 -999999 -999999 0       300     100     
8405   1939 4200    1700    2200    300     2100    1000    600     0       200     1100    400     600     0       500     500     200     100     300     300     
8405   1940 2500    1400    900     800     400     500     200     400     100     200     0       200     0       200     300     200     0       0       900     
8405   1941 1400    1200    900     1100    500     300     400     0       200     100     200     200     200     0       100     200     100     100     0       
8405   1942 2700    500     1000    100     400     400     1600    0       100     200     100     100     100     200     100     400     600     600     200     
8405   1943 6100    3100    3200    1000    2200    1300    1300    600     200     900     100     1200    400     500     400     600     700     0       500     
8405   1944 4100    2000    2600    600     1400    1600    800     0       100     700     200     500     500     400     700     300     300     200     200     
8405   1945 3700    1700    -999999 700     1500    500     1200    0       500     500     1000    0       200     200     100     200     200     800     0       
8405   1946 2500    1200    1300    100     300     300     1300    100     0       100     200     0       100     0       200     800     100     400     500     
8405   1947 3500    1800    1500    1000    1100    400     1400    100     400     300     200     600     100     300     0       300     700     400     100     
8405   1948 5500    2400    2400    800     1300    1400    1900    300     400     500     500     300     100     600     700     200     800     900     200     
8405   1949 2500    2600    1300    900     100     800     800     500     200     0       100     0       400     400     0       400     200     200     100     
8405   1950 3200    1100    1900    400     800     1300    800     100     200     300     300     200     200     300     800     100     500     200     0       
8405   1951 -999999 -999999 800     -999999 500     400     1200    -999999 0       100     100     300     100     200     100     0       200     1000    -999999 
8405   1952 2100    -999999 1900    -999999 600     1300    200     0       0       0       300     300     300     100     900     0       200     0       0       
8405   1953 2000    800     900     300     700     300     600     200     100     300     400     0       100     0       200     200     400     0       100     
8405   1954 3800    1300    1500    800     800     500     1300    100     600     100     600     100     100     100     300     300     600     400     500     
8405   1955 3100    1700    1600    500     600     900     1000    0       0       200     0       400     400     400     100     300     200     500     600     
8405   1956 3300    2100    800     1200    700     100     1300    100     500     200     300     200     100     0       0       200     300     800     600     
8405   1957 4700    2700    2400    1600    500     1300    1900    300     700     0       0       500     400     600     300     600     800     500     0       
8405   1958 3400    1400    2100    100     500     700     1600    0       100     0       100     400     200     300     200     900     400     300     500     
8405   1959 -999999 1800    -999999 800     -999999 -999999 -999999 0       300     300     200     -999999 -999999 -999999 -999999 -999999 -999999 200     200     
8405   1960 1200    -999999 300     300     300     200     500     0       100     200     0       100     100     0       100     0       100     400     100     
8405   1961 3700    1000    1400    500     200     800     1400    200     200     0       200     0       200     100     500     400     300     700     900     
8405   1962 5500    2800    3800    1300    1300    2500    1100    300     100     500     100     700     700     1300    500     500     400     200     200     
8405   1963 5000    1500    3000    900     1000    2000    900     700     0       0       400     600     300     600     1100    0       600     300     400     
8405   1964 -999999 1900    1900    1000    1200    700     -999999 500     100     0       400     800     100     200     400     0       100     -999999 0       
8405   1965 2700    -999999 1500    600     100     200     1800    200     400     0       100     0       100     100     0       1200    600     0       0       
8405   1966 2100    1600    400     400     700     300     700     300     100     600     0       -999999 100     0       200     0       700     0       0       
8405   1967 3400    1600    1900    700     1200    800     500     300     400     200     400     600     200     200     400     100     100     300     200     
8405   1968 5400    2100    2900    1200    1400    1300    1600    300     700     500     300     600     200     600     500     700     300     600     100     
8405   1969 2900    1700    1200    700     500     600     1100    600     0       100     0       400     100     500     0       200     400     500     100     
8405   1970 3000    1800    1800    400     1200    600     600     200     100     500     300     400     0       400     200     500     0       100     300     
8405   1971 3200    1600    800     1000    600     500     1000    100     600     500     0       100     500     0       0       200     500     300     400     
8405   1972 4400    2300    2200    700     2100    300     1600    200     100     800     900     400     300     0       0       600     700     300     100     
8405   1973 2000    2100    300     800     400     200     500     500     200     300     0       100     100     0       100     0       400     100     200     
8405   1974 3600    1700    2100    1000    700     1100    1000    800     0       200     300     200     100     500     500     500     500     0       0       
8405   1975 3900    2100    1200    800     1600    400     1000    800     0       800     500     300     200     100     100     0       600     400     100     
8405   1976 3000    2200    700     700     800     400     1000    500     100     500     200     100     100     200     100     0       600     400     200     
8405   1977 2100    1400    1600    300     800     400     700     0       100     100     500     200     200     0       200     500     0       200     100     
8405   1978 2500    700     900     200     300     900     1000    0       100     300     0       0       200     400     300     0       400     600     200     
8405   1979 -999999 -999999 1300    -999999 500     700     300     -999999 400     0       200     300     200     100     400     100     100     100     100     
8405   1980 2400    400     900     200     100     800     300     0       100     0       0       100     300     300     200     0       0       300     1100    
8405   1981 4100    1700    2900    1400    1100    1800    500     100     200     0       400     700     900     600     300     0       500     0       400     
8405   1982 4100    2400    2200    1900    1200    700     700     400     1100    0       800     400     200     200     300     300     0       400     0       
8405   1983 4200    1400    2200    400     1100    500     1800    400     0       600     400     100     200     0       300     1200    0       600     400     
8405   1984 3700    1900    2500    1000    1500    1000    500     300     300     300     700     500     200     600     200     300     200     0       100     
8405   1985 4000    1400    2100    900     1000    900     1100    0       800     300     300     400     100     400     400     500     0       600     200     
8405   1986 3300    1600    1800    900     800     900     400     200     500     100     400     300     500     300     100     200     200     0       500     
8405   1987 1500    1300    800     700     500     700     100     100     100     400     100     0       600     100     0       0       100     0       0       
8405   1988 4000    1300    1100    600     800     700     600     200     400     600     100     100     300     200     200     200     100     300     1300    
8405   1989 9100    5000    4400    3300    2300    3200    1000    800     1200    1300    600     400     700     1200    1300    200     400     400     600     
8405   1990 7500    2600    4400    1200    2400    2400    1500    200     400     600     1000    800     800     1200    400     200     700     600     600     
8405   1991 5800    4100    2400    2700    1000    1500    600     1800    300     100     400     500     400     800     300     0       200     400     600     
8405   1992 5300    2200    2500    1400    1300    800     1500    400     400     200     500     600     300     200     300     600     700     200     900     
8405   1993 3800    2700    1700    1700    400     600     1600    100     700     100     100     200     100     200     300     800     700     100     400     
8405   1994 3000    2600    900     1200    900     500     600     0       800     600     0       300     200     0       300     100     400     100     200     
8405   1995 4100    1800    1500    1000    700     800     1200    500     300     300     0       400     400     0       400     300     300     600     600     
8405   1996 6500    2400    4300    1500    1200    2600    1600    400     500     0       600     600     800     1000    800     500     500     600     200     
8405   1997 8900    2800    5200    1300    2100    3400    1600    800     300     400     1000    700     1400    900     1100    100     1000    500     700     
8405   1998 3800    2900    2300    1100    800     1700    700     100     300     300     200     300     500     600     600     100     100     500     200     
8405   1999 3200    1300    900     700     400     300     1400    200     300     0       200     200     100     0       200     200     500     700     600     
8405   2000 5200    3200    3400    1800    1300    1500    1200    800     400     200     700     400     400     300     800     800     100     300     0       
8405   2001 3400    1800    1100    400     1500    400     1100    400     0       1000    100     400     100     0       300     200     300     600     0       
8405   2002 5700    2300    3600    1300    1900    1500    800     700     600     100     700     1100    700     500     300     300     500     0       200     
8405   2003 5300    1400    3200    400     1100    2200    1200    200     0       500     100     500     800     900     500     400     500     300     600     
8405   2004 4400    -999999 2200    800     -999999 900     2500    200     0       -999999 300     200     300     400     200     800     400     1300    100     
8405   2005 5600    3000    2200    600     1200    1400    2100    300     200     700     300     200     200     400     800     300     300     1500    400     
8405   2006 5200    2900    3100    800     700     2100    1600    400     0       300     200     200     100     300     1700    600     300     700     400     
8405   2007 5500    2900    2900    1000    1300    2200    1000    500     100     900     200     200     400     500     1300    300     400     300     400     
8405   2008 7000    3300    2800    1100    1900    2000    2000    200     500     1500    200     200     600     900     500     400     700     900     400     
8405   2009 6400    3500    3200    1100    1800    1600    1600    300     400     800     500     500     200     500     900     600     1000    0       700     
8405   2010 5100    2800    1500    1400    500     1300    1700    400     300     400     0       100     600     100     600     100     400     1200    900     
8405   2011 7000    4000    4400    1700    1300    3700    1000    600     200     700     500     100     500     2200    1000    100     400     500     200     
8405   2012 5500    1400    3200    400     1700    1100    2100    200     0       100     700     900     500     100     500     500     700     900     400     
8405   2013 5500    2500    2900    600     1300    1500    1800    200     0       300     600     400     500     100     900     400     200     1200    700     
8405   2014 7200    3000    5100    1100    2400    2900    1100    0       400     500     500     1400    1400    1000    500     300     400     400     400     
8405   2015 7600    3100    3700    1500    1300    2500    1700    600     500     800     500     0       600     700     1200    700     400     600     1000    
8405   2016 4500    2900    2800    1300    1700    1400    400     300     0       600     700     400     0       600     800     300     0       100     700     
8405   2017 7700    2600    5300    1900    1500    3700    900     500     700     600     100     800     800     1200    1700    700     200     0       400     
8405   2018 7300    1200    4200    700     1100    3100    2000    200     100     300     200     600     1500    1100    500     300     600     1100    800     
8405   2019 -999999 3500    -999999 1500    1700    -999999 -999999 500     200     300     700     700     500     -999999 -999999 -999999 -999999 -999999 -999999 
