EUROPEAN CLIMATE ASSESSMENT & DATASET (ECA&D), file created on: 20-01-2022
THESE DATA CAN BE USED FOR NON-COMMERCIAL RESEARCH AND EDUCATION PROVIDED THAT THE FOLLOWING SOURCE IS ACKNOWLEDGED: 

Klein Tank, A.M.G. and Coauthors, 2002. Daily dataset of 20th-century surface
air temperature and precipitation series for the European Climate Assessment.
Int. J. of Climatol., 22, 1441-1453.
Data and metadata available at http://www.ecad.eu

FILE FORMAT (MISSING VALUE CODE = -999999):

THIS FILE HOLDS DATA FOR STATION ESTONIA                                  SORVE                                    (STAID:  11364)
LATITUDE: dd:mm:ss +57:54:48
LONGITUDE: ddd:mm:ss +022:03:28
ELEVATION: m    3

DATA IS FOR INDEX Days with TN > 90th percentile of daily min temp (warm nights) (TN90p) with unit 0.01 No of days

01-06 SOUID: Source identifier
08-11 YEAR : YYYY
13-20 ANNUAL DATA VALUES
21-28 WINTER HALF YEAR DATA VALUES
29-36 SUMMER HALF YEAR DATA VALUES
37-44 WINTER (DJF) DATA VALUES
45-52 SPRING (MAM) DATA VALUES
53-60 SUMMER (JJA) DATA VALUES
61-68 AUTUMN (SON) DATA VALUES
69-76 JANUARY DATA VALUES
etc. 
157-164 DECEMBER DATA VALUES

11364  1901 4800    -999999 4300    -999999 500     2900    1200    200     0       0       100     400     200     1700    1000    900     300     0       0       
11364  1902 0       300     0       0       0       0       0       0       0       0       0       0       0       0       0       0       0       0       0       
11364  1903 -999999 3000    -999999 1700    -999999 -999999 -999999 300     1400    1300    900     -999999 -999999 -999999 -999999 -999999 -999999 -999999 -999999 
11364  1904 -999999 -999999 -999999 -999999 -999999 -999999 -999999 -999999 -999999 -999999 -999999 -999999 -999999 -999999 -999999 -999999 -999999 0       300     
11364  1905 -999999 -999999 -999999 700     -999999 -999999 200     0       400     100     -999999 -999999 -999999 -999999 -999999 100     0       100     500     
11364  1906 -999999 -999999 -999999 -999999 -999999 1400    600     -999999 -999999 -999999 -999999 1100    600     400     400     0       100     500     100     
11364  1907 1800    700     100     100     0       100     1700    0       0       0       0       0       0       100     0       0       1600    100     0       
11364  1908 2000    1900    900     200     0       900     600     0       200     0       0       0       0       800     100     0       600     0       300     
11364  1909 2300    900     200     300     0       100     2200    0       0       0       0       0       0       100     0       100     1900    200     0       
11364  1910 5800    3600    3400    700     2800    900     800     400     300     800     1000    1000    500     0       400     500     300     0       600     
11364  1911 3300    1200    2000    900     700     1100    1100    0       300     0       100     600     300     0       800     200     100     800     100     
11364  1912 2300    1300    1400    300     200     1300    0       100     100     100     100     0       100     400     800     0       0       0       600     
11364  1913 3600    1400    2100    1100    1300    500     900     400     100     300     700     300     0       100     400     600     0       300     400     
11364  1914 -999999 2200    -999999 1800    700     -999999 -999999 100     1300    100     600     0       800     2000    -999999 -999999 -999999 -999999 -999999 
11364  1915 -999999 -999999 -999999 -999999 -999999 -999999 -999999 -999999 -999999 -999999 -999999 -999999 -999999 -999999 -999999 -999999 -999999 -999999 -999999 
11364  1916 -999999 -999999 -999999 -999999 -999999 -999999 -999999 -999999 -999999 -999999 -999999 -999999 -999999 -999999 -999999 -999999 -999999 -999999 -999999 
11364  1917 -999999 -999999 -999999 -999999 -999999 -999999 -999999 -999999 -999999 -999999 -999999 -999999 -999999 -999999 -999999 -999999 -999999 -999999 -999999 
11364  1918 -999999 -999999 -999999 -999999 -999999 -999999 -999999 -999999 -999999 -999999 -999999 -999999 -999999 -999999 -999999 -999999 -999999 -999999 -999999 
11364  1919 -999999 -999999 -999999 -999999 -999999 -999999 -999999 -999999 -999999 -999999 -999999 -999999 -999999 -999999 -999999 -999999 -999999 -999999 -999999 
11364  1920 -999999 -999999 -999999 -999999 -999999 -999999 -999999 -999999 -999999 -999999 -999999 -999999 -999999 -999999 -999999 -999999 -999999 -999999 -999999 
11364  1921 -999999 -999999 -999999 -999999 -999999 -999999 -999999 -999999 -999999 -999999 -999999 -999999 -999999 -999999 -999999 -999999 -999999 -999999 -999999 
11364  1922 -999999 -999999 -999999 -999999 -999999 -999999 -999999 -999999 -999999 -999999 -999999 -999999 -999999 -999999 -999999 -999999 -999999 -999999 -999999 
11364  1923 -999999 -999999 -999999 -999999 -999999 -999999 -999999 -999999 -999999 -999999 -999999 -999999 -999999 -999999 -999999 -999999 -999999 -999999 -999999 
11364  1924 -999999 -999999 -999999 -999999 -999999 -999999 -999999 -999999 -999999 -999999 -999999 -999999 -999999 -999999 -999999 -999999 -999999 -999999 -999999 
11364  1925 -999999 -999999 -999999 -999999 -999999 -999999 -999999 -999999 -999999 -999999 -999999 -999999 -999999 -999999 -999999 -999999 -999999 -999999 -999999 
11364  1926 -999999 -999999 -999999 -999999 -999999 -999999 -999999 -999999 -999999 -999999 -999999 -999999 -999999 -999999 -999999 -999999 -999999 -999999 -999999 
11364  1927 -999999 -999999 -999999 -999999 -999999 -999999 -999999 -999999 -999999 -999999 -999999 -999999 -999999 -999999 -999999 -999999 -999999 -999999 -999999 
11364  1928 1500    -999999 0       -999999 0       0       1500    0       0       0       0       0       0       0       0       0       500     1000    0       
11364  1929 2300    1600    200     0       100     0       800     0       0       100     0       0       0       0       0       200     300     300     1400    
11364  1930 5000    4000    2200    2900    2500    200     500     1500    0       500     1300    700     100     100     0       0       200     300     300     
11364  1931 200     800     200     300     100     100     0       0       0       0       0       100     0       100     0       0       0       0       0       
11364  1932 4000    800     1800    800     100     1400    600     800     0       0       100     0       0       1100    300     300     100     200     1100    
11364  1933 1500    1500    1400    1200    100     1200    100     100     0       0       100     0       800     400     0       100     0       0       0       
11364  1934 5600    300     3800    300     1100    1500    2700    0       300     0       0       1100    100     300     1100    1200    1200    300     0       
11364  1935 3500    1900    1700    300     900     600     1600    0       300     100     800     0       600     0       0       300     1100    200     100     
11364  1936 4100    1800    2700    500     900     1600    400     400     0       0       400     500     800     700     100     200     0       200     800     
11364  1937 6000    1600    4600    1400    400     3000    2000    600     0       0       0       400     100     700     2200    1200    500     300     0       
11364  1938 8500    2400    4000    400     1900    1900    3800    0       400     1200    700     0       0       400     1500    1400    1300    1100    500     
11364  1939 5800    3800    4600    1400    400     3600    800     100     800     0       200     200     400     600     2600    600     0       200     100     
11364  1940 -999999 300     -999999 100     300     -999999 -999999 0       0       0       0       300     100     -999999 -999999 -999999 -999999 -999999 -999999 
11364  1941 -999999 -999999 -999999 -999999 -999999 -999999 -999999 -999999 -999999 -999999 -999999 0       -999999 -999999 -999999 -999999 -999999 -999999 -999999 
11364  1942 -999999 -999999 1200    -999999 0       900     1200    -999999 0       0       0       0       0       0       900     300     700     200     400     
11364  1943 6100    2700    3400    1200    2300    900     1800    0       800     600     1700    0       300     200     400     800     1000    0       300     
11364  1944 -999999 2300    -999999 1300    500     1500    -999999 700     300     0       200     300     0       400     1100    -999999 -999999 -999999 -999999 
11364  1945 -999999 -999999 -999999 -999999 -999999 -999999 -999999 -999999 -999999 -999999 -999999 200     0       1700    -999999 0       -999999 -999999 -999999 
11364  1946 -999999 -999999 -999999 -999999 -999999 -999999 -999999 -999999 -999999 -999999 -999999 -999999 -999999 -999999 -999999 -999999 -999999 -999999 -999999 
11364  1947 -999999 -999999 -999999 -999999 -999999 -999999 -999999 -999999 -999999 -999999 -999999 -999999 -999999 -999999 -999999 -999999 -999999 -999999 -999999 
11364  1948 -999999 -999999 -999999 -999999 -999999 -999999 1100    -999999 -999999 -999999 -999999 -999999 -999999 200     100     500     200     400     800     
11364  1949 7700    3500    3400    2700    1900    600     2600    1000    900     200     800     900     300     100     200     1100    1000    500     700     
11364  1950 4500    2400    3600    800     2200    900     900     0       100     100     1500    600     0       100     800     600     200     100     400     
11364  1951 4800    700     3000    400     400     1400    1900    0       0       0       300     100     0       0       1400    1200    300     400     1100    
11364  1952 1800    2400    1200    1700    1000    200     0       600     0       0       1000    0       0       0       200     0       0       0       0       
11364  1953 5400    500     2800    200     1800    900     2000    200     0       300     1000    500     500     300     100     400     1000    600     500     
11364  1954 2300    2200    1400    600     400     700     600     100     0       0       0       400     300     200     200     300     300     0       500     
11364  1955 3800    900     2700    600     0       1400    2300    100     0       0       0       0       0       300     1100    1300    900     100     0       
11364  1956 -999999 1000    300     0       0       100     300     0       0       0       0       0       100     0       0       200     100     0       -999999 
11364  1957 -999999 -999999 -999999 -999999 -999999 -999999 -999999 -999999 -999999 -999999 -999999 -999999 -999999 -999999 -999999 -999999 -999999 -999999 -999999 
11364  1958 -999999 -999999 -999999 -999999 -999999 500     1900    -999999 -999999 -999999 -999999 -999999 100     400     0       400     1200    300     100     
11364  1959 6700    3100    5000    900     3100    2600    200     400     400     700     1700    700     100     900     1600    0       0       200     0       
11364  1960 2500    200     1300    0       200     800     700     0       0       0       100     100     0       600     200     300     400     0       800     
11364  1961 7400    3900    2900    2300    2600    1000    2200    500     1000    1200    1000    400     1000    0       0       500     1400    300     100     
11364  1962 2300    2200    200     500     100     100     1100    300     100     0       100     0       0       100     0       0       800     300     600     
11364  1963 3000    1700    2700    600     500     600     1800    0       0       0       0       500     100     0       500     1600    0       200     100     
11364  1964 1700    400     700     200     200     500     300     100     0       0       100     100     100     300     100     0       0       300     600     
11364  1965 1800    1100    1400    800     100     200     1300    200     0       0       100     0       0       0       200     1100    200     0       0       
11364  1966 1500    200     1300    0       200     1100    200     0       0       0       0       200     500     600     0       0       200     0       0       
11364  1967 4900    1000    1700    0       1300    400     3100    0       0       800     500     0       0       200     200     800     1500    800     100     
11364  1968 4400    3000    3100    100     1100    1600    1700    0       0       600     500     0       500     200     900     1000    200     500     0       
11364  1969 1800    700     1700    0       0       1400    400     0       0       0       0       0       500     200     700     300     100     0       0       
11364  1970 1300    100     800     0       0       800     100     0       0       0       0       0       600     0       200     0       0       100     400     
11364  1971 3300    2000    800     1900    100     700     500     1100    400     0       0       100     200     100     400     0       300     200     500     
11364  1972 6300    1000    4200    500     800     3200    500     0       0       0       500     300     400     1800    1000    200     0       300     1800    
11364  1973 5500    4400    3000    3200    1500    2400    0       500     900     900     500     100     700     1300    400     0       0       0       200     
11364  1974 3900    600     1800    600     1000    500     1200    0       400     0       700     300     100     0       400     300     100     800     800     
11364  1975 8200    4400    4200    3000    2400    1100    1700    1400    800     500     500     1400    200     100     800     1200    400     100     800     
11364  1976 2100    1500    1900    1000    1000    700     200     0       200     0       400     600     0       400     300     200     0       0       0       
11364  1977 2200    100     800     0       100     700     1000    0       0       100     0       0       700     0       0       100     300     600     400     
11364  1978 1300    1300    400     400     0       400     900     0       0       0       0       0       0       0       400     0       0       900     0       
11364  1979 1700    900     1200    0       100     1000    100     0       0       0       0       100     500     0       500     100     0       0       500     
11364  1980 2500    500     1600    500     0       1500    400     0       0       0       0       0       600     600     300     100     0       300     600     
11364  1981 2200    900     1700    600     1200    200     800     0       0       0       200     1000    0       100     100     300     500     0       0       
11364  1982 3800    600     1600    0       300     1300    1600    0       0       100     200     0       0       700     600     100     200     1300    600     
11364  1983 5000    3800    2500    2200    1500    600     1200    1600    0       100     700     700     100     300     200     500     600     100     100     
11364  1984 5200    1100    3100    400     1700    1200    1600    300     0       0       0       1700    600     0       600     200     1000    400     400     
11364  1985 1100    1800    600     400     200     300     300     0       0       0       0       200     0       0       300     100     200     0       300     
11364  1986 2400    700     800     400     400     500     1100    100     0       100     0       300     400     100     0       0       0       1100    300     
11364  1987 900     1400    300     300     200     100     300     0       0       0       100     100     0       100     0       0       300     0       300     
11364  1988 4300    1800    3100    1500    500     2300    300     900     300     0       100     400     700     1600    0       300     0       0       0       
11364  1989 10200   5400    4100    3400    3400    2200    900     1300    2100    2000    1200    200     600     900     700     500     100     300     300     
11364  1990 8800    5600    3300    3400    4700    400     400     1000    2100    1800    1800    1100    0       100     300     0       200     200     200     
11364  1991 5700    2300    2300    1300    1700    700     1700    900     200     600     800     300     0       100     600     500     700     500     500     
11364  1992 6700    5200    2900    2600    2500    1500    300     1100    1000    1400    500     600     1000    500     0       300     0       0       300     
11364  1993 -999999 3500    -999999 2500    -999999 -999999 -999999 1000    1200    1000    900     -999999 -999999 -999999 -999999 -999999 -999999 -999999 -999999 
11364  1994 -999999 -999999 -999999 -999999 -999999 -999999 -999999 -999999 -999999 -999999 -999999 -999999 -999999 -999999 -999999 -999999 -999999 -999999 -999999 
11364  1995 4500    -999999 1600    -999999 1500    800     900     0       1300    900     400     200     400     0       400     200     600     100     0       
11364  1996 2700    700     1900    0       200     1600    700     0       0       0       0       200     0       0       1600    100     0       600     200     
11364  1997 6800    2700    4800    1100    1400    3600    900     0       900     1000    300     100     600     1400    1600    800     100     0       0       
11364  1998 5200    2100    2600    2000    2000    0       700     1200    800     0       1200    800     0       0       0       600     100     0       500     
11364  1999 8700    1200    5800    1100    2000    2000    3500    600     0       0       1900    100     700     900     400     1800    800     900     600     
11364  2000 8900    4800    2400    2500    2700    300     2400    900     1000    600     1700    400     0       0       300     0       1500    900     1600    
11364  2001 7400    5000    4700    2200    1400    3000    2400    300     300     400     700     300     200     2100    700     700     1500    200     0       
11364  2002 10200   4600    7300    1900    3900    3200    1200    600     1300    1000    1200    1700    800     700     1700    1200    0       0       0       
11364  2003 4900    100     3400    0       200     2700    1000    0       0       100     100     0       0       2000    700     600     0       400     1000    
11364  2004 6000    1600    4000    1000    2000    1200    1800    0       0       200     900     900     0       200     1000    1000    600     200     1000    
11364  2005 7400    2900    3600    2100    1300    1100    3400    1000    100     0       1100    200     0       600     500     1200    1300    900     500     
11364  2006 11000   3100    5500    900     1000    2500    4600    300     100     0       300     700     300     1000    1200    2000    1300    1300    2500    
11364  2007 9400    8100    4500    4200    3000    2100    1100    1600    100     1300    1100    600     600     200     1300    700     300     100     1500    
11364  2008 10200   6400    3400    4800    3500    1000    2000    1400    1900    1200    1500    800     100     300     600     100     1200    700     400     
11364  2009 6800    2700    5200    800     2100    1900    2100    400     0       0       1500    600     500     600     800     1200    0       900     300     
11364  2010 6300    1300    5900    300     1300    4300    700     0       0       100     400     800     100     2400    1800    400     0       300     0       
11364  2011 10200   300     6500    0       1300    3900    3600    0       0       0       700     600     1100    1900    900     1300    800     1500    1400    
11364  2012 5800    4800    3400    1900    2400    600     2300    500     0       600     1200    600     0       300     300     1000    600     700     0       
11364  2013 8300    1400    4300    100     1200    2100    3100    100     0       0       0       1200    900     500     700     1000    900     1200    1800    
11364  2014 11900   6700    6600    3200    4100    2700    2700    700     700     1400    1800    900     100     1500    1100    1200    800     700     1000    
11364  2015 11700   6400    4200    3100    3400    1300    3000    1000    1100    1800    1400    200     0       400     900     1300    500     1200    1900    
11364  2016 9900    5900    6300    3600    3700    2300    1000    400     1300    600     1400    1700    800     800     700     900     100     0       1200    
11364  2017 6300    3300    2700    2000    2400    500     1700    400     400     1200    700     500     0       100     400     1000    300     400     900     
11364  2018 11100   2500    8300    1700    3500    3500    3100    800     0       100     1300    2100    400     1900    1200    1400    1100    600     200     
11364  2019 12300   4000    6600    1100    3800    3200    2700    0       900     1200    1700    900     1500    600     1100    800     1100    800     1700    
11364  2020 16300   10600   5500    6900    3500    2500    4300    2900    2300    1800    1500    200     1400    300     800     1300    1500    1500    800     
11364  2021 8600    5400    5400    1400    2200    3800    1700    200     400     1000    900     300     1400    2100    300     400     700     600     300     
