EUROPEAN CLIMATE ASSESSMENT & DATASET (ECA&D), file created on: 20-01-2022
THESE DATA CAN BE USED FOR NON-COMMERCIAL RESEARCH AND EDUCATION PROVIDED THAT THE FOLLOWING SOURCE IS ACKNOWLEDGED: 

Klein Tank, A.M.G. and Coauthors, 2002. Daily dataset of 20th-century surface
air temperature and precipitation series for the European Climate Assessment.
Int. J. of Climatol., 22, 1441-1453.
Data and metadata available at http://www.ecad.eu

FILE FORMAT (MISSING VALUE CODE = -999999):

THIS FILE HOLDS DATA FOR STATION ESTONIA                                  LAANE-NIGULA                             (STAID:  11358)
LATITUDE: dd:mm:ss +58:57:03
LONGITUDE: ddd:mm:ss +023:48:56
ELEVATION: m   24

DATA IS FOR INDEX Days with TN > 90th percentile of daily min temp (warm nights) (TN90p) with unit 0.01 No of days

01-06 SOUID: Source identifier
08-11 YEAR : YYYY
13-20 ANNUAL DATA VALUES
21-28 WINTER HALF YEAR DATA VALUES
29-36 SUMMER HALF YEAR DATA VALUES
37-44 WINTER (DJF) DATA VALUES
45-52 SPRING (MAM) DATA VALUES
53-60 SUMMER (JJA) DATA VALUES
61-68 AUTUMN (SON) DATA VALUES
69-76 JANUARY DATA VALUES
etc. 
157-164 DECEMBER DATA VALUES

11358  1964 2500    -999999 1100    -999999 100     800     800     400     0       0       0       100     500     200     100     200     300     300     400     
11358  1965 3000    1500    2000    700     800     900     1000    300     0       200     600     0       400     0       500     500     400     100     0       
11358  1966 2000    1000    800     400     500     300     800     0       400     100     100     300     100     200     0       100     700     0       0       
11358  1967 5400    1800    2000    200     1500    700     2800    0       200     900     400     200     0       200     500     700     1600    500     200     
11358  1968 3200    3100    2000    300     1100    1000    1000    100     0       700     300     100     300     0       700     600     100     300     0       
11358  1969 1300    400     800     0       200     100     1000    0       0       0       100     100     100     0       0       500     400     100     0       
11358  1970 2100    600     1400    0       100     1100    500     0       0       100     0       0       300     400     400     300     0       200     400     
11358  1971 4100    2100    1900    1800    1100    800     500     1100    300     100     500     500     0       300     500     100     100     300     300     
11358  1972 7300    1000    4800    600     1000    3600    500     0       300     0       500     500     800     1600    1200    200     0       300     1900    
11358  1973 4200    3600    2400    2900    700     2100    100     300     700     400     0       300     600     1300    200     0       0       100     300     
11358  1974 3400    1400    1100    1200    200     500     1200    100     800     100     100     0       100     100     300     500     100     600     600     
11358  1975 6600    3300    3600    2100    1900    1200    1300    1400    100     500     100     1300    100     700     400     1000    100     200     700     
11358  1976 1500    1300    800     900     400     400     300     0       200     100     300     0       0       400     0       100     0       200     200     
11358  1977 5000    1200    2900    400     1500    1700    1400    0       200     600     100     800     800     200     700     300     600     500     200     
11358  1978 2100    2400    700     600     1000    400     300     400     0       700     0       300     0       100     300     0       0       300     0       
11358  1979 3100    500     1700    0       700     1000    900     0       0       200     0       500     400     0       600     200     200     500     500     
11358  1980 3300    1400    2200    700     600     1200    900     100     100     0       500     100     900     0       300     400     300     200     400     
11358  1981 2500    1300    1900    600     700     1100    500     200     0       200     0       500     400     700     0       300     200     0       0       
11358  1982 3900    500     1200    100     600     500     2000    0       100     200     100     300     0       300     200     300     200     1500    700     
11358  1983 5900    3600    3600    1800    1600    1300    1500    1100    0       100     1000    500     200     700     400     800     300     400     400     
11358  1984 6500    1700    3800    900     2400    1300    1900    500     0       100     700     1600    700     200     400     200     1000    700     400     
11358  1985 2200    2100    1300    400     200     1000    600     0       0       0       0       200     0       100     900     100     500     0       400     
11358  1986 3000    1100    1500    400     1100    600     1200    0       0       200     600     300     300     200     100     0       100     1100    100     
11358  1987 1000    1500    200     200     200     100     500     0       100     100     0       100     0       0       100     0       400     100     100     
11358  1988 5100    1900    3600    1400    1000    2000    800     600     700     0       500     500     1100    700     200     600     200     0       0       
11358  1989 8600    5200    2600    3000    3300    700     1400    1600    1400    2000    1100    200     300     300     100     600     500     300     200     
11358  1990 5600    4500    1500    2600    2000    600     400     400     2000    1100    600     300     300     200     100     0       300     100     200     
11358  1991 5200    2500    1400    1500    1200    500     1300    800     500     600     600     0       0       0       500     300     300     700     900     
11358  1992 6500    5300    2400    2800    2200    1200    500     1000    900     1500    500     200     400     400     400     500     0       0       700     
11358  1993 4700    3100    1900    2500    2200    300     300     1000    800     600     300     1300    0       300     0       0       300     0       100     
11358  1994 3800    1300    2000    600     1500    500     700     500     0       400     1100    0       0       200     300     400     100     200     600     
11358  1995 7000    3600    2900    2100    1900    1800    1700    200     1300    1200    300     400     1400    100     300     400     1000    300     100     
11358  1996 2200    1400    900     100     600     300     1000    0       0       0       200     400     100     0       200     0       300     700     300     
11358  1997 5200    3100    3000    1300    1100    2400    600     300     700     800     100     200     600     800     1000    300     0       300     100     
11358  1998 5100    2400    2500    2100    1300    600     700     1000    1000    0       900     400     600     0       0       600     100     0       500     
11358  1999 6100    1500    3600    1300    1300    1900    1800    700     100     100     1100    100     1100    500     300     500     600     700     300     
11358  2000 8300    4000    2200    2300    1900    600     2300    900     1100    400     1300    200     200     200     200     100     1000    1200    1500    
11358  2001 6900    5300    4000    2800    1300    2300    2000    800     500     300     700     300     400     1500    400     700     1200    100     0       
11358  2002 5400    3600    3000    1800    1600    1600    300     600     1200    500     600     500     200     900     500     300     0       0       100     
11358  2003 5100    900     2700    500     600     2000    1200    400     0       400     0       200     100     1200    700     500     0       700     900     
11358  2004 5800    2000    4100    1000    1700    1700    1400    0       100     300     800     600     0       800     900     1000    300     100     900     
11358  2005 5000    2300    2100    1900    700     800     2200    1000    0       0       400     300     0       300     500     600     600     1000    300     
11358  2006 7800    2200    3400    500     400     2100    3100    200     0       100     200     100     400     600     1100    1000    1000    1100    2000    
11358  2007 7700    6400    3300    2900    2500    1800    900     900     0       1400    300     800     100     600     1100    400     500     0       1600    
11358  2008 8100    5900    2300    4700    1900    1000    1500    1600    1500    700     900     300     100     200     700     100     700     700     600     
11358  2009 3800    2500    1700    1100    500     300     2400    400     100     0       500     0       0       200     100     900     100     1400    100     
11358  2010 5900    1900    5200    200     1400    3600    800     0       100     200     400     800     0       2200    1400    400     0       400     0       
11358  2011 7300    800     3900    200     500     2900    2400    200     0       200     200     100     800     1500    600     700     300     1400    1300    
11358  2012 4300    3500    2900    1400    1400    1100    1600    0       100     400     600     400     0       900     200     800     300     500     100     
11358  2013 7100    1200    3600    400     1300    1900    1800    300     0       0       100     1200    1000    500     400     400     800     600     1800    
11358  2014 8000    5700    3900    3600    1900    2400    1400    800     1000    700     600     600     500     1200    700     300     700     400     500     
11358  2015 7100    4500    1700    2400    1700    600     1400    800     1100    1000    700     0       0       100     500     400     200     800     1500    
11358  2016 6600    4700    3000    3200    1800    1500    500     400     1300    500     900     400     600     500     400     200     100     200     1100    
11358  2017 4100    2700    1500    1800    1200    600     700     400     300     600     400     200     100     100     400     300     100     300     900     
11358  2018 6900    2400    4200    1600    1400    2400    2200    700     0       400     400     600     200     1200    1000    800     600     800     200     
11358  2019 8100    3400    3300    1300    1500    1800    2200    0       1100    700     300     500     1000    400     400     700     800     700     1500    
11358  2020 10100   7900    2500    5000    1800    1000    2900    2000    1500    1400    300     100     600     200     200     1100    800     1000    900     
11358  2021 6600    3900    3800    1500    1200    2900    1600    100     500     600     300     300     800     1600    500     300     800     500     300     
