EUROPEAN CLIMATE ASSESSMENT & DATASET (ECA&D), file created on: 20-01-2022
THESE DATA CAN BE USED FOR NON-COMMERCIAL RESEARCH AND EDUCATION PROVIDED THAT THE FOLLOWING SOURCE IS ACKNOWLEDGED: 

Klein Tank, A.M.G. and Coauthors, 2002. Daily dataset of 20th-century surface
air temperature and precipitation series for the European Climate Assessment.
Int. J. of Climatol., 22, 1441-1453.
Data and metadata available at http://www.ecad.eu

FILE FORMAT (MISSING VALUE CODE = -999999):

THIS FILE HOLDS DATA FOR STATION FRANCE                                   OCTEVILLE                                (STAID:  21589)
LATITUDE: dd:mm:ss +49:31:59
LONGITUDE: ddd:mm:ss +000:05:30
ELEVATION: m   94

DATA IS FOR INDEX Days with TN > 90th percentile of daily min temp (warm nights) (TN90p) with unit 0.01 No of days

01-06 SOUID: Source identifier
08-11 YEAR : YYYY
13-20 ANNUAL DATA VALUES
21-28 WINTER HALF YEAR DATA VALUES
29-36 SUMMER HALF YEAR DATA VALUES
37-44 WINTER (DJF) DATA VALUES
45-52 SPRING (MAM) DATA VALUES
53-60 SUMMER (JJA) DATA VALUES
61-68 AUTUMN (SON) DATA VALUES
69-76 JANUARY DATA VALUES
etc. 
157-164 DECEMBER DATA VALUES

21589  1921 6000    -999999 2200    -999999 900     1500    2000    1000    100     400     300     200     100     1200    200     200     1500    300     500     
21589  1922 3100    3700    1500    1400    1600    300     300     400     500     500     100     1000    300     0       0       100     100     100     0       
21589  1923 1200    400     900     100     700     300     100     0       100     100     200     400     0       300     0       0       100     0       0       
21589  1924 1300    600     600     200     800     100     200     200     0       300     0       500     100     0       0       0       100     100     0       
21589  1925 2600    600     1600    400     500     1100    200     200     200     0       100     400     800     200     100     0       200     0       400     
21589  1926 -999999 2600    -999999 2000    -999999 -999999 -999999 500     1100    400     400     -999999 -999999 -999999 -999999 -999999 -999999 -999999 -999999 
21589  1927 -999999 -999999 -999999 -999999 -999999 -999999 -999999 -999999 -999999 -999999 -999999 -999999 -999999 -999999 -999999 -999999 -999999 -999999 -999999 
21589  1928 -999999 -999999 -999999 -999999 -999999 -999999 -999999 -999999 -999999 -999999 -999999 -999999 -999999 -999999 -999999 -999999 -999999 -999999 -999999 
21589  1929 -999999 -999999 -999999 -999999 -999999 -999999 -999999 -999999 -999999 -999999 -999999 -999999 -999999 -999999 -999999 -999999 -999999 -999999 -999999 
21589  1930 -999999 -999999 -999999 -999999 -999999 -999999 -999999 -999999 -999999 -999999 -999999 -999999 -999999 -999999 -999999 -999999 -999999 -999999 -999999 
21589  1931 -999999 -999999 -999999 -999999 -999999 -999999 -999999 -999999 -999999 -999999 -999999 -999999 -999999 -999999 -999999 -999999 -999999 -999999 -999999 
21589  1932 -999999 -999999 -999999 -999999 -999999 -999999 -999999 -999999 -999999 -999999 -999999 -999999 -999999 -999999 -999999 -999999 -999999 -999999 -999999 
21589  1933 -999999 -999999 -999999 -999999 -999999 -999999 -999999 -999999 -999999 -999999 -999999 -999999 -999999 -999999 -999999 -999999 -999999 -999999 -999999 
21589  1934 -999999 -999999 -999999 -999999 -999999 -999999 -999999 -999999 -999999 -999999 -999999 -999999 -999999 -999999 -999999 -999999 -999999 -999999 -999999 
21589  1935 -999999 -999999 -999999 -999999 -999999 -999999 -999999 -999999 -999999 -999999 -999999 -999999 -999999 -999999 -999999 -999999 -999999 -999999 -999999 
21589  1936 -999999 -999999 -999999 -999999 -999999 -999999 -999999 -999999 -999999 -999999 -999999 -999999 -999999 -999999 -999999 -999999 -999999 -999999 -999999 
21589  1937 -999999 -999999 -999999 -999999 -999999 -999999 -999999 -999999 -999999 -999999 -999999 -999999 -999999 -999999 -999999 -999999 -999999 -999999 -999999 
21589  1938 -999999 -999999 -999999 -999999 -999999 -999999 -999999 -999999 -999999 -999999 -999999 -999999 -999999 -999999 -999999 -999999 -999999 -999999 -999999 
21589  1939 -999999 -999999 -999999 -999999 -999999 -999999 -999999 -999999 -999999 -999999 -999999 -999999 -999999 -999999 -999999 -999999 -999999 -999999 -999999 
21589  1940 -999999 -999999 -999999 -999999 -999999 -999999 -999999 -999999 -999999 -999999 -999999 -999999 -999999 -999999 -999999 -999999 -999999 -999999 -999999 
21589  1941 -999999 -999999 -999999 -999999 -999999 -999999 -999999 -999999 -999999 -999999 -999999 -999999 -999999 -999999 -999999 -999999 -999999 -999999 -999999 
21589  1942 -999999 -999999 -999999 -999999 -999999 -999999 -999999 -999999 -999999 -999999 -999999 -999999 -999999 -999999 -999999 -999999 -999999 -999999 -999999 
21589  1943 -999999 -999999 -999999 -999999 -999999 -999999 -999999 -999999 -999999 -999999 -999999 -999999 -999999 -999999 -999999 -999999 -999999 -999999 -999999 
21589  1944 -999999 -999999 -999999 -999999 -999999 -999999 -999999 -999999 -999999 -999999 -999999 -999999 -999999 -999999 -999999 -999999 -999999 -999999 -999999 
21589  1945 -999999 -999999 -999999 -999999 -999999 -999999 -999999 -999999 -999999 -999999 -999999 -999999 -999999 -999999 -999999 -999999 -999999 -999999 -999999 
21589  1946 -999999 -999999 -999999 -999999 -999999 -999999 -999999 -999999 -999999 -999999 -999999 -999999 -999999 -999999 -999999 -999999 -999999 -999999 -999999 
21589  1947 -999999 -999999 -999999 -999999 -999999 -999999 -999999 -999999 -999999 -999999 -999999 -999999 -999999 -999999 -999999 -999999 -999999 -999999 -999999 
21589  1948 -999999 -999999 -999999 -999999 -999999 -999999 -999999 -999999 -999999 -999999 -999999 -999999 -999999 -999999 -999999 -999999 -999999 -999999 -999999 
21589  1949 5400    -999999 3700    -999999 800     1200    2500    400     300     0       800     0       100     700     400     1700    700     100     200     
21589  1950 4300    3100    2000    1600    1300    1400    200     600     800     700     100     500     1100    200     100     0       200     0       0       
21589  1951 1400    300     1000    0       300     300     800     0       0       100     100     100     200     0       100     500     0       300     0       
21589  1952 3600    1000    2600    100     2000    1200    200     0       100     600     900     500     400     400     400     0       100     100     100     
21589  1953 3000    600     1700    100     1300    700     300     0       0       300     0       1000    300     0       400     0       0       300     700     
21589  1954 2400    1500    400     1000    400     0       1300    300     0       200     0       200     0       0       0       200     700     400     400     
21589  1955 3000    2100    1500    700     500     1000    800     200     100     300     100     100     100     200     700     300     0       500     400     
21589  1956 2100    1200    900     600     500     100     800     100     100     100     300     100     0       0       100     400     200     200     500     
21589  1957 4400    3500    1700    1600    1700    1300    300     500     600     1500    200     0       800     300     200     200     100     0       0       
21589  1958 3500    800     1900    600     600     900     1000    100     500     100     0       500     200     0       700     500     300     200     400     
21589  1959 4900    1900    3100    600     1900    1800    800     100     100     800     400     700     600     400     800     200     500     100     200     
21589  1960 4100    2400    2200    1400    1500    1100    300     800     400     400     300     800     900     0       200     0       100     200     0       
21589  1961 4900    1400    2900    500     1800    600     1400    0       500     600     1100    100     200     200     200     1100    200     100     600     
21589  1962 1100    1500    500     1200    200     200     100     600     0       0       0       200     200     0       0       100     0       0       0       
21589  1963 1500    300     700     0       300     600     600     0       0       300     0       0       400     100     100     100     200     300     0       
21589  1964 3700    1200    2300    400     1200    900     900     0       400     300     400     500     400     200     300     500     0       400     300     
21589  1965 1300    1200    200     400     500     100     400     100     0       400     0       100     100     0       0       0       400     0       200     
21589  1966 3800    2900    1000    2200    800     500     0       500     1500    300     300     200     500     0       0       0       0       0       500     
21589  1967 3700    2000    1500    1700    600     800     1000    700     500     300     0       300     100     600     100     400     600     0       100     
21589  1968 2800    1400    1200    300     1100    600     900     200     0       500     600     0       300     200     100     0       600     300     0       
21589  1969 4700    2100    2400    700     1100    1500    1400    600     100     500     300     300     500     400     600     300     1000    100     0       
21589  1970 2800    1500    1500    400     200     900     1300    200     200     0       0       200     600     100     200     400     200     700     0       
21589  1971 1600    900     1000    0       500     500     200     0       0       0       300     200     0       500     0       0       100     100     400     
21589  1972 1800    1500    300     600     1000    0       200     100     100     700     100     200     0       0       0       0       0       200     400     
21589  1973 2200    600     2000    400     600     900     700     0       0       0       100     500     400     100     400     500     0       200     0       
21589  1974 3600    1700    800     1200    800     100     300     800     400     300     500     0       0       0       100     200     0       100     1200    
21589  1975 5200    3300    2800    2700    900     2400    400     1100    400     500     400     0       500     400     1500    0       100     300     0       
21589  1976 4400    1200    3300    800     700     2300    600     400     400     0       100     600     1000    900     400     300     300     0       0       
21589  1977 3600    1600    900     600     1200    400     900     100     500     700     100     400     0       300     100     0       400     500     500     
21589  1978 2800    1900    700     900     400     300     1200    0       400     100     100     200     300     0       0       100     600     500     500     
21589  1979 3000    1800    1100    600     800     400     700     0       100     100     300     400     200     100     100     0       200     500     1000    
21589  1980 2800    2300    1300    1500    800     600     800     0       500     100     500     200     300     200     100     0       200     600     100     
21589  1981 4100    2500    1800    200     2500    500     1000    100     0       1500    600     400     0       300     200     300     0       700     0       
21589  1982 4500    1600    3300    800     1200    1500    1000    500     300     100     100     1000    1000    400     100     700     0       300     0       
21589  1983 5500    1500    3000    1200    0       2700    1400    1200    0       0       0       0       300     1500    900     300     500     600     200     
21589  1984 3900    1500    2300    400     600     1500    1400    100     100     0       600     0       300     500     700     200     300     900     200     
21589  1985 3500    1700    1700    500     1000    400     1000    0       300     0       600     400     100     300     0       300     600     100     800     
21589  1986 2300    1600    1100    900     100     1000    700     100     0       0       0       100     900     100     0       0       400     300     400     
21589  1987 4600    1500    3400    700     1300    1100    1300    100     200     100     1100    100     200     300     600     1100    100     100     600     
21589  1988 4800    1900    1700    1300    1200    700     1200    600     100     400     400     400     100     300     300     200     600     400     1000    
21589  1989 8200    4100    4300    2200    2200    2300    1700    500     700     900     200     1100    800     900     600     700     900     100     800     
21589  1990 7800    4600    3600    2400    2500    2200    1500    600     1000    1200    300     1000    200     700     1300    100     600     800     0       
21589  1991 4100    2900    1900    400     1400    700     1200    300     100     1100    300     0       100     400     200     900     200     100     400     
21589  1992 5300    2100    3000    1100    2200    1400    600     200     500     700     100     1400    400     400     600     100     0       500     400     
21589  1993 3800    2800    1600    1800    1600    500     100     1200    200     500     400     700     400     100     0       0       0       100     200     
21589  1994 6000    2300    1800    1300    1500    1100    1600    800     300     900     500     100     200     600     300     100     100     1400    700     
21589  1995 5000    3500    2200    1900    800     1400    1400    200     1000    100     100     600     100     700     600     100     900     400     200     
21589  1996 2600    2400    700     800     600     400     700     400     200     300     300     0       100     200     100     0       300     400     300     
21589  1997 5500    2000    2700    900     1300    1800    1400    0       600     400     400     500     500     0       1300    0       600     800     400     
21589  1998 4100    3500    1200    1400    1400    300     800     500     500     700     400     300     200     0       100     200     300     300     600     
21589  1999 5800    3300    3200    2000    2300    800     1100    800     600     700     700     900     0       100     700     800     0       300     200     
21589  2000 5300    2200    2400    1500    1600    800     800     700     600     400     400     800     300     0       500     400     200     200     800     
21589  2001 4900    2900    1500    1700    1100    1100    1600    300     600     800     200     100     200     400     500     100     1200    300     200     
21589  2002 6700    4800    1500    2400    1700    700     1100    1100    1100    900     200     600     500     0       200     0       400     700     1000    
21589  2003 7300    3500    4500    1500    2400    2800    1200    400     100     900     1100    400     1000    600     1200    200     400     600     400     
21589  2004 4900    2900    2300    1400    1100    1100    1400    400     600     500     500     100     200     100     800     600     300     500     300     
21589  2005 7600    3300    3500    1700    2200    1400    2500    1100    300     800     700     700     800     500     100     700     1200    600     100     
21589  2006 8600    2800    4500    500     1300    2100    4100    200     200     500     300     500     700     1300    100     1600    1400    1100    700     
21589  2007 6900    6700    2500    3700    2300    600     700     1500    1500    500     800     1000    200     300     100     100     200     400     300     
21589  2008 5200    2600    2600    1700    1900    1000    800     900     500     300     400     1200    400     400     200     0       400     400     100     
21589  2009 3900    1100    2000    100     600     1500    1600    0       0       200     300     100     400     300     800     100     600     900     200     
21589  2010 2700    2300    1200    200     1000    700     1000    0       0       600     300     100     100     200     400     100     500     400     0       
21589  2011 6200    2400    2400    1200    1700    400     2400    500     700     300     900     500     300     0       100     600     1200    600     500     
21589  2012 4100    4200    1800    2100    800     1300    0       1200    400     300     100     400     400     300     600     0       0       0       400     
21589  2013 4200    1000    1500    800     700     700     2000    400     0       200     400     100     300     300     100     300     1500    200     400     
21589  2014 5900    3300    2800    1400    1700    1000    1700    600     400     200     900     600     100     500     400     300     800     600     500     
21589  2015 6800    2800    2300    1000    1400    1300    1700    500     0       400     500     500     300     300     700     0       100     1600    1900    
21589  2016 4900    5100    3200    3400    1000    1100    1300    700     800     0       200     800     200     200     700     1100    0       200     0       
21589  2017 7900    2800    3400    1400    2400    2000    1700    600     800     1200    200     1000    1100    500     400     200     1000    500     400     
21589  2018 8400    3300    4200    1400    2000    2300    2100    1000    0       400     900     700     700     800     800     300     1000    800     1000    
21589  2019 6800    4600    3600    1900    1700    2300    1400    600     300     900     600     200     800     700     800     500     600     300     500     
21589  2020 8600    3600    4400    2500    1500    2300    2000    900     1100    200     900     400     600     200     1500    800     300     900     800     
21589  2021 5800    3800    2400    2500    300     1300    1600    600     1100    100     100     100     600     700     0       900     300     400     900     
