EUROPEAN CLIMATE ASSESSMENT & DATASET (ECA&D), file created on: 20-01-2022
THESE DATA CAN BE USED FOR NON-COMMERCIAL RESEARCH AND EDUCATION PROVIDED THAT THE FOLLOWING SOURCE IS ACKNOWLEDGED: 

Klein Tank, A.M.G. and Coauthors, 2002. Daily dataset of 20th-century surface
air temperature and precipitation series for the European Climate Assessment.
Int. J. of Climatol., 22, 1441-1453.
Data and metadata available at http://www.ecad.eu

FILE FORMAT (MISSING VALUE CODE = -999999):

THIS FILE HOLDS DATA FOR STATION NORWAY                                   TORSVAG FYR                              (STAID:   2750)
LATITUDE: dd:mm:ss +70:14:44
LONGITUDE: ddd:mm:ss +019:30:02
ELEVATION: m   21

DATA IS FOR INDEX Days with TN > 90th percentile of daily min temp (warm nights) (TN90p) with unit 0.01 No of days

01-06 SOUID: Source identifier
08-11 YEAR : YYYY
13-20 ANNUAL DATA VALUES
21-28 WINTER HALF YEAR DATA VALUES
29-36 SUMMER HALF YEAR DATA VALUES
37-44 WINTER (DJF) DATA VALUES
45-52 SPRING (MAM) DATA VALUES
53-60 SUMMER (JJA) DATA VALUES
61-68 AUTUMN (SON) DATA VALUES
69-76 JANUARY DATA VALUES
etc. 
157-164 DECEMBER DATA VALUES

2750   1954 -999999 -999999 -999999 -999999 1400    -999999 500     900     0       400     400     600     0       -999999 200     100     100     300     800     
2750   1955 700     1600    -999999 1100    200     -999999 100     300     0       100     0       100     0       0       -999999 100     0       0       100     
2750   1956 3500    800     1200    200     600     1200    900     100     0       600     0       0       300     600     300     0       300     600     700     
2750   1957 -999999 3100    2000    1700    1700    700     -999999 500     500     500     1000    200     0       600     100     100     -999999 -999999 0       
2750   1958 -999999 -999999 -999999 400     0       -999999 1200    200     200     0       0       0       -999999 -999999 200     200     100     900     100     
2750   1959 5800    3400    2100    1100    2800    600     1200    100     900     1300    900     600     300     200     100     0       0       1200    200     
2750   1960 6800    3100    4500    800     2900    1600    1200    400     200     1100    1100    700     0       1300    300     1100    0       100     500     
2750   1961 6100    1900    2100    1400    500     1400    3000    400     500     400     0       100     500     600     300     600     1600    800     300     
2750   1962 1800    3400    400     1000    100     300     500     200     500     0       100     0       0       100     200     0       0       500     200     
2750   1963 4800    1000    3400    400     1700    700     1800    100     100     100     400     1200    200     100     400     1100    300     400     400     
2750   1964 4700    3300    1300    1700    1500    700     900     1200    100     900     0       600     100     300     300     0       900     0       300     
2750   1965 2000    1800    1200    800     700     300     500     100     400     100     600     0       0       100     200     300     200     0       0       
2750   1966 2000    600     800     400     0       800     300     400     0       0       0       0       200     500     100     0       0       300     500     
2750   1967 4200    1600    2500    800     1800    300     1800    0       300     500     700     600     200     0       100     900     0       900     0       
2750   1968 2400    1000    600     100     200     200     1300    0       100     0       200     0       0       0       200     200     100     1000    600     
2750   1969 2600    2200    1600    800     600     1200    300     100     100     300     200     100     200     400     600     100     200     0       300     
2750   1970 3900    900     1900    600     700     1000    1300    300     0       100     0       600     200     300     500     300     600     400     600     
2750   1971 2200    2200    900     1200    200     600     400     200     400     0       100     100     400     0       200     100     200     100     400     
2750   1972 7100    2900    3400    2100    1300    2600    200     1300    400     500     400     400     1100    1200    300     0       100     100     1300    
2750   1973 2400    2800    1000    2200    900     500     100     800     100     400     300     200     200     300     0       0       0       100     0       
2750   1974 5600    1900    3400    700     1900    2000    700     500     200     1100    600     200     1100    600     300     600     0       100     300     
2750   1975 2800    1900    800     1400    900     0       800     500     600     400     400     100     0       0       0       300     0       500     0       
2750   1976 3300    1800    1600    1000    1200    700     100     0       1000    300     0       900     500     200     0       0       0       100     300     
2750   1977 2800    1100    700     600     600     500     600     300     0       400     200     0       100     100     300     0       200     400     800     
2750   1978 2200    1500    2000    800     400     1500    300     0       0       100     0       300     700     400     400     200     0       100     0       
2750   1979 3100    900     1900    400     800     1500    100     0       400     400     300     100     100     800     600     0       100     0       300     
2750   1980 5000    1500    3200    1400    800     2100    900     300     800     0       500     300     900     200     1000    300     300     300     100     
2750   1981 -999999 800     -999999 100     -999999 -999999 200     0       0       100     300     -999999 -999999 0       0       0       0       200     200     
2750   1982 3200    1900    800     1300    700     500     400     300     800     400     300     0       0       400     100     0       200     200     500     
2750   1983 3800    2100    2500    1400    1700    300     900     700     200     300     800     600     100     200     0       800     100     0       0       
2750   1984 6300    1000    2700    700     2000    500     -999999 0       700     200     600     1200    400     0       100     400     -999999 700     1300    
2750   1985 2800    3500    1800    1600    600     1500    300     300     0       500     0       100     200     700     600     200     0       100     100     
2750   1986 4800    2200    1800    400     2700    800     900     100     200     1700    300     700     700     100     0       0       200     700     100     
2750   1987 3800    1700    1200    800     400     700     2000    700     0       0       400     0       0       200     500     100     1600    300     0       
2750   1988 3600    2800    2000    900     400     900     1300    400     500     0       0       400     200     700     0       700     300     300     100     
2750   1989 5200    1700    3200    700     1900    1200    1100    600     0       400     1100    400     600     0       600     500     0       600     400     
2750   1990 9000    2700    5500    1700    1500    3000    2300    400     900     400     1000    100     800     600     1600    1400    900     0       900     
2750   1991 6800    4100    2700    2600    1900    1400    1000    900     800     600     1000    300     1200    0       200     0       600     400     800     
2750   1992 5200    3800    2600    2000    1500    1000    1000    800     400     800     300     400     600     100     300     900     0       100     500     
2750   1993 5200    2600    2100    2000    800     1800    1100    700     800     500     0       300     0       1100    700     0       100     1000    0       
2750   1994 3400    1800    1800    400     1600    400     200     0       400     300     1100    200     100     0       300     100     0       100     800     
2750   1995 2400    1600    1000    1300    600     500     200     400     100     200     0       400     500     0       0       100     0       100     600     
2750   1996 4100    3000    1500    2300    700     1000    700     1600    100     600     0       100     300     0       700     400     300     0       0       
2750   1997 4500    700     2600    300     300     1600    1600    200     100     100     0       200     600     300     700     800     100     700     700     
2750   1998 5800    2300    3300    900     1400    2300    1100    200     0       600     600     200     500     1100    700     200     200     700     800     
2750   1999 4400    2700    1600    1600    900     300     2200    500     300     200     300     400     100     100     100     600     300     1300    200     
2750   2000 4400    2500    1700    800     800     600     2200    300     300     100     0       700     100     300     200     400     1700    100     200     
2750   2001 5100    2800    3000    1000    800     800     1900    600     200     0       400     400     400     100     300     1400    200     300     800     
2750   2002 6900    2600    4900    1800    2500    2500    300     700     300     300     1200    1000    900     300     1300    200     0       100     600     
2750   2003 6900    2400    3500    2200    1700    1700    1600    0       1600    100     1000    600     300     900     500     200     0       1400    300     
2750   2004 6500    2800    4300    800     2700    1700    1000    300     200     600     1400    700     100     900     700     500     100     400     600     
2750   2005 5500    2900    2300    1800    1300    1200    1700    500     700     600     500     200     700     300     200     400     500     800     100     
2750   2006 8800    4000    3900    2500    2500    800     2000    2000    400     200     1100    1200    200     100     500     800     100     1100    1100    
2750   2007 6300    3600    2400    1500    1700    1500    1300    400     0       900     400     400     300     900     300     100     1100    100     1400    
2750   2008 3600    3500    1300    2100    900     100     800     300     400     200     300     400     100     0       0       500     100     200     1100    
2750   2009 5600    1900    3500    1600    1100    1700    2100    400     100     0       300     800     0       700     1000    700     100     1300    200     
2750   2010 3400    2100    2300    700     1700    200     900     500     0       0       800     900     100     100     0       400     400     100     100     
2750   2011 8000    1100    4600    400     1600    1800    3600    100     200     200     1000    400     500     100     1200    1400    1000    1200    700     
2750   2012 3100    3800    1100    1400    400     700     1200    200     500     200     100     100     200     200     300     200     100     900     100     
2750   2013 5900    1500    4500    500     1700    1800    1300    400     0       0       600     1100    500     300     1000    1000    300     0       700     
2750   2014 7400    3200    3500    2500    600     3100    1700    500     1300    400     200     0       500     1900    700     200     600     900     200     
2750   2015 6500    3800    2900    1300    1600    1300    2100    600     500     1000    400     200     100     300     900     1000    400     700     400     
2750   2016 6800    3100    3200    1200    2500    200     2500    600     200     800     700     1000    0       100     100     1300    600     600     800     
2750   2017 4500    3500    2200    2000    500     700     1900    500     700     300     0       200     400     100     200     1300    500     100     200     
2750   2018 -999999 1500    -999999 900     1100    -999999 2600    400     300     0       100     1000    -999999 -999999 800     700     200     1700    700     
2750   2019 3700    3100    2400    1200    1300    700     800     300     200     0       1100    200     0       400     300     400     0       400     400     
2750   2020 6200    1400    2300    900     500     1400    2700    200     300     100     200     200     500     700     200     500     800     1400    1100    
2750   2021 4400    4300    1900    1900    800     900     1400    500     300     200     500     100     400     200     300     400     400     600     500     
