EUROPEAN CLIMATE ASSESSMENT & DATASET (ECA&D), file created on: 20-01-2022
THESE DATA CAN BE USED FOR NON-COMMERCIAL RESEARCH AND EDUCATION PROVIDED THAT THE FOLLOWING SOURCE IS ACKNOWLEDGED: 

Klein Tank, A.M.G. and Coauthors, 2002. Daily dataset of 20th-century surface
air temperature and precipitation series for the European Climate Assessment.
Int. J. of Climatol., 22, 1441-1453.
Data and metadata available at http://www.ecad.eu

FILE FORMAT (MISSING VALUE CODE = -999999):

THIS FILE HOLDS DATA FOR STATION RUSSIAN FEDERATION                       TURUXANSK                                (STAID:   3198)
LATITUDE: dd:mm:ss +65:46:59
LONGITUDE: ddd:mm:ss +087:55:59
ELEVATION: m   38

DATA IS FOR INDEX Days with TN > 90th percentile of daily min temp (warm nights) (TN90p) with unit 0.01 No of days

01-06 SOUID: Source identifier
08-11 YEAR : YYYY
13-20 ANNUAL DATA VALUES
21-28 WINTER HALF YEAR DATA VALUES
29-36 SUMMER HALF YEAR DATA VALUES
37-44 WINTER (DJF) DATA VALUES
45-52 SPRING (MAM) DATA VALUES
53-60 SUMMER (JJA) DATA VALUES
61-68 AUTUMN (SON) DATA VALUES
69-76 JANUARY DATA VALUES
etc. 
157-164 DECEMBER DATA VALUES

3198   1960 2400    -999999 1600    -999999 700     500     500     100     100     0       0       700     500     0       0       400     100     0       500     
3198   1961 2400    1800    1100    600     1700    0       600     0       100     1100    500     100     0       0       0       500     0       100     0       
3198   1962 6300    3100    2500    2700    1100    1300    700     1600    1100    300     400     400     300     700     300     400     0       300     500     
3198   1963 3100    1600    1500    1000    500     1000    1100    300     200     300     200     0       0       200     800     300     500     300     0       
3198   1964 3800    1200    2600    400     700     800     1900    400     0       0       400     300     200     300     300     1100    500     300     0       
3198   1965 3400    1500    2200    500     600     1300    900     500     0       200     200     200     0       700     600     500     400     0       100     
3198   1966 1700    800     1300    200     200     500     900     100     0       200     0       0       400     0       100     800     100     0       0       
3198   1967 6100    800     2700    300     1200    1600    2100    200     100     400     700     100     300     1200    100     300     1600    200     900     
3198   1968 3800    4700    1500    1900    1600    900     300     200     800     1000    300     300     0       600     300     0       300     0       0       
3198   1969 2100    400     900     0       500     500     900     0       0       100     0       400     100     400     0       0       0       900     200     
3198   1970 2800    2300    1200    1000    800     600     600     300     500     400     400     0       100     500     0       200     200     200     0       
3198   1971 3700    700     1700    300     800     800     1600    300     0       0       100     700     300     100     400     100     500     1000    200     
3198   1972 2200    2000    1700    500     200     1500    200     0       300     0       0       200     1000    200     300     0       200     0       0       
3198   1973 3900    1100    1600    500     900     1000    1100    0       500     400     200     300     0       400     600     100     400     600     400     
3198   1974 1400    1400    800     400     700     100     0       0       0       0       400     300     0       0       100     0       0       0       600     
3198   1975 4300    2000    2000    1800    1000    900     800     600     600     200     500     300     0       200     700     300     200     300     400     
3198   1976 3600    1700    2100    1100    900     1100    900     600     100     100     600     200     600     300     200     200     0       700     0       
3198   1977 4200    1400    1900    500     1600    400     1500    300     200     200     800     600     200     100     100     100     0       1400    200     
3198   1978 4300    2400    1300    600     800     900     2000    200     200     400     200     200     300     600     0       0       900     1100    200     
3198   1979 3700    2300    2900    300     300     2100    800     0       100     0       100     200     700     900     500     500     100     200     400     
3198   1980 3100    1000    1900    700     300     1200    900     0       300     0       300     0       300     100     800     400     500     0       400     
3198   1981 6500    3200    3000    2200    1500    1300    1000    1500    300     500     800     200     500     100     700     700     0       300     900     
3198   1982 4800    2000    2800    1700    1500    1200    100     400     400     0       700     800     500     200     500     100     0       0       1200    
3198   1983 6100    3100    1800    2900    500     1100    2000    1200    500     200     100     200     700     200     200     400     1100    500     800     
3198   1984 5700    3900    3800    2000    900     2600    900     800     400     300     200     400     1000    800     800     600     300     0       100     
3198   1985 4500    500     3400    100     1100    1700    1600    0       0       100     400     600     1400    0       300     700     700     200     100     
3198   1986 4800    1500    2100    400     700     1600    1600    0       300     200     100     400     400     800     400     0       500     1100    600     
3198   1987 2500    2900    1500    1300    600     500     500     600     100     0       100     500     0       300     200     400     100     0       200     
3198   1988 3800    900     1000    600     300     300     1600    200     200     200     0       100     100     0       200     600     700     300     1200    
3198   1989 4300    4100    1300    2400    1500    500     800     200     1000    700     100     700     100     0       400     0       500     300     300     
3198   1990 3700    2500    2100    700     1900    1200    100     0       400     1000    300     600     500     600     100     0       100     0       100     
3198   1991 5000    1000    2700    800     800     900     2200    600     100     100     400     300     400     400     100     1100    300     800     400     
3198   1992 5000    3400    2600    2000    1200    1700    200     500     1100    300     0       900     0       300     1400    0       200     0       300     
3198   1993 5000    2700    2100    1900    800     1800    300     1000    600     600     200     0       700     500     600     100     100     100     500     
3198   1994 4800    1600    2800    900     1200    1700    1100    400     0       500     400     300     300     1000    400     400     600     100     400     
3198   1995 6000    4600    2200    2700    2400    900     200     900     1400    1200    1100    100     0       0       900     100     100     0       200     
3198   1996 3400    1200    1200    800     500     1000    1000    0       600     300     0       200     300     700     0       0       600     400     300     
3198   1997 7100    2400    4100    900     3800    400     2100    0       600     500     1700    1600    200     0       200     400     1500    200     200     
3198   1998 3300    3000    1900    600     1200    1400    0       100     300     700     0       500     0       200     1200    0       0       0       300     
3198   1999 6000    1900    2200    1800    1200    1000    1200    400     1100    100     100     1000    400     200     400     100     600     500     1100    
3198   2000 4300    3300    3100    1700    1200    2100    400     300     300     500     100     600     900     0       1200    300     0       100     0       
3198   2001 5100    400     4000    300     700     2900    1000    200     100     0       0       700     1400    300     1200    400     100     500     200     
3198   2002 5800    2800    3100    1300    2000    2000    600     400     700     900     100     1000    1200    200     600     0       400     200     100     
3198   2003 5400    1400    3700    400     1500    2000    1000    0       300     400     100     1000    900     200     900     600     300     100     600     
3198   2004 4700    2600    2100    1900    1000    1300    1100    500     800     300     0       700     1100    200     0       100     100     900     0       
3198   2005 5800    2300    2600    800     1500    1000    2300    800     0       500     200     800     600     300     100     600     700     1000    200     
3198   2006 3200    2200    2300    300     400     1400    800     0       100     200     0       200     700     600     100     700     100     0       500     
3198   2007 7400    2600    3000    2400    1900    1100    1500    1900    0       100     1400    400     300     700     100     100     500     900     1000    
3198   2008 5400    4000    2100    2200    1300    400     1900    300     900     400     300     600     200     0       200     800     900     200     600     
3198   2009 4900    2400    3000    1000    1600    900     2000    400     0       300     800     500     200     500     200     800     1200    0       0       
3198   2010 2900    1600    1000    0       1000    300     1600    0       0       400     400     200     100     100     100     100     800     700     0       
3198   2011 7300    2400    4200    200     3300    800     2300    100     100     700     1400    1200    800     0       0       800     1500    0       700     
3198   2012 5000    3300    3700    1600    1400    1700    1000    300     600     200     500     700     1100    500     100     800     100     100     0       
3198   2013 4300    400     3100    100     1300    1900    600     100     0       100     500     700     800     500     600     0       0       600     400     
3198   2014 5300    2100    2700    500     2800    900     100     0       100     1000    1100    700     700     100     100     0       0       100     1400    
3198   2015 7600    3100    4600    2500    3100    1700    900     500     600     500     1200    1400    1200    400     100     300     300     300     800     
3198   2016 6600    3500    4200    2100    2000    1900    1100    300     1000    800     1100    100     1100    600     200     1100    0       0       300     
3198   2017 5600    2800    1800    1000    2400    1200    600     100     600     1800    200     400     800     200     200     0       200     400     700     
3198   2018 5600    2400    2500    1700    300     1800    2300    700     300     100     200     0       1400    100     300     500     1700    100     200     
3198   2019 -999999 4000    -999999 900     2300    -999999 -999999 300     400     1300    300     700     0       -999999 -999999 -999999 -999999 -999999 -999999 
