EUROPEAN CLIMATE ASSESSMENT & DATASET (ECA&D), file created on: 20-01-2022
THESE DATA CAN BE USED FOR NON-COMMERCIAL RESEARCH AND EDUCATION PROVIDED THAT THE FOLLOWING SOURCE IS ACKNOWLEDGED: 

Klein Tank, A.M.G. and Coauthors, 2002. Daily dataset of 20th-century surface
air temperature and precipitation series for the European Climate Assessment.
Int. J. of Climatol., 22, 1441-1453.
Data and metadata available at http://www.ecad.eu

FILE FORMAT (MISSING VALUE CODE = -999999):

THIS FILE HOLDS DATA FOR STATION SWEDEN                                   TROLLHATTAN                              (STAID:   5357)
LATITUDE: dd:mm:ss +58:18:00
LONGITUDE: ddd:mm:ss +012:19:12
ELEVATION: m   42

DATA IS FOR INDEX Days with TN > 90th percentile of daily min temp (warm nights) (TN90p) with unit 0.01 No of days

01-06 SOUID: Source identifier
08-11 YEAR : YYYY
13-20 ANNUAL DATA VALUES
21-28 WINTER HALF YEAR DATA VALUES
29-36 SUMMER HALF YEAR DATA VALUES
37-44 WINTER (DJF) DATA VALUES
45-52 SPRING (MAM) DATA VALUES
53-60 SUMMER (JJA) DATA VALUES
61-68 AUTUMN (SON) DATA VALUES
69-76 JANUARY DATA VALUES
etc. 
157-164 DECEMBER DATA VALUES

5357   1882 1200    -999999 600     -999999 400     300     100     100     300     200     200     0       0       100     200     100     0       0       0       
5357   1883 1200    0       1100    0       300     800     100     0       0       0       0       300     200     600     0       0       0       100     0       
5357   1884 1100    400     700     200     200     200     500     0       200     100     100     0       0       100     100     400     0       100     0       
5357   1885 1100    200     800     100     300     500     0       0       100     0       300     0       300     200     0       0       0       0       200     
5357   1886 800     200     600     200     200     100     500     0       0       0       200     0       0       0       100     300     100     100     0       
5357   1887 1300    800     600     400     300     500     100     200     200     200     100     0       0       300     200     0       0       100     0       
5357   1888 400     100     100     0       0       100     0       0       0       0       0       0       0       0       100     0       0       0       300     
5357   1889 2300    500     2000    500     800     1200    0       200     0       0       0       800     1000    200     0       0       0       0       100     
5357   1890 -999999 1000    -999999 -999999 900     0       300     500     -999999 300     200     400     0       0       0       100     200     0       0       
5357   1891 1100    500     500     200     100     500     300     0       200     100     0       0       -999999 400     100     0       300     0       0       
5357   1892 1100    300     900     0       400     400     200     0       0       0       0       400     0       100     300     100     100     0       100     
5357   1893 2900    200     2500    100     300     2200    100     0       0       0       200     100     300     800     1100    0       0       100     300     
5357   1894 3100    800     2600    500     2200    600     100     100     100     200     1400    600     200     400     0       0       0       100     0       
5357   1895 200     -999999 200     0       -999999 0       0       0       0       -999999 0       200     0       0       0       0       0       0       0       
5357   1896 2500    700     1700    600     200     1600    100     100     500     100     100     0       1000    600     0       0       0       100     0       
5357   1897 2800    300     1900    200     100     1800    300     0       200     0       100     0       500     1000    300     0       0       300     400     
5357   1898 2000    1200    400     900     0       200     600     500     0       0       0       0       100     0       100     200     200     200     700     
5357   1899 2200    1900    1100    1200    500     900     200     100     400     300     200     0       0       900     0       0       0       200     100     
5357   1900 1600    400     800     200     100     600     100     100     0       0       100     0       0       100     500     100     0       0       700     
5357   1901 3200    800     2500    800     600     1500    1000    100     0       0       0       600     0       1000    500     400     600     0       0       
5357   1902 600     1100    0       500     0       0       100     500     0       0       0       0       0       0       0       0       0       100     0       
5357   1903 2300    1700    600     1000    1200    0       100     300     700     600     100     500     0       0       0       0       100     0       0       
5357   1904 800     100     500     0       100     300     100     0       0       0       0       100     100     100     100     100     0       0       300     
5357   1905 3500    1600    1900    1200    800     1400    100     400     500     400     100     300     800     500     100     100     0       0       300     
5357   1906 3300    900     2200    500     1400    1000    600     200     0       400     200     800     400     100     500     200     100     300     100     
5357   1907 1900    700     1100    200     500     700     600     100     0       100     0       400     300     400     0       0       600     0       0       
5357   1908 2500    800     1300    200     200     1000    700     200     0       0       0       200     200     800     0       100     500     100     400     
5357   1909 900     1200    100     600     0       100     600     200     0       0       0       0       0       0       100     0       600     0       0       
5357   1910 2700    1200    1800    500     400     1000    600     300     200     100     200     100     500     100     400     500     100     0       200     
5357   1911 3100    600     2500    500     1000    1100    500     200     100     0       400     600     500     300     300     400     0       100     200     
5357   1912 2300    800     1500    300     600     1300    100     100     0       400     200     0       300     800     200     0       0       100     200     
5357   1913 2000    1200    -999999 1000    -999999 400     600     400     400     100     -999999 0       0       400     0       0       200     400     0       
5357   1914 5100    2100    3200    1500    700     2300    200     300     1200    0       400     300     200     1600    500     200     0       0       400     
5357   1915 600     400     600     400     100     400     100     0       0       0       0       100     100     100     200     100     0       0       0       
5357   1916 2300    600     1300    600     200     1100    400     600     0       0       0       200     0       900     200     0       0       400     0       
5357   1917 2600    400     2500    0       300     1900    300     0       0       0       0       300     600     600     700     300     0       0       100     
5357   1918 1000    200     500     200     200     300     300     0       100     0       0       200     0       200     100     0       300     0       100     
5357   1919 600     400     600     100     200     300     100     0       0       0       100     100     0       300     0       100     0       0       0       
5357   1920 2500    1200    1200    500     1500    400     100     100     400     700     600     200     100     300     0       0       0       100     0       
5357   1921 3400    1200    1800    200     2400    200     400     200     0       900     1000    500     0       100     100     100     300     0       200     
5357   1922 1200    800     600     500     200     200     200     0       300     0       0       200     100     0       100     200     0       0       300     
5357   1923 1100    1000    400     1000    0       400     0       700     0       0       0       0       0       400     0       0       0       0       0       
5357   1924 2200    0       600     0       100     300     600     0       0       0       0       100     0       0       300     200     200     200     1200    
5357   1925 5200    3300    3200    2800    500     2800    300     900     700     100     100     300     400     1800    600     0       300     0       0       
5357   1926 3100    700     2200    200     600     1400    800     200     0       200     300     100     100     1000    300     400     0       400     100     
5357   1927 3300    1300    2200    200     800     2000    400     100     0       700     100     0       0       1400    600     100     200     100     0       
5357   1928 1200    500     500     200     200     200     600     0       200     0       200     0       0       0       200     100     200     300     0       
5357   1929 1400    600     500     0       400     100     500     0       0       100     100     200     0       100     0       100     0       400     400     
5357   1930 3800    1700    2200    1000    1500    900     600     600     0       300     900     300     300     400     200     100     400     100     200     
5357   1931 1700    700     500     200     0       500     1000    0       0       0       0       0       0       300     200     0       300     700     200     
5357   1932 4600    2400    2300    1300    400     1900    200     1000    100     100     0       300     100     1000    800     100     0       100     1000    
5357   1933 4200    1800    3400    1400    800     2200    800     300     100     300     500     0       600     1100    500     700     100     0       0       
5357   1934 7800    1700    3900    1300    2000    1800    1000    400     900     300     800     900     200     1100    500     400     300     300     1700    
5357   1935 5200    2900    3500    2100    1500    2100    900     0       400     200     1300    0       700     500     900     100     300     500     300     
5357   1936 5000    1500    3900    600     600     3300    100     300     0       100     400     100     1300    1200    800     100     0       0       700     
5357   1937 5300    1100    4300    1100    700     3100    1100    400     0       0       200     500     200     1100    1800    500     600     0       0       
5357   1938 7600    2700    4100    600     2400    2500    1600    400     200     1500    700     200     200     800     1500    700     300     600     500     
5357   1939 4900    2900    2800    1800    700     2100    700     100     1200    200     500     0       200     600     1300    200     0       500     100     
5357   1940 4000    600     3400    100     600     2800    500     0       0       0       100     500     1400    1300    100     0       0       500     100     
5357   1941 5000    600     4300    100     500     3500    600     0       0       0       0       500     600     2300    600     300     300     0       400     
5357   1942 2400    700     1400    400     200     800     700     0       0       0       200     0       0       200     600     400     200     100     700     
5357   1943 5400    2600    3400    1700    2300    1400    600     0       1000    600     1200    500     300     600     500     300     300     0       100     
5357   1944 3400    1100    2000    800     100     1900    100     500     200     0       0       100     0       1000    900     0       100     0       600     
5357   1945 4600    1700    3500    1000    1900    2200    0       100     300     600     1000    300     400     500     1300    0       0       0       100     
5357   1946 4100    400     3100    400     1200    1400    1200    300     0       0       700     500     200     800     400     500     0       700     0       
5357   1947 6600    900     6100    200     1600    3600    1100    200     0       0       300     1300    1000    1700    900     900     200     0       100     
5357   1948 4000    1100    2800    100     2000    1300    300     0       0       800     1000    200     100     800     400     300     0       0       400     
5357   1949 6900    1900    4100    1700    1800    1100    2500    400     900     200     800     800     0       1000    100     1400    700     400     200     
5357   1950 3300    2100    2400    500     1900    1000    100     100     200     500     800     600     100     300     600     0       100     0       0       
5357   1951 -999999 -999999 -999999 200     -999999 -999999 -999999 0       200     -999999 -999999 -999999 -999999 -999999 -999999 -999999 100     600     700     
5357   1952 1900    1700    1400    1000    800     600     100     100     200     0       400     400     0       400     200     0       100     0       100     
5357   1953 5900    800     3700    400     1500    2100    1600    0       300     300     600     600     1300    500     300     400     1000    200     400     
5357   1954 2500    1600    1600    400     500     900     500     0       0       0       -999999 300     200     400     300     200     200     100     600     
5357   1955 4100    900     3200    600     0       2300    1700    0       0       0       0       0       0       1100    1200    900     500     300     100     
5357   1956 2100    1200    800     400     100     400     500     200     100     0       0       100     300     100     0       300     200     0       800     
5357   1957 3700    1900    1900    1700    300     1400    600     700     200     0       200     100     200     800     400     200     100     300     500     
5357   1958 2900    1100    1900    600     200     1500    1100    0       100     100     0       100     300     700     500     300     500     300     0       
5357   1959 6200    1900    4000    800     2000    2100    800     0       800     300     1300    400     100     1000    1000    200     0       600     500     
5357   1960 4000    1700    2500    1100    600     1200    1300    600     0       0       200     400     400     0       800     700     200     400     300     
5357   1961 5400    3400    1900    1400    1900    900     1500    0       1100    1400    500     0       800     0       100     500     800     200     0       
5357   1962 1300    1400    300     400     300     0       600     300     100     0       300     0       0       0       0       0       500     100     0       
5357   1963 1600    600     1000    0       500     300     700     0       0       0       100     400     100     0       200     200     500     0       100     
5357   1964 2300    900     1200    400     500     500     400     200     100     0       300     200     0       100     400     200     0       200     600     
5357   1965 1000    900     900     700     0       400     500     100     0       0       0       0       100     0       300     500     0       0       0       
5357   1966 1600    0       1100    0       300     600     600     0       0       0       100     200     300     300     0       200     400     0       100     
5357   1967 3600    1700    1500    100     1700    800     1000    0       0       1200    300     200     0       400     400     200     600     200     100     
5357   1968 4000    1900    2600    400     1500    1200    1000    200     100     700     500     300     400     300     500     600     200     200     0       
5357   1969 4100    400     3300    0       300     2200    1600    0       0       0       200     100     800     800     600     800     800     0       0       
5357   1970 3000    800     1900    0       100     1400    1100    0       0       0       0       100     500     300     600     400     400     300     400     
5357   1971 5500    2200    1900    1500    1000    800     1300    500     600     0       300     700     300     400     100     100     700     500     1300    
5357   1972 5200    2600    2500    1300    1300    1300    800     0       0       100     700     500     400     600     300     0       100     700     1800    
5357   1973 4200    3900    2500    2600    1300    1400    500     100     700     500     100     700     400     900     100     300     0       200     200     
5357   1974 4500    1800    1900    1600    800     800     900     500     900     0       600     200     500     0       300     300     0       600     600     
5357   1975 7200    2900    3200    1900    1200    1900    1800    1200    100     400     0       800     500     300     1100    500     900     400     1000    
5357   1976 4100    3300    2500    1700    1300    1300    800     300     400     300     500     500     300     500     500     200     200     400     0       
5357   1977 3400    1000    1300    0       700     1000    1500    0       0       400     0       300     600     300     100     0       900     600     200     
5357   1978 4000    2600    1200    800     800     700     1900    400     200     300     200     300     500     100     100     0       400     1500    0       
5357   1979 2000    1900    1300    0       600     300     500     0       0       0       0       600     300     0       0       400     0       100     600     
5357   1980 3700    700     2900    600     100     2200    800     0       0       0       0       100     900     700     600     600     0       200     600     
5357   1981 2500    1400    1800    1100    700     600     700     300     200     100     0       600     100     300     200     600     100     0       0       
5357   1982 5000    600     3200    300     900     1800    1700    0       300     200     500     200     300     600     900     700     100     900     300     
5357   1983 6400    3400    3200    2100    1500    1400    1400    1800    0       300     700     500     200     800     400     600     300     500     300     
5357   1984 -999999 -999999 1800    600     -999999 700     900     300     0       -999999 300     800     200     100     400     0       500     400     300     
5357   1985 1600    1200    800     300     200     600     500     0       0       0       100     100     0       200     400     0       500     0       300     
5357   1986 2200    800     600     300     200     300     1200    0       0       0       0       200     0       300     0       100     100     1000    500     
5357   1987 1100    1700    700     600     300     400     100     0       100     0       200     100     0       100     300     0       100     0       200     
5357   1988 3300    1000    2300    900     1000    900     400     500     200     0       500     500     400     500     0       400     0       0       300     
5357   1989 7400    4700    1600    3400    2200    400     1200    1900    1200    1300    700     200     100     200     100     300     700     200     500     
5357   1990 7900    6500    2200    4100    2700    900     600     1500    2100    1500    900     300     100     200     600     100     100     400     100     
5357   1991 3600    1600    1500    800     1200    500     700     200     500     300     900     0       0       0       500     100     0       600     500     
5357   1992 4800    3600    1700    1800    1800    1000    200     600     700     1200    400     200     400     400     200     100     0       100     500     
5357   1993 3000    2000    1400    1200    2100    0       100     500     200     700     700     700     0       0       0       0       100     0       100     
5357   1994 3300    500     2000    400     900     1000    400     300     0       0       800     100     0       400     600     100     100     200     700     
5357   1995 5000    2100    2500    1500    900     1100    2200    0       800     300     300     300     100     400     600     800     1200    200     0       
5357   1996 1700    1400    900     0       200     700     700     0       0       0       200     0       100     0       600     0       300     400     100     
5357   1997 4700    2700    2400    1200    1500    1400    400     0       1100    800     500     200     100     100     1200    300     0       100     300     
5357   1998 5300    3300    1900    2800    1200    200     1000    900     1600    400     500     300     100     100     0       900     100     0       400     
5357   1999 5300    1900    3000    1400    1300    800     2100    800     200     400     800     100     200     500     100     1300    200     600     100     
5357   2000 8100    2700    2900    1800    1900    800     2200    900     800     100     1400    400     300     200     300     300     900     1000    1500    
5357   2001 4600    4200    2500    2100    1200    1100    1600    400     200     200     900     100     0       500     600     400     900     300     100     
5357   2002 6500    3500    4300    1800    2500    2000    300     400     1300    500     900     1100    100     700     1200    300     0       0       0       
5357   2003 5200    900     3300    700     1000    1900    800     700     0       200     300     500     400     1000    500     600     0       200     800     
5357   2004 4400    1900    3100    1200    2200    1000    500     0       400     500     1000    700     0       200     800     400     0       100     300     
5357   2005 4400    1600    2100    1500    900     900     1300    1100    100     0       600     300     100     300     500     300     200     800     100     
5357   2006 7600    1200    3800    200     500     2100    3100    100     0       0       300     200     200     1000    900     1200    900     1000    1800    
5357   2007 5400    5300    2900    2600    2000    1500    400     800     0       800     900     300     300     300     900     200     100     100     700     
5357   2008 5400    3700    1900    2800    1400    900     800     800     1300    700     500     200     400     100     400     300     300     200     200     
5357   2009 4500    1000    3400    400     1100    1400    1800    200     0       100     1000    0       100     800     500     1000    100     700     0       
5357   2010 3200    1000    2900    0       1300    1600    300     0       0       200     500     600     0       600     1000    200     0       100     0       
5357   2011 6100    400     3700    100     1600    1700    2200    100     0       200     1400    0       300     900     500     600     500     1100    500     
5357   2012 3600    3200    1700    900     1300    900     900     100     300     700     500     100     0       400     500     200     200     500     100     
5357   2013 5100    1100    2700    400     1700    700     1300    300     0       0       600     1100    200     300     200     300     700     300     1100    
5357   2014 6900    4900    2700    2700    2500    1100    1500    500     1100    1200    800     500     200     700     200     300     600     600     200     
5357   2015 5600    3100    1700    1200    1400    500     1400    300     700     700     500     200     0       200     300     500     100     800     1300    
5357   2016 5900    3400    3600    2300    1700    1100    1200    400     600     200     900     600     600     200     300     1000    0       200     900     
5357   2017 5000    2300    2900    1600    1800    1000    1200    200     500     500     600     700     100     300     600     600     500     100     300     
5357   2018 6200    1100    4400    500     1500    2400    2000    200     0       0       800     700     200     1100    1100    500     600     900     100     
5357   2019 6600    3100    3600    1200    1900    1800    1200    100     1000    400     800     700     400     800     600     300     300     600     600     
5357   2020 9800    5300    3600    3600    1500    1900    2400    1600    1400    800     700     0       900     300     700     1000    500     900     1000    
5357   2021 -999999 3700    3500    1600    900     2900    -999999 100     500     700     100     100     700     1800    400     400     800     -999999 -999999 
