EUROPEAN CLIMATE ASSESSMENT & DATASET (ECA&D), file created on: 20-01-2022
THESE DATA CAN BE USED FOR NON-COMMERCIAL RESEARCH AND EDUCATION PROVIDED THAT THE FOLLOWING SOURCE IS ACKNOWLEDGED: 

Klein Tank, A.M.G. and Coauthors, 2002. Daily dataset of 20th-century surface
air temperature and precipitation series for the European Climate Assessment.
Int. J. of Climatol., 22, 1441-1453.
Data and metadata available at http://www.ecad.eu

FILE FORMAT (MISSING VALUE CODE = -999999):

THIS FILE HOLDS DATA FOR STATION ITALY                                    PIACENZA                                 (STAID:   2077)
LATITUDE: dd:mm:ss +44:55:12
LONGITUDE: ddd:mm:ss +009:43:48
ELEVATION: m  134

DATA IS FOR INDEX Days with TN > 90th percentile of daily min temp (warm nights) (TN90p) with unit 0.01 No of days

01-06 SOUID: Source identifier
08-11 YEAR : YYYY
13-20 ANNUAL DATA VALUES
21-28 WINTER HALF YEAR DATA VALUES
29-36 SUMMER HALF YEAR DATA VALUES
37-44 WINTER (DJF) DATA VALUES
45-52 SPRING (MAM) DATA VALUES
53-60 SUMMER (JJA) DATA VALUES
61-68 AUTUMN (SON) DATA VALUES
69-76 JANUARY DATA VALUES
etc. 
157-164 DECEMBER DATA VALUES

2077   1951 6900    -999999 3700    -999999 1100    1500    2400    700     1200    400     200     500     700     400     400     1500    200     700     0       
2077   1952 5500    1000    5100    0       1900    3200    300     0       0       100     1100    700     1200    1200    800     100     200     0       100     
2077   1953 7400    300     3600    100     1600    1200    2500    0       0       0       500     1100    0       1000    200     800     1600    100     2100    
2077   1954 6200    4700    3300    2100    2100    1300    2200    0       0       900     500     700     1000    200     100     800     400     1000    600     
2077   1955 7300    4100    3400    2600    1100    1700    1700    1500    500     100     400     600     800     700     200     700     100     900     800     
2077   1956 6300    3100    3700    1800    1900    1500    1200    1000    0       300     800     800     200     200     1100    600     300     300     700     
2077   1957 7000    3100    3800    1400    2000    2600    1200    0       700     1100    700     200     1100    1000    500     300     300     600     500     
2077   1958 5800    2200    2600    1200    1100    1400    1700    100     600     100     0       1000    300     300     800     200     500     1000    900     
2077   1959 6200    4400    2500    1800    1700    1300    1800    700     200     1100    400     200     500     500     300     600     300     900     500     
2077   1960 4200    2600    1500    900     1000    900     800     100     300     500     100     400     700     100     100     100     300     400     1100    
2077   1961 3800    2200    1900    1400    1000    700     1200    0       300     100     800     100     300     100     300     300     400     500     600     
2077   1962 3000    2300    1600    1400    300     800     1000    600     200     0       200     100     200     100     500     500     0       500     100     
2077   1963 2800    900     1100    400     500     300     1500    300     0       0       300     200     100     100     100     300     0       1200    200     
2077   1964 5400    2300    3300    500     1800    1700    500     0       300     600     700     500     300     800     600     400     100     0       1100    
2077   1965 1300    1500    700     1300    100     600     400     100     100     100     0       0       600     0       0       100     100     200     0       
2077   1966 5300    2400    1700    1800    800     800     1900    100     1700    300     500     0       600     100     100     400     1500    0       0       
2077   1967 4000    2800    2000    500     1700    900     800     400     100     800     400     500     100     700     100     200     200     400     100     
2077   1968 4000    1500    2100    900     1200    900     1100    100     700     0       700     500     200     700     0       0       400     700     0       
2077   1969 3500    1700    2500    0       2200    700     600     0       0       600     300     1300    200     300     200     200     0       400     0       
2077   1970 2900    1300    1500    500     600     1000    800     500     0       400     200     0       500     300     200     300     400     100     0       
2077   1971 2700    500     1900    0       700     1100    500     0       0       0       300     400     0       400     700     100     100     300     400     
2077   1972 4700    3700    1300    2500    1100    1000    0       1000    1100    800     200     100     500     100     400     0       0       0       500     
2077   1973 3600    1400    2200    1200    600     1200    700     500     200     200     0       400     500     300     400     600     100     0       400     
2077   1974 6100    4300    1300    3500    900     800     1000    1600    1500    700     200     0       200     0       600     300     0       700     300     
2077   1975 4300    3000    1400    1700    1000    300     1100    1200    200     600     0       400     100     100     100     700     100     300     500     
2077   1976 2800    1100    1400    600     300     900     1100    0       100     100     100     100     400     400     100     300     600     200     400     
2077   1977 4900    3700    800     1900    1600    100     1700    700     800     1000    200     400     0       100     0       100     1200    400     0       
2077   1978 2400    2500    600     400     700     400     100     400     0       500     200     0       300     0       100     0       100     0       800     
2077   1979 3800    2400    1500    1900    600     1300    300     0       1100    400     0       200     1100    100     100     0       200     100     500     
2077   1980 1000    900     700     500     200     500     300     0       0       100     100     0       0       0       500     100     200     0       0       
2077   1981 2500    600     2000    0       700     1100    700     0       0       400     300     0       800     0       300     600     100     0       0       
2077   1982 3300    200     1600    100     200     1000    1600    100     0       0       0       200     300     400     300     400     300     900     400     
2077   1983 3000    2100    2300    700     600     1500    600     300     0       200     300     100     200     1000    300     400     100     100     0       
2077   1984 2300    600     400     300     300     200     600     200     100     100     100     100     100     100     0       0       400     200     900     
2077   1985 4800    1900    3400    900     800     2200    900     0       0       400     200     200     500     900     800     800     0       100     900     
2077   1986 5300    1400    3500    1000    2800    900     1100    100     0       300     700     1800    300     0       600     100     100     900     400     
2077   1987 4500    1700    2600    500     600     900     2400    0       100     200     400     0       0       600     300     1300    800     300     500     
2077   1988 5700    3200    3000    1800    1400    1600    1400    1100    200     300     200     900     0       900     700     300     1000    100     0       
2077   1989 4400    2600    2000    800     1400    1300    300     300     500     700     600     100     0       500     800     0       0       300     600     
2077   1990 4500    1900    2300    1300    1500    900     1400    100     600     300     300     900     300     200     400     200     1000    200     0       
2077   1991 6300    3100    4200    700     1300    3100    1200    700     0       1200    100     0       600     1200    1300    1000    0       200     0       
2077   1992 7100    1100    4000    700     800     2700    2000    300     400     200     400     200     400     500     1800    700     500     800     900     
2077   1993 6200    3300    3600    1600    1400    2100    1500    700     0       400     200     800     800     300     1000    500     600     400     500     
2077   1994 10000   3500    5400    2100    2200    2900    2200    800     800     400     700     1100    600     1000    1300    700     300     1200    1100    
2077   1995 6500    3700    3500    2100    1300    2200    1500    200     800     100     400     800     300     1400    500     100     800     600     500     
2077   1996 7700    3300    3400    1600    1500    2200    1500    1100    0       300     800     400     1300    700     200     0       400     1100    1400    
2077   1997 7500    4400    3900    2600    1100    2100    2400    700     500     300     300     500     1200    200     700     1000    600     800     700     
2077   1998 8700    3900    5800    2300    1800    3600    1300    1200    400     200     600     1000    1100    1100    1400    600     500     200     400     
2077   1999 9700    3000    5900    1400    2700    2900    2800    900     100     900     300     1500    1000    400     1500    1200    1000    600     300     
2077   2000 9200    2400    5500    800     2800    2400    1900    0       500     0       1100    1700    1200    300     900     300     700     900     1600    
2077   2001 11100   6900    5800    3700    4000    3200    1800    1600    500     1600    400     2000    600     800     1800    200     1300    300     0       
2077   2002 9200    3100    4200    800     1700    2700    2500    300     500     700     400     600     1500    700     500     500     500     1500    1500    
2077   2003 14500   5000    10400   2600    2700    7600    2000    900     200     400     400     1900    3000    1700    2900    500     500     1000    1100    
2077   2004 7700    3600    3700    1800    1000    2600    2400    600     100     300     500     200     1000    500     1100    400     1200    800     1000    
2077   2005 6300    4000    3600    1200    1500    2100    2200    200     0       800     200     500     1300    500     300     800     400     1000    300     
2077   2006 -999999 -999999 -999999 -999999 -999999 -999999 -999999 0       -999999 -999999 -999999 -999999 -999999 -999999 -999999 -999999 -999999 -999999 -999999 
