EUROPEAN CLIMATE ASSESSMENT & DATASET (ECA&D), file created on: 20-01-2022
THESE DATA CAN BE USED FOR NON-COMMERCIAL RESEARCH AND EDUCATION PROVIDED THAT THE FOLLOWING SOURCE IS ACKNOWLEDGED: 

Klein Tank, A.M.G. and Coauthors, 2002. Daily dataset of 20th-century surface
air temperature and precipitation series for the European Climate Assessment.
Int. J. of Climatol., 22, 1441-1453.
Data and metadata available at http://www.ecad.eu

FILE FORMAT (MISSING VALUE CODE = -999999):

THIS FILE HOLDS DATA FOR STATION FINLAND                                  KANKAANPAA NIINISALO PUOLUSTUSVOIMAT     (STAID:    713)
LATITUDE: dd:mm:ss +61:50:17
LONGITUDE: ddd:mm:ss +022:28:01
ELEVATION: m  124

DATA IS FOR INDEX Days with TN > 90th percentile of daily min temp (warm nights) (TN90p) with unit 0.01 No of days

01-06 SOUID: Source identifier
08-11 YEAR : YYYY
13-20 ANNUAL DATA VALUES
21-28 WINTER HALF YEAR DATA VALUES
29-36 SUMMER HALF YEAR DATA VALUES
37-44 WINTER (DJF) DATA VALUES
45-52 SPRING (MAM) DATA VALUES
53-60 SUMMER (JJA) DATA VALUES
61-68 AUTUMN (SON) DATA VALUES
69-76 JANUARY DATA VALUES
etc. 
157-164 DECEMBER DATA VALUES

713    1959 4000    -999999 1900    -999999 2000    500     800     100     400     600     600     800     100     0       400     0       400     400     200     
713    1960 3200    1400    1800    600     400     1000    600     300     100     0       100     300     0       500     500     400     100     100     800     
713    1961 6300    2400    3000    1600    1300    2000    2100    100     700     600     300     400     1400    400     200     300     1300    500     100     
713    1962 2400    2800    300     1000    300     0       1000    700     200     0       300     0       0       0       0       0       500     500     200     
713    1963 3300    1200    2900    200     1400    800     900     0       0       0       400     1000    0       100     700     700     200     0       200     
713    1964 3000    1000    1100    800     400     500     900     600     0       0       300     100     100     0       400     200     600     100     600     
713    1965 3700    2600    2200    1600    800     800     1100    1000    0       300     500     0       100     0       700     900     100     100     0       
713    1966 2700    200     1700    0       400     1200    800     0       0       0       300     100     600     500     100     100     300     400     300     
713    1967 5000    2600    1700    1000    1300    1100    1800    300     400     900     300     100     0       500     600     200     800     800     100     
713    1968 2200    2200    1500    100     600     700     800     0       0       500     100     0       200     200     300     700     0       100     100     
713    1969 2200    200     1700    100     200     1200    800     0       0       0       200     0       100     400     700     300     200     300     0       
713    1970 2000    500     1500    0       200     700     800     0       0       0       0       200     200     300     200     600     0       200     300     
713    1971 3500    2200    1500    1800    1100    600     200     1200    300     200     400     500     100     400     100     0       0       200     100     
713    1972 7300    1000    4700    500     1100    3700    300     0       400     300     300     500     800     1800    1100    200     0       100     1800    
713    1973 4900    3900    2500    3200    900     2200    100     700     700     600     100     200     900     1100    200     0       100     0       300     
713    1974 4800    2000    1400    1700    200     700     1300    500     900     200     0       0       500     100     100     700     100     500     1200    
713    1975 6200    3800    3000    2700    1900    700     1700    1100    400     500     200     1200    0       400     300     900     300     500     400     
713    1976 1700    1600    800     600     700     200     400     0       200     200     100     400     100     100     0       100     0       300     200     
713    1977 4000    1700    1400    400     1100    1200    1000    200     0       1000    0       100     400     200     600     100     600     300     500     
713    1978 2500    2600    800     1000    1000    400     600     500     0       700     0       300     200     0       200     100     100     400     0       
713    1979 2700    700     1600    0       700     1100    400     0       0       200     300     200     0       300     800     0       200     200     500     
713    1980 2200    1000    2000    500     500     1300    300     0       0       100     300     100     900     300     100     300     0       0       100     
713    1981 2400    400     1800    300     700     800     700     200     0       100     200     400     300     300     200     400     300     0       0       
713    1982 3600    900     1200    100     900     500     1400    0       100     500     300     100     0       200     300     300     100     1000    700     
713    1983 5300    3100    3600    1700    1800    1100    1200    1000    0       300     1200    300     400     500     200     1000    200     0       200     
713    1984 5000    600     2700    400     2000    700     1200    200     0       0       600     1400    0       200     500     0       800     400     900     
713    1985 1800    2100    1000    900     200     600     700     0       0       0       0       200     100     100     400     200     500     0       300     
713    1986 3600    1600    1200    400     1500    400     1300    100     0       700     200     600     400     0       0       0       200     1100    300     
713    1987 1100    1800    300     400     400     0       600     0       100     100     0       300     0       0       0       0       600     0       0       
713    1988 5300    2400    3500    1800    900     2400    200     600     1200    0       600     300     1100    1200    100     200     0       0       0       
713    1989 7700    4000    2400    2800    2600    300     1700    1300    1500    1200    1300    100     0       0       300     700     300     700     300     
713    1990 5600    4300    1300    2600    1500    500     400     400     1900    700     700     100     0       100     400     0       400     0       900     
713    1991 5400    2600    1900    1700    1500    900     1300    300     500     500     900     100     0       100     800     0       700     600     900     
713    1992 4900    4300    1600    1900    1500    700     500     500     500     1100    200     200     400     100     200     500     0       0       1200    
713    1993 3600    2800    1900    2500    2000    200     100     700     600     300     500     1200    0       200     0       0       100     0       0       
713    1994 5200    600     3000    100     1400    1900    600     100     0       400     900     100     100     1200    600     100     300     200     1200    
713    1995 5300    3600    2300    2600    900     1600    1400    300     1100    500     200     200     1100    300     200     300     1000    100     0       
713    1996 3300    1400    1700    300     500     900     1000    200     100     0       200     300     100     0       800     300     400     300     600     
713    1997 5400    2500    3600    1200    900     2900    600     100     500     600     100     200     500     1300    1100    400     0       200     400     
713    1998 4900    2500    2300    2200    800     700     1200    1100    700     100     500     200     300     400     0       900     300     0       400     
713    1999 5500    2100    2900    1400    1300    1500    1400    800     200     400     900     0       600     700     200     500     200     700     300     
713    2000 9000    2500    2600    1500    1300    1200    3700    600     600     100     700     500     500     500     200     200     1900    1600    1600    
713    2001 7000    6000    4800    2400    1400    2200    2500    500     300     100     1200    100     200     1100    900     1300    1200    0       100     
713    2002 6900    3600    4600    1900    1700    2900    500     800     1000    500     600     600     400     1300    1200    500     0       0       0       
713    2003 5300    400     3700    200     900     2400    1200    200     0       200     200     500     0       1900    500     600     100     500     600     
713    2004 5300    1900    3500    800     1500    1500    1600    0       200     500     200     800     0       400     1100    1000    300     300     500     
713    2005 7500    2200    3500    1600    1000    1700    3600    700     400     0       600     400     600     300     800     800     1300    1500    100     
713    2006 8400    3300    4700    500     900     2500    2800    400     0       0       300     600     600     700     1200    1300    400     1100    1800    
713    2007 7200    4900    2900    2400    2300    1300    1200    500     100     1000    700     600     0       300     1000    300     800     100     1800    
713    2008 6900    5800    2300    4100    2100    1000    800     1100    1200    800     800     500     100     400     500     0       400     400     700     
713    2009 4600    1800    3000    1000    800     1300    2100    200     100     0       500     300     400     400     500     900     0       1200    100     
713    2010 6800    1900    5900    200     2600    3400    700     0       100     500     1000    1100    0       2100    1300    400     200     100     0       
713    2011 9300    1000    5400    500     1300    3200    2800    400     100     200     800     300     700     1700    800     1100    400     1300    1500    
713    2012 6100    4500    3300    1800    2300    1400    2000    200     100     1000    900     400     0       1000    400     600     400     1000    100     
713    2013 8400    2300    4700    900     2200    1800    1800    500     300     0       600     1600    900     500     400     700     600     500     1800    
713    2014 11800   6900    5400    4500    2800    3600    1800    900     1800    1300    800     700     500     1800    1300    300     900     600     900     
713    2015 8900    6100    2200    3600    1900    600     2300    1300    1400    1000    600     300     0       300     300     700     400     1200    1400    
713    2016 7500    5100    4100    2800    2000    2000    1300    400     1000    700     700     600     500     1100    400     800     0       500     800     
713    2017 5500    3600    1900    2300    1200    800     1000    1000    500     800     300     100     0       200     600     700     100     200     1000    
713    2018 9500    2200    6600    1700    2300    3200    3000    600     100     200     900     1200    100     1800    1300    1300    500     1200    300     
713    2019 8800    4100    4400    1500    2200    2400    1400    200     1000    900     800     500     800     400     1200    700     300     400     1600    
713    2020 11300   6600    3600    5200    1200    2100    3500    2100    1500    700     400     100     1100    300     700     1000    1000    1500    900     
713    2021 8700    5300    4500    1700    1900    3400    2300    400     400     1100    200     600     1200    1600    600     300     1400    600     300     
