EUROPEAN CLIMATE ASSESSMENT & DATASET (ECA&D), file created on: 20-01-2022
THESE DATA CAN BE USED FOR NON-COMMERCIAL RESEARCH AND EDUCATION PROVIDED THAT THE FOLLOWING SOURCE IS ACKNOWLEDGED: 

Klein Tank, A.M.G. and Coauthors, 2002. Daily dataset of 20th-century surface
air temperature and precipitation series for the European Climate Assessment.
Int. J. of Climatol., 22, 1441-1453.
Data and metadata available at http://www.ecad.eu

FILE FORMAT (MISSING VALUE CODE = -999999):

THIS FILE HOLDS DATA FOR STATION GEORGIA                                  TETRI-TSKARO                             (STAID:  20281)
LATITUDE: dd:mm:ss +41:33:00
LONGITUDE: ddd:mm:ss +044:28:59
ELEVATION: m 1125

DATA IS FOR INDEX Days with TN > 90th percentile of daily min temp (warm nights) (TN90p) with unit 0.01 No of days

01-06 SOUID: Source identifier
08-11 YEAR : YYYY
13-20 ANNUAL DATA VALUES
21-28 WINTER HALF YEAR DATA VALUES
29-36 SUMMER HALF YEAR DATA VALUES
37-44 WINTER (DJF) DATA VALUES
45-52 SPRING (MAM) DATA VALUES
53-60 SUMMER (JJA) DATA VALUES
61-68 AUTUMN (SON) DATA VALUES
69-76 JANUARY DATA VALUES
etc. 
157-164 DECEMBER DATA VALUES

20281  1955 6100    -999999 3000    -999999 1100    1700    1600    900     600     200     200     700     600     400     700     400     900     300     200     
20281  1956 3100    2100    1500    900     200     1000    1000    600     100     0       200     0       100     200     700     300     600     100     200     
20281  1957 6700    1500    4600    400     1700    1600    3000    0       200     400     900     400     600     100     900     1700    800     500     200     
20281  1958 4900    3200    2700    1500    1700    1400    400     400     900     400     200     1100    700     100     600     0       400     0       100     
20281  1959 3000    1200    1700    800     400     1000    600     600     100     0       300     100     100     400     500     300     0       300     300     
20281  1960 5000    2400    1800    2000    1000    500     1600    900     800     100     400     500     400     0       100     400     600     600     200     
20281  1961 -999999 -999999 3300    -999999 1900    1800    700     -999999 -999999 400     400     1100    1000    500     300     0       0       700     600     
20281  1962 6800    3200    3600    1100    1800    2300    1800    400     100     1400    100     300     300     1100    900     900     700     200     400     
20281  1963 4500    3000    1200    1700    400     500     1700    800     500     400     0       0       100     300     100     700     800     200     600     
20281  1964 3900    1900    2600    700     800     1500    1300    0       100     200     100     500     1000    300     200     500     300     500     200     
20281  1965 4400    1700    2100    500     1000    1200    1000    100     200     400     200     400     500     400     300     300     0       700     900     
20281  1966 9200    5500    3400    4100    1100    2800    1700    1700    1500    700     300     100     800     1000    1000    200     700     800     400     
20281  1967 3300    2400    900     800     300     600     1600    300     100     100     0       200     200     0       400     100     900     600     400     
20281  1968 3400    2300    1700    800     1000    200     1500    100     300     0       100     900     100     0       100     500     500     500     300     
20281  1969 2400    1300    1500    300     700     800     400     0       0       0       100     600     700     0       100     0       100     300     500     
20281  1970 3200    2400    1200    1500    1600    100     300     500     500     500     900     200     0       0       100     0       0       300     200     
20281  1971 4400    1700    2700    1000    1000    800     1700    700     100     400     100     500     0       400     400     1300    100     300     100     
20281  1972 3300    600     1500    100     1300    200     1800    0       0       100     900     300     0       200     0       100     1500    200     0       
20281  1973 2900    2800    800     800     600     500     800     0       800     300     0       300     0       100     400     0       600     200     200     
20281  1974 3100    1500    1400    500     700     800     1200    0       300     200     100     400     400     200     200     100     900     200     100     
20281  1975 4300    1800    3500    400     900     2600    500     300     0       300     600     0       900     900     800     300     0       200     0       
20281  1976 2200    700     1300    500     200     1000    300     500     0       0       100     100     0       100     900     100     100     100     200     
20281  1977 3300    1600    1700    1000    1500    300     700     0       800     400     700     400     200     0       100     300     0       400     0       
20281  1978 2300    1200    900     400     500     400     600     100     300     400     0       100     0       400     0       400     200     0       400     
20281  1979 5100    2500    2300    1700    1400    600     1800    400     900     600     700     100     0       200     400     900     600     300     0       
20281  1980 2600    1000    1400    0       600     900     400     0       0       100     300     200     200     600     100     0       0       400     700     
20281  1981 3800    2700    1100    1800    600     700     800     600     500     500     0       100     100     0       600     300     500     0       600     
20281  1982 1800    1400    1400    900     1200    200     0       300     0       0       800     400     100     100     0       0       0       0       100     
20281  1983 4300    900     2400    800     1000    1500    400     400     300     100     400     500     200     1000    300     0       100     300     700     
20281  1984 2400    1500    1600    1100    300     800     900     400     0       0       300     0       100     600     100     500     400     0       0       
20281  1985 3700    2000    1400    1300    1100    100     1100    800     500     300     300     500     100     0       0       500     100     500     100     
20281  1986 3300    1800    1600    1100    200     900     1100    600     400     100     100     0       0       500     400     600     300     200     100     
20281  1987 2700    1600    900     1000    300     700     200     600     300     100     0       200     200     0       500     0       100     100     600     
20281  1988 1800    1400    800     1100    500     300     200     200     300     100     300     100     100     100     100     100     100     0       300     
20281  1989 4900    1700    3300    400     2000    1800    700     0       100     1200    700     100     800     300     700     700     0       0       300     
20281  1990 3200    1000    700     400     800     300     1400    0       100     600     0       200     300     0       0       200     200     1000    600     
20281  1991 -999999 2200    2200    600     600     1700    -999999 0       0       400     200     0       700     500     500     300     500     -999999 100     
20281  1992 -999999 -999999 400     200     200     200     300     0       100     0       100     100     0       0       200     0       200     100     -999999 
20281  1993 -999999 -999999 -999999 -999999 -999999 -999999 -999999 -999999 -999999 -999999 -999999 -999999 -999999 -999999 -999999 -999999 -999999 -999999 -999999 
20281  1994 -999999 -999999 -999999 -999999 -999999 -999999 -999999 -999999 -999999 -999999 -999999 -999999 -999999 -999999 -999999 -999999 -999999 -999999 -999999 
20281  1995 -999999 -999999 -999999 -999999 -999999 -999999 -999999 -999999 -999999 -999999 -999999 -999999 -999999 -999999 -999999 -999999 -999999 -999999 -999999 
20281  1996 -999999 -999999 -999999 -999999 -999999 -999999 -999999 -999999 -999999 -999999 -999999 -999999 -999999 -999999 -999999 -999999 -999999 -999999 -999999 
20281  1997 -999999 -999999 -999999 -999999 -999999 -999999 -999999 -999999 -999999 -999999 -999999 -999999 -999999 -999999 -999999 -999999 -999999 -999999 -999999 
20281  1998 -999999 -999999 -999999 -999999 -999999 -999999 -999999 -999999 -999999 -999999 -999999 -999999 -999999 -999999 -999999 -999999 -999999 -999999 -999999 
20281  1999 -999999 -999999 -999999 -999999 -999999 -999999 -999999 -999999 -999999 -999999 -999999 -999999 -999999 -999999 -999999 -999999 -999999 -999999 -999999 
20281  2000 -999999 -999999 -999999 -999999 -999999 -999999 -999999 -999999 -999999 -999999 -999999 -999999 -999999 -999999 -999999 -999999 -999999 -999999 -999999 
20281  2001 -999999 -999999 -999999 -999999 -999999 -999999 -999999 -999999 -999999 -999999 -999999 -999999 -999999 -999999 -999999 -999999 -999999 -999999 -999999 
20281  2002 -999999 -999999 1900    -999999 1300    500     3000    -999999 900     1100    0       200     100     300     100     1200    1300    500     0       
20281  2003 5400    2900    1800    1100    400     1000    2300    500     600     0       0       400     0       200     800     400     1800    100     600     
20281  2004 5600    5100    2200    1900    1900    800     1500    600     700     1300    300     300     100     0       700     800     400     300     100     
20281  2005 5300    1300    3300    300     1300    1300    1900    0       200     300     500     500     100     300     900     1000    600     300     600     
20281  2006 -999999 2500    5200    1000    1500    3800    1700    0       400     600     800     100     1400    200     2200    500     700     500     -999999 
