EUROPEAN CLIMATE ASSESSMENT & DATASET (ECA&D), file created on: 20-01-2022
THESE DATA CAN BE USED FOR NON-COMMERCIAL RESEARCH AND EDUCATION PROVIDED THAT THE FOLLOWING SOURCE IS ACKNOWLEDGED: 

Klein Tank, A.M.G. and Coauthors, 2002. Daily dataset of 20th-century surface
air temperature and precipitation series for the European Climate Assessment.
Int. J. of Climatol., 22, 1441-1453.
Data and metadata available at http://www.ecad.eu

FILE FORMAT (MISSING VALUE CODE = -999999):

THIS FILE HOLDS DATA FOR STATION FRANCE                                   NUAILLE SUR BOUTONNE                     (STAID:  21008)
LATITUDE: dd:mm:ss +46:01:10
LONGITUDE: ddd:mm:ss -000:24:24
ELEVATION: m   36

DATA IS FOR INDEX Days with TN > 90th percentile of daily min temp (warm nights) (TN90p) with unit 0.01 No of days

01-06 SOUID: Source identifier
08-11 YEAR : YYYY
13-20 ANNUAL DATA VALUES
21-28 WINTER HALF YEAR DATA VALUES
29-36 SUMMER HALF YEAR DATA VALUES
37-44 WINTER (DJF) DATA VALUES
45-52 SPRING (MAM) DATA VALUES
53-60 SUMMER (JJA) DATA VALUES
61-68 AUTUMN (SON) DATA VALUES
69-76 JANUARY DATA VALUES
etc. 
157-164 DECEMBER DATA VALUES

21008  1965 2000    -999999 900     -999999 1000    300     400     100     0       400     300     300     200     0       100     0       300     100     200     
21008  1966 3800    1900    1500    1400    700     300     1200    500     700     100     500     100     200     0       100     600     500     100     400     
21008  1967 2200    1900    600     900     600     200     800     200     300     400     0       200     0       100     100     200     600     0       100     
21008  1968 3000    1000    1100    300     600     600     1200    100     100     100     500     0       0       500     100     0       700     500     400     
21008  1969 2600    2300    1600    600     1200    800     400     200     0       500     400     300     300     300     200     100     100     200     0       
21008  1970 2600    1100    1300    800     300     700     600     400     400     0       300     0       200     100     400     300     0       300     200     
21008  1971 1700    600     1300    300     600     600     100     100     0       0       200     400     100     400     100     100     0       0       300     
21008  1972 1000    400     500     400     200     300     400     0       100     0       200     0       0       300     0       0       100     300     0       
21008  1973 3300    500     2600    0       600     1500    1100    0       0       100     100     400     200     100     1200    600     0       500     100     
21008  1974 2300    1500    600     800     500     100     600     500     200     200     200     100     0       0       100     200     0       400     400     
21008  1975 2900    1700    1900    1200    600     1200    300     700     100     100     300     200     300     100     800     200     0       100     0       
21008  1976 2700    300     2200    200     300     1600    600     100     100     0       100     200     400     900     300     300     200     100     0       
21008  1977 2100    1400    200     800     500     0       600     200     600     300     100     100     0       0       0       0       200     400     200     
21008  1978 2000    1400    500     600     200     300     300     100     300     200     0       0       100     200     0       200     100     0       800     
21008  1979 3200    2000    800     1400    800     300     1100    0       600     500     100     200     100     200     0       200     700     200     400     
21008  1980 1500    2000    600     800     400     100     600     100     300     300     100     0       0       0       100     400     200     0       0       
21008  1981 4400    1700    2000    200     2300    700     1100    200     0       1300    600     400     0       100     600     300     500     300     100     
21008  1982 4000    1900    2100    1000    500     1300    700     800     100     100     100     300     500     700     100     400     100     200     600     
21008  1983 4100    1700    2600    1400    500     1800    900     400     400     0       400     100     200     700     900     300     100     500     100     
21008  1984 2500    1400    900     800     100     700     1000    400     300     0       100     0       300     200     200     100     200     700     0       
21008  1985 3500    1700    1500    500     700     1100    400     200     300     300     200     200     500     500     100     0       100     300     800     
21008  1986 2900    1700    1500    1100    500     800     1100    300     0       200     0       300     600     0       200     400     300     400     200     
21008  1987 5000    1500    3300    500     1300    1100    1800    100     200     300     800     200     200     500     400     1200    400     200     500     
21008  1988 5800    3100    2800    1800    2400    800     1100    1000    300     700     500     1200    400     200     200     300     700     100     200     
21008  1989 4800    2100    2300    500     1900    1000    800     100     200     800     100     1000    400     300     300     200     300     300     800     
21008  1990 4300    2500    2000    1700    900     1000    1400    100     800     200     200     500     300     400     300     300     400     700     100     
21008  1991 4200    2400    2300    700     900     1200    1300    600     0       600     300     0       100     300     800     800     300     200     200     
21008  1992 3700    1400    2100    600     1100    1200    800     100     300     300     100     700     500     300     400     100     0       700     200     
21008  1993 4200    1900    2500    1000    1400    1300    100     800     0       200     500     700     800     200     300     0       0       100     600     
21008  1994 6700    2100    3200    1500    900     2300    1800    600     300     500     200     200     300     1000    1000    500     500     800     800     
21008  1995 6600    3200    3400    1800    900     2300    1800    300     700     100     500     300     600     900     800     300     1100    400     600     
21008  1996 3200    2900    1500    1100    1000    800     800     400     100     300     500     200     300     400     100     0       300     500     100     
21008  1997 6900    2100    3900    900     1800    2300    1700    200     600     400     400     1000    400     400     1500    200     900     600     300     
21008  1998 5400    3000    3600    1000    1700    1400    1200    700     0       500     500     700     500     600     300     1000    200     0       400     
21008  1999 4900    1400    3400    800     2200    1000    1000    200     200     400     500     1300    300     400     300     600     300     100     300     
21008  2000 5500    1500    3300    1000    1800    1200    900     200     500     100     400     1300    800     100     300     400     100     400     900     
21008  2001 6500    3600    2800    2000    2100    1800    1000    600     500     1100    500     500     500     200     1100    0       900     100     500     
21008  2002 5700    3100    2100    1600    1100    1200    1200    500     600     500     300     300     800     100     300     300     400     500     1100    
21008  2003 8100    3200    6100    1700    2100    4300    900     400     200     600     800     700     1800    700     1800    300     200     400     200     
21008  2004 5100    1800    3600    900     900     2000    1400    700     0       300     300     300     800     100     1100    1000    400     0       100     
21008  2005 6500    1700    3600    700     1800    1800    2300    500     100     600     700     500     1200    400     200     600     1400    300     0       
21008  2006 8100    2700    5400    200     2100    2700    2800    200     0       800     300     1000    1000    1500    200     1400    800     600     300     
21008  2007 7000    3900    3500    2100    2800    1000    900     1200    600     400     700     1700    400     200     400     100     600     200     500     
21008  2008 3900    2900    1800    1700    1000    1200    500     800     400     400     200     400     700     0       500     0       300     200     0       
21008  2009 4000    600     1900    100     1000    400     2000    100     0       0       300     700     100     200     100     500     600     900     500     
21008  2010 3700    2500    2000    500     1100    1100    1500    0       0       500     300     300     400     400     300     300     600     600     0       
21008  2011 6600    2300    3200    700     1800    1100    2200    500     200     400     700     700     500     0       600     700     700     800     800     
21008  2012 4700    3300    2300    1600    1000    1400    1200    600     200     200     100     700     900     100     400     100     800     300     300     
21008  2013 4300    -999999 2100    -999999 1000    1200    2000    -999999 0       400     400     200     300     800     100     300     1100    600     0       
21008  2014 6900    3300    3500    -999999 1200    1700    2300    1100    -999999 200     700     300     600     700     400     800     700     800     300     
21008  2015 -999999 2800    -999999 700     2200    -999999 1500    300     100     600     700     900     700     -999999 600     200     200     1100    500     
21008  2016 5400    3500    2900    1900    1300    1500    -999999 900     500     300     300     700     800     300     400     400     0       -999999 100     
21008  2017 6900    -999999 4000    800     2300    2500    1300    100     600     1100    0       1200    900     1000    600     300     700     300     100     
21008  2018 7600    2600    4100    1200    1700    2400    1400    900     200     400     800     500     1200    500     700     400     700     300     1000    
21008  2019 7400    2800    3900    1200    1200    2500    2500    200     0       600     500     100     1100    1100    300     800     900     800     1000    
21008  2020 8300    4700    4700    2600    2600    1900    1800    500     1100    400     1300    900     100     700     1100    600     500     700     400     
