EUROPEAN CLIMATE ASSESSMENT & DATASET (ECA&D), file created on: 20-01-2022
THESE DATA CAN BE USED FOR NON-COMMERCIAL RESEARCH AND EDUCATION PROVIDED THAT THE FOLLOWING SOURCE IS ACKNOWLEDGED: 

Klein Tank, A.M.G. and Coauthors, 2002. Daily dataset of 20th-century surface
air temperature and precipitation series for the European Climate Assessment.
Int. J. of Climatol., 22, 1441-1453.
Data and metadata available at http://www.ecad.eu

FILE FORMAT (MISSING VALUE CODE = -999999):

THIS FILE HOLDS DATA FOR STATION KAZAKHSTAN                               ARALSKOE MORE                            (STAID:   3037)
LATITUDE: dd:mm:ss +46:46:46
LONGITUDE: ddd:mm:ss +061:40:10
ELEVATION: m   62

DATA IS FOR INDEX Days with TN > 90th percentile of daily min temp (warm nights) (TN90p) with unit 0.01 No of days

01-06 SOUID: Source identifier
08-11 YEAR : YYYY
13-20 ANNUAL DATA VALUES
21-28 WINTER HALF YEAR DATA VALUES
29-36 SUMMER HALF YEAR DATA VALUES
37-44 WINTER (DJF) DATA VALUES
45-52 SPRING (MAM) DATA VALUES
53-60 SUMMER (JJA) DATA VALUES
61-68 AUTUMN (SON) DATA VALUES
69-76 JANUARY DATA VALUES
etc. 
157-164 DECEMBER DATA VALUES

3037   1905 -999999 -999999 -999999 -999999 -999999 -999999 -999999 1700    -999999 -999999 -999999 -999999 -999999 -999999 -999999 -999999 400     -999999 -999999 
3037   1906 -999999 -999999 -999999 -999999 -999999 800     200     -999999 100     0       -999999 300     200     300     300     0       100     100     600     
3037   1907 1400    -999999 600     -999999 400     400     100     -999999 300     200     200     0       0       100     300     0       100     0       0       
3037   1908 800     400     500     100     200     300     200     0       100     200     0       0       200     0       100     200     0       0       0       
3037   1909 2700    400     1000    400     900     100     900     0       400     0       600     300     0       100     0       0       0       900     400     
3037   1910 900     1700    400     800     200     200     100     400     0       0       100     100     100     100     0       0       100     0       0       
3037   1911 900     200     600     100     0       500     200     0       100     0       0       0       0       300     200     100     0       100     100     
3037   1912 300     300     200     200     0       0       200     100     0       0       0       0       0       0       0       200     0       0       0       
3037   1913 -999999 200     -999999 100     200     200     -999999 100     0       100     0       100     0       100     100     -999999 100     0       1400    
3037   1914 4100    4700    800     4000    1000    300     200     1600    1000    600     400     0       100     0       200     100     100     0       0       
3037   1915 4000    2200    1200    1000    1800    200     500     800     200     1100    400     300     0       0       200     300     200     0       500     
3037   1916 -999999 -999999 -999999 -999999 -999999 -999999 -999999 -999999 -999999 -999999 500     100     0       0       -999999 0       100     -999999 0       
3037   1917 -999999 -999999 -999999 200     -999999 -999999 -999999 100     100     -999999 0       400     0       0       -999999 -999999 -999999 -999999 -999999 
3037   1918 -999999 -999999 -999999 -999999 -999999 -999999 -999999 -999999 -999999 -999999 -999999 0       100     0       -999999 200     0       -999999 -999999 
3037   1919 -999999 -999999 -999999 -999999 1200    -999999 -999999 100     400     400     700     100     0       -999999 -999999 -999999 -999999 -999999 -999999 
3037   1920 -999999 -999999 -999999 -999999 -999999 -999999 -999999 -999999 -999999 -999999 -999999 -999999 -999999 0       0       -999999 -999999 0       0       
3037   1921 -999999 -999999 -999999 700     -999999 -999999 -999999 500     200     0       0       -999999 -999999 -999999 -999999 -999999 -999999 -999999 -999999 
3037   1922 -999999 -999999 -999999 -999999 -999999 -999999 -999999 -999999 -999999 -999999 -999999 -999999 -999999 -999999 -999999 -999999 -999999 -999999 -999999 
3037   1923 -999999 -999999 -999999 -999999 -999999 -999999 -999999 -999999 -999999 -999999 -999999 -999999 -999999 -999999 -999999 -999999 -999999 -999999 -999999 
3037   1924 -999999 -999999 -999999 -999999 -999999 -999999 -999999 -999999 -999999 -999999 -999999 -999999 -999999 -999999 -999999 -999999 -999999 -999999 -999999 
3037   1925 -999999 -999999 -999999 -999999 -999999 -999999 -999999 -999999 -999999 -999999 -999999 -999999 -999999 -999999 -999999 -999999 -999999 -999999 -999999 
3037   1926 1400    -999999 400     -999999 500     400     400     -999999 0       500     0       0       100     0       300     0       100     300     100     
3037   1927 -999999 -999999 -999999 300     -999999 -999999 800     200     0       -999999 -999999 -999999 -999999 -999999 -999999 200     600     0       0       
3037   1928 400     800     100     200     100     0       100     0       200     0       0       100     0       0       0       0       0       100     0       
3037   1929 800     300     600     0       500     300     0       0       0       200     300     0       0       200     100     0       0       0       0       
3037   1930 2700    700     1400    100     700     1100    800     100     0       600     100     0       300     400     400     200     300     300     0       
3037   1931 -999999 900     -999999 300     200     -999999 -999999 300     0       0       200     0       100     -999999 300     500     -999999 -999999 -999999 
3037   1932 -999999 -999999 -999999 -999999 -999999 -999999 700     -999999 -999999 -999999 -999999 -999999 -999999 0       0       100     200     400     0       
3037   1933 2200    600     1700    0       900     500     800     0       0       0       500     400     0       200     300     300     0       500     0       
3037   1934 -999999 900     200     300     100     100     200     0       300     100     0       0       0       0       100     100     100     0       -999999 
3037   1935 -999999 -999999 -999999 -999999 -999999 -999999 1100    -999999 -999999 -999999 -999999 -999999 -999999 -999999 -999999 100     900     100     0       
3037   1936 2600    1700    700     700     0       600     1000    200     500     0       0       0       500     0       100     100     800     100     300     
3037   1937 3200    1900    1800    600     400     1200    1200    0       300     400     0       0       600     100     500     600     400     200     100     
3037   1938 -999999 1000    -999999 200     1400    -999999 -999999 100     0       200     500     700     0       -999999 600     400     -999999 500     0       
3037   1939 3600    -999999 1900    400     1100    1000    300     100     300     400     400     300     800     100     100     200     0       100     800     
3037   1940 3400    1300    1300    1000    600     800     900     200     0       200     400     0       200     0       600     100     400     400     900     
3037   1941 4200    3100    1500    2000    1000    600     600     300     800     300     500     200     300     0       300     200     300     100     900     
3037   1942 1900    1300    700     900     100     300     1100    0       0       0       0       100     100     0       200     300     600     200     400     
3037   1943 2000    1300    1500    500     300     1200    400     100     0       0       0       300     100     500     600     0       400     0       0       
3037   1944 6000    3700    2400    1100    3200    700     1000    200     900     2200    400     600     200     500     0       700     300     0       0       
3037   1945 3100    300     2300    0       100     1900    1000    0       0       0       100     0       300     100     1500    300     500     200     100     
3037   1946 2800    2600    700     1600    400     0       900     100     1400    300     100     0       0       0       0       600     200     100     0       
3037   1947 3500    1400    900     300     1300    100     1400    200     100     800     400     100     0       0       100     300     0       1100    400     
3037   1948 4600    3300    1500    2100    600     900     1100    1500    200     100     0       500     400     0       500     100     600     400     300     
3037   1949 1500    1700    800     600     300     400     300     200     100     100     0       200     200     0       200     200     100     0       200     
3037   1950 1800    500     1100    400     400     300     800     0       200     0       100     300     0       0       300     400     300     100     100     
3037   1951 2300    600     1400    100     600     500     500     0       0       100     300     200     100     300     100     400     100     0       700     
3037   1952 -999999 1000    -999999 900     800     1100    -999999 0       200     0       0       800     200     300     600     -999999 -999999 -999999 0       
3037   1953 3200    -999999 1500    1000    900     300     900     100     900     300     100     500     0       100     200     600     300     0       100     
3037   1954 1800    400     900     100     0       400     1400    0       0       0       0       0       0       100     300     500     300     600     0       
3037   1955 3600    2000    1500    900     400     900     800     200     700     200     0       200     400     0       500     400     200     200     600     
3037   1956 3300    1800    1300    1300    200     1000    1000    600     100     100     100     0       0       200     800     200     500     300     400     
3037   1957 4200    1500    2300    600     700     800     2100    200     0       100     100     500     400     300     100     900     1000    200     400     
3037   1958 3700    4200    700     2000    1000    500     400     300     1300    1000    0       0       300     0       200     200     100     100     200     
3037   1959 1800    1100    1100    900     100     500     500     600     100     0       100     0       100     0       400     500     0       0       0       
3037   1960 1900    500     1100    500     100     800     500     0       500     0       100     0       300     200     300     200     200     100     0       
3037   1961 3100    700     1900    300     1300    500     700     300     0       100     200     1000    200     0       300     200     200     300     300     
3037   1962 4600    2700    2000    600     1700    1300    1100    0       300     1600    0       100     500     700     100     600     500     0       200     
3037   1963 4900    3200    700     2200    800     300     1700    1200    800     500     0       300     0       200     100     100     600     1000    100     
3037   1964 1900    1800    400     200     0       200     1300    100     0       0       0       0       0       100     100     200     300     800     300     
3037   1965 2900    2200    1300    900     300     600     1300    500     100     200     0       100     0       400     200     600     300     400     100     
3037   1966 4300    3400    1600    1900    1200    1000    300     1000    800     800     400     0       400     100     500     200     100     0       0       
3037   1967 3500    500     2000    300     1100    800     900     300     0       100     600     400     600     0       200     200     600     100     400     
3037   1968 2700    2000    1300    900     900     300     900     400     100     400     0       500     100     0       200     500     300     100     100     
3037   1969 2000    500     700     100     100     300     1100    0       0       0       100     0       200     0       100     300     200     600     500     
3037   1970 3100    2200    1500    1100    1100    400     1000    0       600     300     500     300     0       200     200     300     400     300     0       
3037   1971 4400    1200    1400    200     800     700     1600    200     0       300     100     400     200     500     0       200     700     700     1100    
3037   1972 1900    2500    1000    1100    200     500     700     0       0       0       100     100     100     0       400     300     200     200     500     
3037   1973 3400    1800    2000    1300    1000    1000    500     100     700     100     800     100     600     200     200     100     0       400     100     
3037   1974 2200    900     1600    200     900     900     300     100     0       300     100     500     300     400     200     100     100     100     0       
3037   1975 4600    1500    2500    600     1400    1200    1000    600     0       700     600     100     400     700     100     600     400     0       400     
3037   1976 4300    1900    3200    1500    1000    2100    100     1000    100     0       0       1000    300     100     1700    100     0       0       0       
3037   1977 5900    800     3800    300     2500    1400    1500    0       300     500     1100    900     1200    200     0       400     200     900     200     
3037   1978 2600    1900    1400    700     300     800     500     200     300     100     0       200     200     300     300     400     100     0       500     
3037   1979 5000    1500    1300    1100    500     600     1900    100     500     300     0       200     0       200     400     500     1400    0       1400    
3037   1980 3100    2800    2200    1400    1100    800     1000    0       0       0       500     600     100     600     100     300     100     600     200     
3037   1981 4100    2700    1500    1500    700     1200    600     500     800     500     200     0       100     500     600     100     0       500     300     
3037   1982 3400    1100    2400    600     1400    900     700     100     200     0       900     500     200     400     300     100     500     100     100     
3037   1983 8200    3700    3800    2700    2100    1800    1000    900     1700    400     1300    400     100     1100    600     300     300     400     700     
3037   1984 3600    1600    2400    700     300     2200    1100    0       0       200     0       100     200     1300    700     100     500     500     0       
3037   1985 3000    2000    1800    1000    1000    700     100     300     700     0       600     400     700     0       0       100     0       0       200     
3037   1986 3500    700     2400    700     500     1200    1300    500     0       0       200     300     500     600     100     700     300     300     0       
3037   1987 2800    1500    1400    900     300     1000    300     400     500     0       0       300     400     0       600     100     200     0       300     
3037   1988 3900    1200    2600    400     1300    1500    500     100     0       600     600     100     800     300     400     400     0       100     500     
3037   1989 5100    2100    1400    1700    500     900     1300    500     700     300     0       200     0       800     100     300     800     200     1200    
3037   1990 5000    4000    2600    2000    1900    1000    1100    400     400     1000    600     300     900     0       100     700     200     200     200     
3037   1991 5000    1100    3000    600     1100    1400    1600    400     0       100     600     400     800     500     100     600     600     400     500     
3037   1992 2300    2300    900     1300    500     100     800     400     400     0       300     200     0       0       100     300     200     300     100     
3037   1993 3800    2200    2100    1500    1000    1100    200     1200    200     200     600     200     400     100     600     200     0       0       100     
3037   1994 2900    800     1500    600     800     800     800     300     200     200     400     200     600     0       200     100     200     500     0       
3037   1995 6900    2000    3800    600     2900    1500    1800    100     500     700     2000    200     700     400     400     100     700     1000    100     
3037   1996 2400    1800    1900    100     400     1200    500     0       0       0       100     300     700     500     0       300     100     100     300     
3037   1997 6200    1800    3000    700     2600    900     2100    400     0       900     1200    500     500     300     100     400     1700    0       200     
3037   1998 4000    2200    2900    500     500     1900    700     100     200     0       200     300     400     400     1100    500     100     100     600     
3037   1999 7300    4000    2200    3400    1200    1200    1400    1300    1500    400     800     0       0       200     1000    200     1100    100     700     
3037   2000 5700    3900    3200    2000    2000    1800    100     500     800     700     1300    0       600     200     1000    100     0       0       500     
3037   2001 6500    3400    2300    1500    3600    600     700     700     300     1900    900     800     200     0       400     0       200     500     600     
3037   2002 8700    7800    1300    4700    2600    700     1300    1800    2300    2400    200     0       0       100     600     400     400     500     0       
3037   2003 4100    1500    2500    600     400     1200    1600    0       600     0       100     300     0       0       1200    900     300     400     300     
3037   2004 7300    4400    2700    2400    2000    1300    1900    600     1500    1300    300     400     700     0       600     700     600     600     0       
3037   2005 7400    3500    3900    1000    2800    2000    700     900     100     1300    1200    300     500     1000    500     400     300     0       900     
3037   2006 8300    3300    3400    1800    2900    1400    2300    0       900     1200    1300    400     500     100     800     300     800     1200    800     
3037   2007 6800    6000    3300    3800    1400    1700    700     1400    1600    200     800     400     500     400     800     400     100     200     0       
3037   2008 -999999 2900    4000    100     4200    2000    -999999 0       100     2500    1200    500     500     400     1100    300     -999999 200     200     
3037   2009 -999999 -999999 1300    600     1900    600     -999999 0       400     1300    300     300     400     100     100     100     -999999 -999999 -999999 
