EUROPEAN CLIMATE ASSESSMENT & DATASET (ECA&D), file created on: 20-01-2022
THESE DATA CAN BE USED FOR NON-COMMERCIAL RESEARCH AND EDUCATION PROVIDED THAT THE FOLLOWING SOURCE IS ACKNOWLEDGED: 

Klein Tank, A.M.G. and Coauthors, 2002. Daily dataset of 20th-century surface
air temperature and precipitation series for the European Climate Assessment.
Int. J. of Climatol., 22, 1441-1453.
Data and metadata available at http://www.ecad.eu

FILE FORMAT (MISSING VALUE CODE = -999999):

THIS FILE HOLDS DATA FOR STATION GERMANY                                  BAD BERKA (FLUGPLATZ)                    (STAID:  11735)
LATITUDE: dd:mm:ss +50:54:25
LONGITUDE: ddd:mm:ss +011:15:59
ELEVATION: m   30

DATA IS FOR INDEX Days with TN > 90th percentile of daily min temp (warm nights) (TN90p) with unit 0.01 No of days

01-06 SOUID: Source identifier
08-11 YEAR : YYYY
13-20 ANNUAL DATA VALUES
21-28 WINTER HALF YEAR DATA VALUES
29-36 SUMMER HALF YEAR DATA VALUES
37-44 WINTER (DJF) DATA VALUES
45-52 SPRING (MAM) DATA VALUES
53-60 SUMMER (JJA) DATA VALUES
61-68 AUTUMN (SON) DATA VALUES
69-76 JANUARY DATA VALUES
etc. 
157-164 DECEMBER DATA VALUES

11735  1954 -999999 -999999 -999999 -999999 -999999 -999999 1300    -999999 -999999 -999999 -999999 -999999 -999999 0       0       500     600     200     300     
11735  1955 1700    1300    1100    300     600     500     300     0       0       200     200     200     100     300     100     200     0       100     300     
11735  1956 2800    800     1200    500     600     600     700     100     100     200     200     200     200     300     100     200     400     100     700     
11735  1957 4900    3600    2000    2000    1200    1600    700     400     900     1100    100     0       500     1000    100     300     200     200     100     
11735  1958 3100    1300    1800    900     600     800     900     0       800     0       0       600     0       300     500     400     300     200     0       
11735  1959 3400    1500    2200    400     1600    1100    100     300     100     600     800     200     100     700     300     100     0       0       200     
11735  1960 3400    1300    1600    800     1100    900     600     500     100     500     100     500     400     100     400     100     100     400     200     
11735  1961 4600    2200    2300    1300    2000    200     900     100     1000    400     1400    200     100     0       100     500     400     0       400     
11735  1962 3000    2000    1800    1500    900     700     300     1000    100     100     600     200     500     100     100     300     0       0       0       
11735  1963 3300    0       2100    0       1000    600     1700    0       0       0       400     600     100     300     200     500     100     1100    0       
11735  1964 3800    1500    2700    300     700     1400    1100    0       300     0       400     300     500     500     400     600     0       500     300     
11735  1965 1100    900     900     400     200     700     0       100     0       0       0       200     200     300     200     0       0       0       100     
11735  1966 4700    1900    1900    1700    1100    900     1000    400     1200    200     700     200     500     100     300     100     900     0       100     
11735  1967 4800    2600    1900    1300    700     1100    1700    300     900     400     0       300     300     400     400     500     1100    100     100     
11735  1968 3900    2100    1800    600     900     1100    1400    300     200     300     300     300     400     200     500     100     1100    200     0       
11735  1969 3800    1500    2900    200     900     1700    1000    200     0       0       200     700     100     1000    600     300     200     500     0       
11735  1970 3200    800     1900    100     400     1200    1400    0       100     0       400     0       600     200     400     300     400     700     100     
11735  1971 4000    2000    2000    800     900     1100    600     500     200     100     100     700     100     300     700     100     300     200     700     
11735  1972 3000    1700    1700    1100    500     1200    600     0       400     100     300     100     0       800     400     100     0       500     300     
11735  1973 2700    1300    2100    800     800     1000    400     100     400     0       100     700     400     300     300     300     0       100     0       
11735  1974 4400    2300    800     1600    800     500     400     1000    600     600     200     0       100     0       400     100     0       300     1100    
11735  1975 5000    3300    2700    2700    1000    1400    900     1400    200     300     200     500     700     400     300     600     200     100     100     
11735  1976 3000    1300    1600    900     500     1000    700     700     100     100     200     200     200     700     100     200     100     400     0       
11735  1977 4800    2600    1600    700     1700    900     1300    200     500     1400    300     0       700     100     100     400     500     400     200     
11735  1978 2600    1800    1300    300     1200    500     300     0       100     600     300     300     200     200     100     200     0       100     500     
11735  1979 2800    800     1600    500     800     800     300     0       0       200     0       600     700     0       100     200     0       100     900     
11735  1980 2900    1700    900     1200    400     700     1100    0       300     400     0       0       300     0       400     200     300     600     400     
11735  1981 4600    2700    2600    600     2000    1300    1100    0       200     1200    400     400     800     300     200     500     100     500     0       
11735  1982 4100    1100    2500    300     700     1600    1400    300     0       200     200     300     600     600     400     400     300     700     100     
11735  1983 5600    3100    2600    1300    1300    1700    1300    1200    0       800     400     100     300     900     500     400     500     400     100     
11735  1984 2200    1100    1100    200     200     800     1000    100     0       0       0       200     100     400     300     100     500     400     100     
11735  1985 3500    1200    2100    200     1600    400     500     0       100     100     700     800     100     200     100     200     300     0       900     
11735  1986 3800    1600    2300    1200    1000    1400    1000    300     0       100     0       900     500     300     600     0       300     700     100     
11735  1987 4000    1500    2200    300     500     1100    1300    100     100     200     200     100     100     600     400     800     200     300     900     
11735  1988 4800    3000    1600    2400    600     700     1400    1000    500     100     0       500     0       300     400     400     800     200     600     
11735  1989 5900    3200    2300    1500    1500    900     1700    600     300     700     600     200     100     400     400     600     700     400     900     
11735  1990 -999999 4600    -999999 2600    1100    900     -999999 700     1000    900     100     100     300     200     400     -999999 -999999 -999999 -999999 
11735  1991 -999999 -999999 -999999 -999999 -999999 -999999 -999999 -999999 -999999 -999999 -999999 -999999 -999999 -999999 -999999 -999999 -999999 -999999 -999999 
11735  1992 -999999 -999999 -999999 -999999 -999999 -999999 -999999 -999999 -999999 -999999 -999999 -999999 -999999 -999999 -999999 -999999 -999999 -999999 -999999 
11735  1993 -999999 -999999 -999999 -999999 -999999 -999999 -999999 -999999 -999999 -999999 -999999 -999999 -999999 -999999 -999999 -999999 -999999 -999999 -999999 
11735  1994 -999999 -999999 -999999 -999999 -999999 -999999 -999999 -999999 -999999 -999999 -999999 -999999 -999999 -999999 -999999 -999999 -999999 -999999 -999999 
11735  1995 -999999 -999999 -999999 -999999 -999999 -999999 -999999 -999999 -999999 -999999 -999999 -999999 -999999 -999999 -999999 -999999 -999999 -999999 -999999 
11735  1996 -999999 -999999 -999999 -999999 -999999 -999999 -999999 -999999 -999999 -999999 -999999 -999999 -999999 -999999 -999999 -999999 -999999 -999999 -999999 
11735  1997 -999999 -999999 -999999 -999999 -999999 -999999 -999999 -999999 -999999 -999999 -999999 -999999 -999999 -999999 -999999 -999999 -999999 -999999 -999999 
11735  1998 -999999 -999999 -999999 -999999 -999999 -999999 -999999 -999999 -999999 -999999 -999999 -999999 -999999 -999999 -999999 -999999 -999999 -999999 -999999 
11735  1999 -999999 -999999 -999999 -999999 -999999 -999999 -999999 -999999 -999999 -999999 -999999 -999999 -999999 -999999 -999999 -999999 -999999 -999999 -999999 
11735  2000 -999999 -999999 -999999 -999999 -999999 -999999 -999999 -999999 -999999 -999999 -999999 -999999 -999999 -999999 -999999 -999999 -999999 -999999 -999999 
11735  2001 -999999 -999999 -999999 -999999 -999999 -999999 -999999 -999999 -999999 -999999 -999999 -999999 -999999 -999999 -999999 -999999 -999999 -999999 -999999 
11735  2002 -999999 -999999 -999999 -999999 -999999 -999999 -999999 -999999 -999999 -999999 -999999 -999999 -999999 -999999 -999999 -999999 -999999 -999999 -999999 
11735  2003 -999999 -999999 -999999 -999999 -999999 -999999 -999999 -999999 -999999 -999999 -999999 -999999 -999999 -999999 -999999 -999999 -999999 -999999 -999999 
11735  2004 -999999 -999999 -999999 -999999 -999999 -999999 -999999 -999999 -999999 -999999 -999999 -999999 -999999 -999999 -999999 -999999 -999999 -999999 -999999 
11735  2005 -999999 -999999 -999999 -999999 -999999 -999999 -999999 -999999 -999999 -999999 -999999 -999999 -999999 -999999 -999999 -999999 -999999 -999999 -999999 
11735  2006 -999999 -999999 -999999 -999999 -999999 -999999 -999999 -999999 -999999 -999999 -999999 -999999 -999999 -999999 -999999 -999999 -999999 -999999 -999999 
11735  2007 -999999 -999999 -999999 -999999 -999999 -999999 -999999 -999999 -999999 -999999 -999999 -999999 -999999 -999999 -999999 -999999 -999999 -999999 -999999 
11735  2008 -999999 -999999 -999999 -999999 -999999 -999999 -999999 -999999 -999999 -999999 -999999 -999999 -999999 -999999 -999999 -999999 -999999 -999999 -999999 
11735  2009 -999999 -999999 -999999 -999999 -999999 -999999 -999999 -999999 -999999 -999999 -999999 -999999 -999999 -999999 -999999 -999999 -999999 -999999 -999999 
11735  2010 -999999 -999999 -999999 -999999 -999999 -999999 -999999 -999999 -999999 -999999 -999999 -999999 -999999 -999999 -999999 -999999 -999999 -999999 -999999 
11735  2011 -999999 -999999 -999999 -999999 -999999 -999999 -999999 -999999 -999999 -999999 -999999 -999999 -999999 -999999 -999999 -999999 -999999 -999999 -999999 
11735  2012 -999999 -999999 -999999 -999999 -999999 -999999 -999999 -999999 -999999 -999999 -999999 -999999 -999999 -999999 -999999 -999999 -999999 -999999 -999999 
11735  2013 -999999 -999999 -999999 -999999 -999999 -999999 -999999 -999999 -999999 -999999 -999999 -999999 -999999 -999999 -999999 -999999 -999999 -999999 -999999 
11735  2014 -999999 -999999 -999999 -999999 -999999 -999999 -999999 -999999 -999999 -999999 -999999 -999999 -999999 -999999 -999999 -999999 -999999 -999999 -999999 
11735  2015 -999999 -999999 -999999 -999999 -999999 -999999 -999999 -999999 -999999 -999999 -999999 -999999 -999999 -999999 -999999 -999999 -999999 -999999 -999999 
11735  2016 -999999 -999999 -999999 -999999 -999999 -999999 -999999 -999999 -999999 -999999 -999999 -999999 -999999 -999999 -999999 -999999 -999999 -999999 -999999 
11735  2017 -999999 -999999 -999999 -999999 -999999 -999999 100     -999999 -999999 -999999 -999999 -999999 -999999 -999999 -999999 0       100     0       200     
11735  2018 5800    1200    4000    1000    2500    1400    400     800     0       100     1400    1000    600     200     600     200     200     0       700     
11735  2019 2700    1900    1000    1100    900     700     600     400     0       600     200     100     100     0       600     0       400     200     100     
11735  2020 3800    2200    1300    1500    100     1300    800     400     1000    100     0       0       300     100     900     0       300     500     200     
11735  2021 2500    1200    1800    400     100     1300    700     0       200     0       100     0       1200    0       100     400     200     100     200     
