EUROPEAN CLIMATE ASSESSMENT & DATASET (ECA&D), file created on: 20-01-2022
THESE DATA CAN BE USED FOR NON-COMMERCIAL RESEARCH AND EDUCATION PROVIDED THAT THE FOLLOWING SOURCE IS ACKNOWLEDGED: 

Klein Tank, A.M.G. and Coauthors, 2002. Daily dataset of 20th-century surface
air temperature and precipitation series for the European Climate Assessment.
Int. J. of Climatol., 22, 1441-1453.
Data and metadata available at http://www.ecad.eu

FILE FORMAT (MISSING VALUE CODE = -999999):

THIS FILE HOLDS DATA FOR STATION NORWAY                                   MANDAL II                                (STAID:  18964)
LATITUDE: dd:mm:ss +58:02:51
LONGITUDE: ddd:mm:ss +007:26:49
ELEVATION: m  138

DATA IS FOR INDEX Days with TN > 90th percentile of daily min temp (warm nights) (TN90p) with unit 0.01 No of days

01-06 SOUID: Source identifier
08-11 YEAR : YYYY
13-20 ANNUAL DATA VALUES
21-28 WINTER HALF YEAR DATA VALUES
29-36 SUMMER HALF YEAR DATA VALUES
37-44 WINTER (DJF) DATA VALUES
45-52 SPRING (MAM) DATA VALUES
53-60 SUMMER (JJA) DATA VALUES
61-68 AUTUMN (SON) DATA VALUES
69-76 JANUARY DATA VALUES
etc. 
157-164 DECEMBER DATA VALUES

18964  1949 -999999 -999999 -999999 -999999 -999999 900     3100    -999999 -999999 -999999 -999999 -999999 200     500     200     1900    600     600     0       
18964  1950 3700    2600    2200    500     2000    900     300     200     300     900     200     900     0       200     700     200     100     0       0       
18964  1951 2600    100     1500    0       200     100     1700    0       0       0       0       200     100     0       0       1200    100     400     600     
18964  1952 1400    1900    600     1400    500     100     0       0       800     0       400     100     0       100     0       0       0       0       0       
18964  1953 4000    800     1800    800     300     1400    1400    200     600     0       100     200     1000    300     100     100     900     400     100     
18964  1954 2400    1500    1400    200     700     400     700     100     0       0       0       700     0       300     100     300     200     200     500     
18964  1955 5300    1000    4100    600     0       3500    1500    100     0       0       0       0       0       1800    1700    600     600     300     200     
18964  1956 2000    1400    800     400     200     600     400     100     100     100     100     0       200     400     0       100     200     100     600     
18964  1957 2900    1900    1100    1300    800     600     400     600     100     300     500     0       100     400     100     0       100     300     400     
18964  1958 2700    1100    1600    700     0       900     1500    0       300     0       0       0       300     500     100     700     600     200     0       
18964  1959 4800    2200    2700    800     1400    1900    600     0       800     600     400     400     500     500     900     0       100     500     100     
18964  1960 2500    1300    1800    600     1200    400     300     500     0       100     100     1000    300     0       100     300     0       0       100     
18964  1961 5700    2700    1800    1200    2400    200     2000    0       1100    1500    800     100     0       200     0       700     1300    0       0       
18964  1962 800     1700    200     400     200     0       200     200     200     0       200     0       0       0       0       0       100     100     0       
18964  1963 1400    200     700     0       600     100     400     0       0       0       0       600     100     0       0       0       400     0       300     
18964  1964 2400    1300    900     800     800     0       700     200     300     100     600     100     0       0       0       200     0       500     400     
18964  1965 1900    1300    1300    700     400     300     900     200     100     100     300     0       0       100     200     700     200     0       0       
18964  1966 1800    200     1200    0       200     1000    600     0       0       0       0       200     700     300     0       0       600     0       0       
18964  1967 1900    1400    400     100     700     300     600     100     0       700     0       0       200     100     0       100     100     400     200     
18964  1968 5300    1400    3800    400     1300    2100    1700    100     100     500     800     0       500     200     1400    900     400     400     0       
18964  1969 3400    800     3200    0       400     2100    900     0       0       0       300     100     400     300     1400    700     200     0       0       
18964  1970 2400    200     1900    0       600     1100    300     0       0       0       0       600     800     0       300     200     0       100     400     
18964  1971 5300    2000    1500    1700    600     900     1100    600     700     200     400     0       200     500     200     200     300     600     1400    
18964  1972 3300    2700    1400    1500    900     800     400     100     0       300     0       600     100     700     0       0       200     200     1100    
18964  1973 4000    3900    1200    2300    1400    900     300     700     500     1200    100     100     100     700     100     100     100     100     200     
18964  1974 5800    2500    3000    1700    1900    1100    900     800     700     600     1100    200     700     0       400     600     0       300     400     
18964  1975 5400    1800    2900    1500    500     2100    1200    600     500     0       0       500     600     200     1300    300     300     600     500     
18964  1976 4300    2300    3300    1300    1000    2300    200     200     600     100     200     700     300     1100    900     100     100     0       0       
18964  1977 3900    200     2100    100     300     1700    1300    100     0       0       0       300     600     800     300     100     900     300     500     
18964  1978 3300    1900    1400    700     700     700     1700    200     0       0       0       700     300     200     200     0       600     1100    0       
18964  1979 1700    1900    800     0       200     400     700     0       0       200     0       0       300     0       100     400     300     0       400     
18964  1980 5000    800     3800    500     1200    1700    1200    0       100     0       600     600     400     700     600     900     0       300     800     
18964  1981 3600    1800    2600    1400    1700    300     1000    400     200     100     700     900     0       200     100     700     200     100     0       
18964  1982 4000    600     3000    0       700     1900    1200    0       0       300     300     100     500     700     700     700     100     400     200     
18964  1983 5000    2000    2400    1200    600     1900    1200    1000    0       300     300     0       200     1000    700     200     300     700     300     
18964  1984 3900    1600    2200    500     1300    1000    700     100     100     100     200     1000    500     100     400     0       200     500     700     
18964  1985 1300    1500    500     800     400     100     600     0       100     0       0       400     100     0       0       0       600     0       100     
18964  1986 2300    700     800     100     300     500     1000    0       0       0       0       300     400     100     0       0       100     900     500     
18964  1987 1700    1600    400     600     200     200     500     0       100     0       100     100     0       200     0       0       300     200     700     
18964  1988 4500    2200    2500    1700    1100    1000    800     600     400     0       300     800     900     0       100     400     0       400     600     
18964  1989 8400    5200    3000    3700    2100    1500    1500    2000    1100    1100    800     200     700     600     200     500     500     500     200     
18964  1990 8600    6100    2700    3400    3300    1100    800     1500    1700    1700    700     900     0       600     500     0       500     300     200     
18964  1991 5100    2100    3000    800     1700    1400    1100    200     400     500     1200    0       0       800     600     400     0       700     300     
18964  1992 7000    4300    3300    2700    2500    900     800     1000    1400    900     400     1200    900     0       0       800     0       0       400     
18964  1993 3900    2100    2000    1600    2400    100     0       500     700     500     800     1100    100     0       0       0       0       0       200     
18964  1994 4100    400     2400    300     900     1600    800     100     0       100     400     400     0       1000    600     0       100     700     700     
18964  1995 6400    2500    3600    1600    600     2200    2600    200     700     100     400     100     400     700     1100    900     1200    500     100     
18964  1996 3700    1900    2600    200     900     1500    1100    0       100     0       700     200     0       100     1400    200     400     500     100     
18964  1997 6700    2500    4400    900     1200    3500    1000    300     500     700     300     200     400     1100    2000    400     300     300     200     
18964  1998 4900    3300    2000    2200    1300    200     1100    400     1600    500     100     700     100     0       100     1000    100     0       300     
18964  1999 7200    1900    4300    1500    1700    900     3300    800     400     300     1400    0       0       300     600     2000    300     1000    100     
18964  2000 7000    3200    2300    1700    1800    300     1800    700     900     200     700     900     0       300     0       400     300     1100    1500    
18964  2001 5000    3900    2000    2400    600     1400    1800    400     500     100     100     400     200     400     800     100     1400    300     300     
18964  2002 9400    5100    6300    3000    2500    3100    1100    1500    1200    400     1200    900     200     400     2500    1100    0       0       0       
18964  2003 6300    1000    3900    700     1100    2200    1300    600     100     300     800     0       200     1000    1000    900     0       400     1000    
18964  2004 6700    2500    4200    1500    2400    1500    1300    0       500     600     1100    700     0       0       1500    900     100     300     1000    
18964  2005 6600    2600    3400    1900    1300    1600    2600    800     100     300     900     100     0       1400    200     800     900     900     200     
18964  2006 10100   2300    5100    400     1000    2300    4800    200     0       100     100     800     100     1600    600     1900    1000    1900    1800    
18964  2007 -999999 7300    -999999 3100    3000    1400    -999999 900     400     1300    1700    0       800     0       600     -999999 -999999 -999999 -999999 
