EUROPEAN CLIMATE ASSESSMENT & DATASET (ECA&D), file created on: 20-01-2022
THESE DATA CAN BE USED FOR NON-COMMERCIAL RESEARCH AND EDUCATION PROVIDED THAT THE FOLLOWING SOURCE IS ACKNOWLEDGED: 

Klein Tank, A.M.G. and Coauthors, 2002. Daily dataset of 20th-century surface
air temperature and precipitation series for the European Climate Assessment.
Int. J. of Climatol., 22, 1441-1453.
Data and metadata available at http://www.ecad.eu

FILE FORMAT (MISSING VALUE CODE = -999999):

THIS FILE HOLDS DATA FOR STATION ITALY                                    MONTE SCURO                              (STAID:   1676)
LATITUDE: dd:mm:ss +39:19:12
LONGITUDE: ddd:mm:ss +016:22:48
ELEVATION: m 1671

DATA IS FOR INDEX Days with TN > 90th percentile of daily min temp (warm nights) (TN90p) with unit 0.01 No of days

01-06 SOUID: Source identifier
08-11 YEAR : YYYY
13-20 ANNUAL DATA VALUES
21-28 WINTER HALF YEAR DATA VALUES
29-36 SUMMER HALF YEAR DATA VALUES
37-44 WINTER (DJF) DATA VALUES
45-52 SPRING (MAM) DATA VALUES
53-60 SUMMER (JJA) DATA VALUES
61-68 AUTUMN (SON) DATA VALUES
69-76 JANUARY DATA VALUES
etc. 
157-164 DECEMBER DATA VALUES

1676   1958 3800    -999999 1800    -999999 1000    800     400     100     800     0       0       1000    100     100     600     0       400     0       700     
1676   1959 2800    2700    1000    1300    1200    500     400     400     200     1000    100     100     300     0       200     300     0       100     100     
1676   1960 3300    1100    1200    900     700     600     1000    500     300     100     0       600     100     100     400     0       800     200     200     
1676   1961 -999999 1300    -999999 300     -999999 -999999 900     100     0       0       -999999 -999999 -999999 -999999 -999999 400     100     400     400     
1676   1962 -999999 1500    -999999 800     900     -999999 600     400     0       200     400     300     0       300     1000    500     100     0       100     
1676   1963 -999999 -999999 -999999 400     900     -999999 -999999 300     0       100     800     0       -999999 200     600     500     0       1200    600     
1676   1964 2200    -999999 1200    700     400     1000    600     0       100     300     100     0       900     0       100     100     100     400     100     
1676   1965 1800    -999999 1300    -999999 200     900     400     0       -999999 0       100     100     500     300     100     200     0       200     200     
1676   1966 2100    900     1200    600     200     700     800     0       400     100     100     0       400     100     200     400     200     200     0       
1676   1967 3800    2000    1500    600     1800    300     1100    100     500     1000    400     400     0       0       300     400     0       700     0       
1676   1968 3300    1800    2000    900     1600    300     500     100     800     200     600     800     0       300     0       300     0       200     0       
1676   1969 2800    300     1700    100     1500    200     1000    0       100     0       100     1400    100     0       100     0       200     800     0       
1676   1970 4300    2500    2100    1100    1400    600     1100    600     500     400     800     200     300     100     200     500     100     500     100     
1676   1971 2000    900     1100    300     300     800     300     200     0       0       100     200     300     100     400     0       200     100     400     
1676   1972 2600    1400    700     800     400     600     400     200     200     300     100     0       500     0       100     0       0       400     800     
1676   1973 4200    1600    2500    1200    1100    1000    1100    400     0       0       100     1000    600     200     200     400     600     100     600     
1676   1974 2100    2600    500     900     1000    300     300     200     100     1000    0       0       0       300     0       200     0       100     200     
1676   1975 2900    1000    1600    500     1000    500     600     300     0       400     600     0       200     300     0       500     100     0       500     
1676   1976 1900    1700    300     1400    300     0       500     600     300     200     100     0       0       0       0       200     300     0       -999999 
1676   1977 4800    -999999 2300    -999999 2200    1100    300     600     600     1000    300     900     200     600     300     0       0       300     0       
1676   1978 2500    1200    1300    500     600     1100    0       0       500     400     100     100     500     400     200     0       0       0       300     
1676   1979 3300    1900    700     1600    600     400     700     700     600     300     0       300     100     300     0       0       600     100     300     
1676   1980 2100    1300    -999999 600     0       -999999 1000    200     100     0       0       0       200     -999999 300     100     100     800     100     
1676   1981 5500    2100    2800    200     1600    1600    2100    100     0       1000    400     200     1100    300     200     600     1100    400     100     
1676   1982 5500    2400    4400    600     1200    2300    1500    500     0       300     300     600     800     700     800     1200    300     0       0       
1676   1983 4100    900     3100    400     1900    1200    400     300     100     200     1000    700     0       900     300     200     100     100     200     
1676   1984 2300    700     600     500     100     400     1200    100     200     0       0       100     100     300     0       100     300     800     300     
1676   1985 4300    1900    2200    800     400     1400    1000    200     300     0       200     200     300     600     500     400     200     400     1000    
1676   1986 3300    1900    2300    1100    1500    600     900     0       100     200     800     500     100     100     400     400     500     0       200     
1676   1987 6000    1600    3600    1100    0       2400    2100    400     500     0       0       0       800     900     700     1200    800     100     600     
1676   1988 -999999 3000    -999999 2100    800     -999999 1400    1300    200     0       300     500     -999999 1300    1400    500     900     0       -999999 
1676   1989 6300    -999999 1100    -999999 2000    100     1200    1100    800     1000    700     300     0       0       100     0       700     500     1100    
1676   1990 6900    5400    1200    2600    1900    600     2800    100     1400    1600    0       300     300     300     0       300     2000    500     100     
1676   1991 2100    3900    700     600     800     600     200     400     100     800     0       0       500     0       100     100     100     0       0       
1676   1992 2700    500     900     200     600     400     1500    200     0       200     300     100     200     0       200     100     700     700     0       
1676   1993 4600    2300    2300    600     1000    1200    1600    400     200     300     200     500     300     400     500     400     1000    200     200     
1676   1994 5200    2300    3800    500     1500    1700    1600    100     200     600     0       900     400     300     1000    1200    300     100     100     
1676   1995 1700    1200    600     700     500     100     100     200     400     100     100     300     0       100     0       100     0       0       400     
1676   1996 1200    800     200     800     100     100     300     400     0       0       0       100     0       0       100     0       0       300     300     
1676   1997 3700    1900    2200    1200    1500    900     300     600     300     400     0       1100    600     300     0       200     0       100     100     
1676   1998 2700    1200    1400    1000    300     1200    300     400     500     100     200     0       900     300     0       0       100     200     0       
1676   1999 -999999 1200    -999999 200     1900    -999999 -999999 200     0       700     400     800     600     -999999 -999999 -999999 -999999 -999999 300     
1676   2000 7200    -999999 -999999 1200    1100    2600    -999999 300     600     600     200     300     600     900     1100    -999999 900     600     800     
