EUROPEAN CLIMATE ASSESSMENT & DATASET (ECA&D), file created on: 20-01-2022
THESE DATA CAN BE USED FOR NON-COMMERCIAL RESEARCH AND EDUCATION PROVIDED THAT THE FOLLOWING SOURCE IS ACKNOWLEDGED: 

Klein Tank, A.M.G. and Coauthors, 2002. Daily dataset of 20th-century surface
air temperature and precipitation series for the European Climate Assessment.
Int. J. of Climatol., 22, 1441-1453.
Data and metadata available at http://www.ecad.eu

FILE FORMAT (MISSING VALUE CODE = -999999):

THIS FILE HOLDS DATA FOR STATION GERMANY                                  EBRACH                                   (STAID:   4037)
LATITUDE: dd:mm:ss +49:51:11
LONGITUDE: ddd:mm:ss +010:30:01
ELEVATION: m  346

DATA IS FOR INDEX Days with TN > 90th percentile of daily min temp (warm nights) (TN90p) with unit 0.01 No of days

01-06 SOUID: Source identifier
08-11 YEAR : YYYY
13-20 ANNUAL DATA VALUES
21-28 WINTER HALF YEAR DATA VALUES
29-36 SUMMER HALF YEAR DATA VALUES
37-44 WINTER (DJF) DATA VALUES
45-52 SPRING (MAM) DATA VALUES
53-60 SUMMER (JJA) DATA VALUES
61-68 AUTUMN (SON) DATA VALUES
69-76 JANUARY DATA VALUES
etc. 
157-164 DECEMBER DATA VALUES

4037   1963 2800    -999999 2000    -999999 900     700     1200    0       0       0       600     300     100     400     200     400     0       800     0       
4037   1964 3200    1300    1700    500     500     800     1200    0       500     0       400     100     200     500     100     400     0       800     200     
4037   1965 1900    1400    800     500     200     700     200     300     0       100     0       100     200     500     0       0       0       200     500     
4037   1966 5600    2700    2100    2400    1000    900     1700    200     1700    100     700     200     600     0       300     300     1300    100     100     
4037   1967 3900    2900    1400    1000    800     800     1300    200     700     500     100     200     200     200     400     300     1000    0       100     
4037   1968 3700    1900    1900    800     700     1300    1000    300     400     100     300     300     500     100     700     0       1000    0       0       
4037   1969 2900    1100    2400    0       1100    1100    700     0       0       100     300     700     0       800     300     300     100     300     0       
4037   1970 4400    700     2600    0       1200    1200    1600    0       0       300     600     300     800     0       400     500     300     800     400     
4037   1971 3700    2200    2200    1100    1000    1100    200     500     200     0       100     900     200     300     600     100     100     0       700     
4037   1972 2600    1100    1900    1000    700     1200    400     0       300     0       600     100     100     700     400     0       0       400     0       
4037   1973 2100    600     1800    200     800     800     300     0       200     0       300     500     300     300     200     200     0       100     0       
4037   1974 4100    2000    900     1000    1300    300     400     700     300     900     400     0       0       100     200     200     0       200     1100    
4037   1975 4700    3000    2700    2600    1000    1100    1100    1300    200     200     500     300     400     300     400     800     200     100     0       
4037   1976 3400    1600    1200    1300    200     800     1100    1300    0       0       100     100     100     600     100     200     500     400     0       
4037   1977 4500    2700    1600    900     1200    1000    1300    200     700     900     200     100     600     100     300     300     600     400     100     
4037   1978 2800    1800    1200    300     900     400     500     0       200     500     200     200     300     100     0       400     0       100     800     
4037   1979 3100    1700    1300    800     1000    800     600     0       0       800     0       200     800     0       0       300     0       300     700     
4037   1980 2800    1500    1400    1000    300     900     900     100     200     200     100     0       400     100     400     400     0       500     400     
4037   1981 4600    2300    2100    600     2200    900     1300    0       200     1200    500     500     500     200     200     200     300     800     0       
4037   1982 3200    1400    2400    100     500     1600    700     100     0       200     100     200     300     700     600     500     100     100     300     
4037   1983 5200    2500    1900    1500    1200    1400    1100    1200    0       800     300     100     300     600     500     100     600     400     300     
4037   1984 2200    1600    1000    500     200     700     1100    100     100     100     0       100     100     300     300     200     500     400     0       
4037   1985 3200    1300    1800    200     1500    300     600     0       200     200     500     800     100     100     100     200     200     200     600     
4037   1986 4500    1800    3300    1300    1800    1400    400     700     0       100     500     1200    700     200     500     200     0       200     200     
4037   1987 4900    1000    2900    700     600     1200    1600    200     300     100     400     100     200     700     300     1200    200     200     1000    
4037   1988 5500    2900    2200    2300    1200    800     1400    1000    300     200     400     600     100     200     500     400     800     200     800     
4037   1989 5700    3600    2300    2100    1300    1200    1000    400     900     500     500     300     100     700     400     300     400     300     900     
4037   1990 3800    3500    1300    2000    1200    900     500     400     700     800     100     300     300     0       600     0       200     300     100     
4037   1991 4400    2100    2300    900     1000    1600    800     800     0       700     200     100     300     800     500     400     100     300     200     
4037   1992 5700    1900    3400    1400    500     2800    1000    400     800     100     200     200     700     500     1600    200     200     600     200     
4037   1993 4500    2300    2300    1200    1500    800     700     1000    0       300     700     500     400     300     100     300     300     100     500     
4037   1994 8000    3100    3700    1800    1400    2900    1700    900     400     900     200     300     600     1100    1200    300     100     1300    700     
4037   1995 6600    3700    3200    2200    1500    1600    2000    300     1200    100     900     500     0       1000    600     200     1600    200     0       
4037   1996 2200    1800    1500    0       500     1000    700     0       0       0       200     300     600     0       400     0       400     300     0       
4037   1997 5200    2900    2200    1100    1900    1000    700     0       1100    1100    400     400     200     100     700     400     300     0       500     
4037   1998 5500    3400    2300    2300    2000    700     900     900     900     800     800     400     600     100     0       400     400     100     100     
4037   1999 3900    1400    2100    600     800     1200    800     500     0       300     200     300     400     600     200     400     300     100     600     
4037   2000 3700    2400    1400    1400    1500    400     500     500     300     600     400     500     400     0       0       100     300     100     500     
4037   2001 4100    2500    1100    1300    1200    700     1000    300     500     800     0       400     100     200     400     0       600     400     400     
4037   2002 5600    3600    2000    2200    1400    900     1000    700     1100    400     400     600     400     200     300     100     300     600     500     
4037   2003 4500    2000    3000    800     1500    1800    600     300     0       300     100     1100    800     200     800     0       100     500     300     
4037   2004 3800    2300    1600    1500    500     1200    800     300     900     200     200     100     200     400     600     100     300     400     100     
4037   2005 3900    1800    2400    800     1300    800     1100    500     200     300     400     600     200     300     300     600     300     200     0       
4037   2006 4600    1000    2100    200     800     1300    1700    0       200     300     400     100     300     1000    0       300     900     500     600     
4037   2007 5100    4100    2100    2600    1100    1100    400     1200    800     100     200     800     600     300     200     0       200     200     500     
4037   2008 3900    2600    1800    1600    1300    900     600     500     600     600     0       700     500     200     200     200     100     300     0       
4037   2009 3500    600     2000    100     800     1100    1300    0       100     100     300     400     100     800     200     200     400     700     200     
4037   2010 3100    1900    1900    400     900     1400    600     0       200     400     100     400     300     800     300     0       100     500     0       
4037   2011 4100    2200    2000    1200    700     1000    900     600     600     400     300     0       500     0       500     700     100     100     300     
4037   2012 4700    2100    2500    1500    1500    1400    300     600     600     400     400     700     500     500     400     0       0       300     300     
4037   2013 4400    1300    2500    1000    1100    1300    1000    600     100     0       500     600     300     500     500     100     600     300     300     
4037   2014 5000    2400    2300    900     1800    800     1200    300     300     600     800     400     300     500     0       300     800     100     600     
4037   2015 6200    2100    3500    1100    900     2600    1300    500     0       100     300     500     100     1200    1300    100     200     1000    900     
4037   2016 4100    3400    2200    2200    900     800     900     500     800     0       400     500     300     500     0       500     100     300     200     
4037   2017 4200    1900    1800    900     1100    1200    1000    0       700     600     300     200     500     500     200     100     700     200     200     
4037   2018 7100    2400    4600    1300    2400    2000    900     1100    0       200     1200    1000    900     100     1000    400     300     200     700     
4037   2019 5100    2400    2700    900     1200    2100    1300    200     0       1000    200     0       500     600     1000    400     500     400     300     
4037   2020 5300    3700    1800    2200    800     1500    900     400     1500    600     100     100     500     200     800     100     500     300     200     
4037   2021 3400    1400    2000    600     100     1400    700     100     300     0       0       100     1100    100     200     500     100     100     800     
