EUROPEAN CLIMATE ASSESSMENT & DATASET (ECA&D), file created on: 20-01-2022
THESE DATA CAN BE USED FOR NON-COMMERCIAL RESEARCH AND EDUCATION PROVIDED THAT THE FOLLOWING SOURCE IS ACKNOWLEDGED: 

Klein Tank, A.M.G. and Coauthors, 2002. Daily dataset of 20th-century surface
air temperature and precipitation series for the European Climate Assessment.
Int. J. of Climatol., 22, 1441-1453.
Data and metadata available at http://www.ecad.eu

FILE FORMAT (MISSING VALUE CODE = -999999):

THIS FILE HOLDS DATA FOR STATION RUSSIAN FEDERATION                       CHOKURDAX                                (STAID:   3195)
LATITUDE: dd:mm:ss +70:37:00
LONGITUDE: ddd:mm:ss +147:52:59
ELEVATION: m   44

DATA IS FOR INDEX Days with TN > 90th percentile of daily min temp (warm nights) (TN90p) with unit 0.01 No of days

01-06 SOUID: Source identifier
08-11 YEAR : YYYY
13-20 ANNUAL DATA VALUES
21-28 WINTER HALF YEAR DATA VALUES
29-36 SUMMER HALF YEAR DATA VALUES
37-44 WINTER (DJF) DATA VALUES
45-52 SPRING (MAM) DATA VALUES
53-60 SUMMER (JJA) DATA VALUES
61-68 AUTUMN (SON) DATA VALUES
69-76 JANUARY DATA VALUES
etc. 
157-164 DECEMBER DATA VALUES

3195   1944 -999999 -999999 -999999 -999999 -999999 -999999 1900    400     -999999 -999999 -999999 -999999 -999999 -999999 600     700     300     900     800     
3195   1945 4500    2500    2500    1300    1000    1400    900     300     200     0       300     700     200     500     700     100     500     300     700     
3195   1946 2000    1600    1600    800     500     600     700     0       100     0       100     400     400     200     0       500     0       200     100     
3195   1947 -999999 1300    -999999 900     1100    -999999 -999999 100     700     200     800     100     0       200     -999999 -999999 1700    500     300     
3195   1948 4300    3500    2200    900     1900    700     1100    0       600     400     700     800     300     0       400     0       500     600     0       
3195   1949 -999999 2400    1400    300     2100    0       -999999 100     200     1000    500     600     0       0       0       300     -999999 -999999 1100    
3195   1950 1800    -999999 300     2000    0       300     400     600     300     0       0       0       200     100     0       0       200     200     200     
3195   1951 3300    1200    2100    300     900     1300    600     0       100     500     100     300     500     300     500     400     100     100     400     
3195   1952 5500    2100    2500    700     1600    2000    1000    100     200     1200    400     0       400     600     1000    100     600     300     600     
3195   1953 5000    2600    2700    1100    900     1800    1700    500     0       600     100     200     600     600     600     600     600     500     100     
3195   1954 5400    2800    2300    1200    1900    700     1200    700     400     500     1300    100     0       300     400     200     600     400     500     
3195   1955 3400    2000    2200    1000    100     1700    800     500     0       0       0       100     300     300     1100    400     200     200     300     
3195   1956 3000    1700    1100    1300    100     900     400     600     400     0       0       100     300     500     100     100     300     0       600     
3195   1957 3000    1600    1700    900     1100    1000    500     300     0       400     300     400     600     200     200     0       100     400     100     
3195   1958 2200    900     1300    400     200     800     700     200     100     0       200     0       0       200     600     300     400     0       200     
3195   1959 5500    2800    2400    1200    2100    800     1600    800     200     1200    300     600     400     0       400     700     200     700     0       
3195   1960 3400    1800    1800    700     400     1600    300     600     100     200     100     100     400     900     300     0       0       300     400     
3195   1961 3000    1200    1200    800     300     900     1000    300     100     100     0       200     700     200     0       100     100     800     400     
3195   1962 2400    1900    1100    700     1100    200     500     300     0       300     800     0       0       0       200     100     200     200     300     
3195   1963 3300    1800    1200    800     800     1000    700     100     400     600     200     0       500     200     300     0       200     500     300     
3195   1964 3500    2100    1300    1400    300     1000    300     0       1100    0       0       300     700     100     200     0       200     100     800     
3195   1965 2100    1600    900     900     1100    200     700     100     0       400     100     600     0       0       200     0       300     400     0       
3195   1966 3700    800     1300    0       200     1200    1000    0       0       100     0       100     400     400     400     0       100     900     1300    
3195   1967 3900    2600    2400    1400    1000    600     2200    100     0       200     300     500     300     0       300     1000    1000    200     0       
3195   1968 6000    3300    3700    1400    1900    2100    600     300     1100    700     400     800     900     400     800     400     100     100     0       
3195   1969 5600    1600    3300    1400    600     2500    500     1300    100     0       300     300     1000    500     1000    200     300     0       600     
3195   1970 4300    2200    2100    1900    400     900     900     700     600     0       200     200     500     100     300     800     100     0       800     
3195   1971 5800    2000    3800    1600    1300    1900    1500    0       800     300     100     900     200     400     1300    900     400     200     300     
3195   1972 3900    1500    2300    500     2200    500     800     200     0       400     700     1100    0       400     100     0       700     100     200     
3195   1973 4100    1700    2000    500     1200    1200    500     200     100     400     500     300     600     500     100     0       300     200     900     
3195   1974 4400    1800    2700    1300    500     2000    1300    300     100     0       300     200     700     900     400     200     600     500     200     
3195   1975 3800    3200    400     1400    700     300     1000    500     700     700     0       0       0       0       300     100     500     400     600     
3195   1976 1600    2200    600     1100    400     0       600     400     100     200     200     0       0       0       0       400     0       200     100     
3195   1977 4800    1500    2300    1300    1100    1100    1100    1100    100     0       1000    100     400     700     0       100     600     400     300     
3195   1978 3000    2200    900     500     800     700     1100    100     100     700     100     0       0       0       700     100     600     400     200     
3195   1979 1300    1500    400     500     400     0       100     300     0       0       0       400     0       0       0       0       0       100     500     
3195   1980 3200    1300    1700    1200    0       1000    1100    500     200     0       0       0       100     200     700     700     400     0       400     
3195   1981 5500    2900    2300    1900    1900    700     1300    1100    400     600     500     800     0       300     400     300     700     300     100     
3195   1982 3900    1700    2800    600     800     1300    1200    100     400     100     700     0       200     700     400     800     400     0       100     
3195   1983 4100    1600    2700    900     1000    1400    900     200     600     300     100     600     100     600     700     600     300     0       0       
3195   1984 3600    1200    1000    700     700     400     1600    700     0       200     200     300     0       200     200     100     500     1000    200     
3195   1985 3900    3300    1400    1600    500     600     1100    400     1000    200     200     100     200     300     100     500     0       600     300     
3195   1986 2800    1500    1100    700     700     600     1000    0       400     200     400     100     400     200     0       0       400     600     100     
3195   1987 2800    1700    1900    700     100     1800    300     600     0       0       100     0       100     1000    700     0       200     100     0       
3195   1988 4700    1500    3000    500     1700    1000    1300    200     300     700     900     100     100     900     0       1000    300     0       200     
3195   1989 5400    1500    2700    600     1100    900     2100    0       400     600     100     400     200     500     200     1300    300     500     900     
3195   1990 6400    4300    3500    1400    4500    1100    300     100     400     2100    900     1500    500     300     300     0       0       300     0       
3195   1991 7500    1000    4800    200     1600    3600    1400    200     0       500     700     400     0       1900    1700    100     500     800     700     
3195   1992 1500    2300    1000    700     700     600     100     0       0       300     300     100     0       400     200     0       0       100     100     
3195   1993 3600    1400    2100    900     1200    1100    500     500     300     400     700     100     900     200     0       200     100     200     0       
3195   1994 3600    1100    1700    700     600     600     1400    500     200     100     400     100     200     400     0       600     400     400     300     
3195   1995 6700    2700    3100    1900    500     1400    2800    0       1600    0       0       500     500     0       900     1200    800     800     400     
3195   1996 3100    2700    1100    1100    600     500     900     300     400     0       100     500     0       100     400     0       500     400     400     
3195   1997 4600    2200    2400    1300    700     1700    1200    700     200     0       500     200     500     400     800     0       800     400     100     
3195   1998 3800    1800    1600    600     100     1100    1600    400     100     0       100     0       600     200     300     400     300     900     500     
3195   1999 2900    1800    1700    500     700     900     800     0       0       100     0       600     500     0       400     200     500     100     500     
3195   2000 4600    2300    1900    1600    1100    600     1300    500     600     100     500     500     100     400     100     300     500     500     500     
3195   2001 4100    2300    2500    1200    1000    1500    700     100     600     100     500     400     200     1100    200     100     0       600     200     
3195   2002 6100    1300    3300    200     1300    2300    1900    0       0       500     800     0       400     400     1500    200     500     1200    600     
3195   2003 6000    3800    3300    1200    1400    1400    2600    600     0       900     400     100     0       600     800     1400    500     700     0       
3195   2004 3400    2000    2000    600     700     900     900     300     300     200     500     0       0       200     700     600     100     200     300     
3195   2005 7200    1300    3600    600     1600    1900    2700    100     200     400     700     500     600     800     500     500     1200    1000    700     
3195   2006 5100    3200    2600    1000    300     1300    2900    100     200     0       0       300     300     400     600     1000    700     1200    300     
3195   2007 11200   3300    6400    800     2900    2900    3800    300     200     600     1200    1100    700     800     1400    1200    800     1800    1100    
3195   2008 7800    4900    4600    1100    2500    2300    2500    0       0       1200    400     900     100     500     1700    1000    1200    300     500     
3195   2009 5400    3200    2100    1000    1200    700     2400    500     0       700     400     100     200     200     300     900     900     600     600     
3195   2010 6300    2300    3700    800     1000    2300    2500    200     0       0       500     500     200     1500    600     400     900     1200    300     
3195   2011 6700    4100    3700    900     2900    1600    1500    500     100     1100    1800    0       500     900     200     300     900     300     100     
3195   2012 6800    2500    3500    1200    1500    1500    2400    800     300     100     500     900     600     400     500     600     700     1100    300     
3195   2013 5000    2300    3500    500     2300    1100    1000    200     0       0       1100    1200    400     300     400     100     400     500     400     
3195   2014 9000    3100    5100    2000    1800    2200    3000    700     900     200     1400    200     100     400     1700    1300    1400    300     400     
3195   2015 6000    4300    1900    1100    1600    1500    1700    100     600     1500    100     0       600     400     500     300     500     900     500     
3195   2016 9400    3600    3300    1700    1100    1500    5400    1100    100     500     100     500     600     300     600     1200    2400    1800    200     
3195   2017 9900    6100    4100    400     3200    1500    3700    0       200     1500    1600    100     0       100     1400    900     800     2000    1300    
3195   2018 8300    6400    2800    3300    1300    700     4200    600     1400    300     900     100     100     200     400     1100    2400    700     100     
3195   2019 -999999 -999999 -999999 600     -999999 -999999 -999999 400     100     -999999 1900    -999999 -999999 -999999 -999999 -999999 -999999 -999999 -999999 
