EUROPEAN CLIMATE ASSESSMENT & DATASET (ECA&D), file created on: 20-01-2022
THESE DATA CAN BE USED FOR NON-COMMERCIAL RESEARCH AND EDUCATION PROVIDED THAT THE FOLLOWING SOURCE IS ACKNOWLEDGED: 

Klein Tank, A.M.G. and Coauthors, 2002. Daily dataset of 20th-century surface
air temperature and precipitation series for the European Climate Assessment.
Int. J. of Climatol., 22, 1441-1453.
Data and metadata available at http://www.ecad.eu

FILE FORMAT (MISSING VALUE CODE = -999999):

THIS FILE HOLDS DATA FOR STATION FRANCE                                   VILLARD-DE-LANS                          (STAID:  21258)
LATITUDE: dd:mm:ss +45:04:42
LONGITUDE: ddd:mm:ss +005:33:39
ELEVATION: m 1027

DATA IS FOR INDEX Days with TN > 90th percentile of daily min temp (warm nights) (TN90p) with unit 0.01 No of days

01-06 SOUID: Source identifier
08-11 YEAR : YYYY
13-20 ANNUAL DATA VALUES
21-28 WINTER HALF YEAR DATA VALUES
29-36 SUMMER HALF YEAR DATA VALUES
37-44 WINTER (DJF) DATA VALUES
45-52 SPRING (MAM) DATA VALUES
53-60 SUMMER (JJA) DATA VALUES
61-68 AUTUMN (SON) DATA VALUES
69-76 JANUARY DATA VALUES
etc. 
157-164 DECEMBER DATA VALUES

21258  1959 -999999 -999999 -999999 -999999 -999999 -999999 1600    -999999 -999999 -999999 -999999 -999999 -999999 100     100     700     200     700     200     
21258  1960 4200    2100    1800    800     1000    900     1500    200     400     400     100     500     200     300     400     300     800     400     200     
21258  1961 3900    1600    2100    300     1200    500     1300    0       100     100     800     300     100     200     200     500     400     400     800     
21258  1962 3300    2700    1900    1600    900     900     600     800     0       300     300     300     300     300     300     400     0       200     100     
21258  1963 3400    1000    1500    500     800     700     1100    400     0       300     500     0       300     100     300     300     100     700     400     
21258  1964 3900    2400    2200    1300    1200    800     900     300     600     300     600     300     500     100     200     500     200     200     100     
21258  1965 3000    1700    1200    500     1000    700     700     300     100     800     0       200     400     200     100     300     100     300     200     
21258  1966 4900    2300    2000    1800    900     900     1300    600     1000    100     300     500     400     100     400     300     800     200     200     
21258  1967 4600    3000    1600    1100    1300    1000    1300    500     400     900     100     300     200     400     400     200     600     500     100     
21258  1968 3100    2000    1600    800     800     900     600     0       700     100     300     400     100     600     200     0       300     300     100     
21258  1969 3500    1500    2100    300     1900    700     700     0       200     600     600     700     300     200     200     100     200     400     0       
21258  1970 3500    1500    1800    900     100     1300    1200    700     200     0       0       100     500     100     700     400     400     400     0       
21258  1971 3000    1100    2600    300     700     1600    300     300     0       0       400     300     200     500     900     300     0       0       100     
21258  1972 3200    1100    1000    1000    500     500     700     300     600     100     100     300     200     200     100     100     100     500     600     
21258  1973 3300    1500    2200    900     600     1400    500     300     0       0       0       600     700     200     500     200     0       300     500     
21258  1974 4800    2700    2000    1400    1600    1100    900     700     200     1000    400     200     300     200     600     300     0       600     300     
21258  1975 2600    2000    1200    1100    400     300     1100    700     100     300     100     0       200     0       100     800     0       300     0       
21258  1976 3600    700     2400    400     700     1000    900     100     300     0       300     400     100     800     100     700     100     100     600     
21258  1977 5000    3100    1100    1700    1600    600     1200    500     600     1200    400     0       300     100     200     100     1000    100     500     
21258  1978 2900    2400    1300    1000    400     1000    200     100     400     300     0       100     400     300     300     200     0       0       800     
21258  1979 5400    3200    2100    2300    1600    1200    800     600     900     900     100     600     500     500     200     200     600     0       300     
21258  1980 2200    1400    1400    700     200     1000    600     100     300     100     100     0       300     0       700     300     100     200     0       
21258  1981 3800    1000    2300    100     1700    600     1000    100     0       600     700     400     500     0       100     600     400     0       400     
21258  1982 3600    1600    1700    1200    300     1100    900     600     200     0       0       300     700     400     0       300     0       600     500     
21258  1983 3800    1400    2900    700     1100    1600    600     100     100     100     800     200     200     700     700     300     0       300     300     
21258  1984 2500    600     1100    300     200     800     1200    0       0       0       0       200     200     500     100     100     200     900     300     
21258  1985 3200    2100    1600    1000    600     1000    500     200     500     0       400     200     200     600     200     0       400     100     400     
21258  1986 2600    1100    1700    400     700     800     1100    0       0       200     200     300     200     500     100     400     400     300     0       
21258  1987 5000    1400    2500    600     700     1500    1700    200     400     100     500     100     300     800     400     400     1300    0       500     
21258  1988 4700    3000    1800    1600    1000    900     1300    1000    100     100     100     800     100     400     400     0       800     500     400     
21258  1989 3400    2400    1100    700     800     500     1000    0       300     400     300     100     0       400     100     200     300     500     800     
21258  1990 3900    2900    1400    1600    900     700     1500    100     700     500     0       400     500     200     0       300     1100    100     0       
21258  1991 3400    2200    1800    100     900     1000    1300    100     0       900     0       0       300     300     400     800     200     300     100     
21258  1992 3900    1500    2000    400     1100    1300    700     100     200     600     300     200     300     200     800     200     100     400     500     
21258  1993 4400    1400    2800    600     1400    1200    1300    100     0       300     600     500     400     200     600     500     500     300     400     
21258  1994 5500    2300    2900    1200    800     1600    1800    400     400     300     100     400     200     700     700     800     300     700     500     
21258  1995 3800    2100    1300    900     300     1100    1400    200     200     200     0       100     100     600     400     100     700     600     600     
21258  1996 4500    3600    1800    2300    900     900     300     1600    100     0       500     400     300     200     400     0       100     200     700     
21258  1997 4100    2100    1800    1700    600     1100    1200    500     500     100     100     400     700     100     300     200     400     600     200     
21258  1998 4200    2400    2700    1000    1100    1500    600     600     200     400     500     200     800     500     200     500     0       100     200     
21258  1999 4200    1000    2700    700     1200    1300    1100    400     100     200     0       1000    100     500     700     400     600     100     100     
21258  2000 4300    1000    2900    200     1100    1700    700     0       100     100     500     500     900     300     500     200     0       500     700     
21258  2001 4600    3200    1700    1500    2000    800     700     600     200     1200    200     600     0       400     400     100     500     100     300     
21258  2002 5700    2300    2700    900     1100    2000    1500    100     500     800     0       300     1000    600     400     400     300     800     500     
21258  2003 5700    1900    4000    700     900     3100    1000    100     100     100     400     400     1400    700     1000    100     400     500     500     
21258  2004 4700    2300    2500    1100    900     1600    1600    400     200     300     500     100     300     700     600     300     900     400     0       
21258  2005 4200    1900    2600    200     1200    1500    1300    100     100     400     200     600     900     500     100     300     500     500     0       
21258  2006 6300    1500    3500    0       1300    1600    3000    0       0       500     400     400     1000    500     100     1100    1000    900     400     
21258  2007 4200    3700    2300    1300    1500    1300    500     800     100     500     300     700     600     300     400     0       200     300     0       
21258  2008 3400    1600    1800    900     1100    500     800     700     200     200     200     700     400     0       100     400     100     300     100     
21258  2009 4600    900     2900    300     1700    1200    1200    0       200     200     500     1000    400     600     200     200     200     800     300     
21258  2010 3100    1800    1600    400     500     1400    700     0       100     400     100     0       500     600     300     100     400     200     400     
21258  2011 3900    2000    1900    1000    1000    800     1200    400     200     400     500     100     600     0       200     500     300     400     300     
21258  2012 4300    1100    2800    300     900     1900    1200    0       0       100     500     300     800     300     800     100     700     400     300     
21258  2013 3400    1800    1800    300     900     1000    1000    0       0       400     300     200     500     200     300     300     600     100     500     
21258  2014 4700    1700    2300    1000    900     900     2300    400     100     0       600     300     400     200     300     500     800     1000    100     
21258  2015 5100    2400    4300    300     1600    2600    600     100     100     300     600     700     600     1300    700     400     0       200     100     
21258  2016 4600    1600    2400    1300    1400    700     1300    900     300     100     900     400     100     200     400     400     300     600     0       
21258  2017 3600    1900    2500    400     800     2200    200     100     300     600     0       200     1300    100     800     100     100     0       0       
21258  2018 6300    1300    3700    800     1600    2300    1000    800     0       400     700     500     800     500     1000    200     200     600     600     
21258  2019 4900    1500    2600    600     500     1900    2000    0       0       100     300     100     1100    500     300     300     900     800     500     
21258  2020 3600    3300    1700    1200    900     1100    500     200     500     400     400     100     500     200     400     100     300     100     400     
