EUROPEAN CLIMATE ASSESSMENT & DATASET (ECA&D), file created on: 20-01-2022
THESE DATA CAN BE USED FOR NON-COMMERCIAL RESEARCH AND EDUCATION PROVIDED THAT THE FOLLOWING SOURCE IS ACKNOWLEDGED: 

Klein Tank, A.M.G. and Coauthors, 2002. Daily dataset of 20th-century surface
air temperature and precipitation series for the European Climate Assessment.
Int. J. of Climatol., 22, 1441-1453.
Data and metadata available at http://www.ecad.eu

FILE FORMAT (MISSING VALUE CODE = -999999):

THIS FILE HOLDS DATA FOR STATION GERMANY                                  PLAUEN                                   (STAID:   4522)
LATITUDE: dd:mm:ss +50:28:59
LONGITUDE: ddd:mm:ss +012:07:54
ELEVATION: m  386

DATA IS FOR INDEX Days with TN > 90th percentile of daily min temp (warm nights) (TN90p) with unit 0.01 No of days

01-06 SOUID: Source identifier
08-11 YEAR : YYYY
13-20 ANNUAL DATA VALUES
21-28 WINTER HALF YEAR DATA VALUES
29-36 SUMMER HALF YEAR DATA VALUES
37-44 WINTER (DJF) DATA VALUES
45-52 SPRING (MAM) DATA VALUES
53-60 SUMMER (JJA) DATA VALUES
61-68 AUTUMN (SON) DATA VALUES
69-76 JANUARY DATA VALUES
etc. 
157-164 DECEMBER DATA VALUES

4522   1882 -999999 -999999 -999999 -999999 -999999 200     400     100     500     300     -999999 500     100     100     0       100     0       300     200     
4522   1883 1600    600     1500    300     300     1200    0       100     0       0       0       300     300     800     100     0       0       0       0       
4522   1884 700     300     100     300     100     0       0       200     100     0       0       100     0       0       0       0       0       0       300     
4522   1885 1300    600     1000    600     600     400     0       0       300     0       500     100     400     0       0       0       0       0       0       
4522   1886 1100    200     800     0       500     300     200     0       0       200     100     200     0       300     0       200     0       0       100     
4522   1887 1600    100     1600    100     100     1100    400     0       0       0       0       100     0       800     300     400     0       0       0       
4522   1888 1800    700     700     400     500     400     500     400     0       300     0       200     300     0       100     100     100     300     0       
4522   1889 2400    700     2100    300     1000    1100    0       0       300     0       200     800     800     300     0       0       0       0       0       
4522   1890 5000    900     3900    300     1100    2800    800     300     0       600     0       500     100     800     1900    600     200     0       0       
4522   1891 3800    800     2400    0       1500    1200    900     0       0       600     0       900     600     400     200     300     500     100     200     
4522   1892 4300    1300    3700    600     800     2300    800     100     300     100     100     600     500     600     1200    700     0       100     0       
4522   1893 4200    1400    2400    900     1000    1500    800     0       900     400     0       600     300     400     800     300     500     0       0       
4522   1894 4300    2000    2400    1100    900     1900    400     400     700     400     400     100     200     1000    700     0       100     300     0       
4522   1895 5500    700     3900    300     900     2400    1900    300     0       0       800     100     800     900     700     600     200     1100    0       
4522   1896 3000    2400    1900    200     1300    1300    200     100     100     900     200     200     700     600     0       200     0       0       0       
4522   1897 3300    700     2300    300     1100    1400    400     0       300     400     200     500     500     800     100     200     200     0       100     
4522   1898 3300    900     1500    500     900     600     700     300     100     200     300     400     0       0       600     200     100     400     700     
4522   1899 5400    3500    2000    2400    1200    1100    1300    800     900     600     400     200     100     600     400     300     200     800     100     
4522   1900 5000    2500    3100    1500    1100    1800    600     700     700     0       400     700     300     1200    300     200     100     300     100     
4522   1901 3700    900     3000    300     1000    2000    400     100     100     200     400     400     500     1200    300     200     200     0       100     
4522   1902 4400    2200    2400    1600    1100    1400    300     1500    0       400     500     200     400     600     400     300     0       0       100     
4522   1903 5300    2600    2100    1800    1400    1000    1200    900     800     800     100     500     300     400     300     500     200     500     0       
4522   1904 -999999 -999999 2700    -999999 1600    1000    300     -999999 600     0       700     900     200     400     400     100     200     0       300     
4522   1905 4300    1300    3300    800     1000    2300    300     0       500     300     300     400     500     1400    400     300     0       0       200     
4522   1906 4300    1300    2400    900     1200    1300    1100    700     0       400     200     600     400     400     500     300     300     500     0       
4522   1907 2900    1400    1400    600     600     700     600     500     100     0       0       600     200     100     400     100     100     400     400     
4522   1908 2200    1100    1800    600     600     1200    200     0       200     0       0       600     900     100     200     0       0       200     0       
4522   1909 1400    200     1100    0       500     400     300     0       0       0       300     200     200     100     100     200     100     0       200     
4522   1910 1800    1000    600     900     200     400     200     200     500     0       200     0       200     100     100     0       100     100     300     
4522   1911 2800    1100    1800    800     500     1200    600     0       500     100     100     300     100     700     400     200     100     300     0       
4522   1912 5000    3100    1600    1700    1800    800     100     300     1400    1000    100     700     700     0       100     0       100     0       600     
4522   1913 4600    2100    1700    700     2300    700     1000    0       100     1300    600     400     700     0       0       0       200     800     500     
4522   1914 3000    2300    1400    900     1100    700     400     0       400     400     500     200     100     400     200     0       100     300     400     
4522   1915 3000    1600    1300    900     700     800     200     300     200     300     100     300     500     200     100     100     0       100     800     
4522   1916 3800    2300    1500    2100    1200    400     700     1200    100     100     200     900     0       200     200     0       300     400     200     
4522   1917 3000    1300    2200    600     900     1100    600     300     100     0       0       900     700     200     200     200     100     300     0       
4522   1918 4200    2200    1400    1300    1300    500     300     500     800     500     600     200     0       200     300     100     0       200     800     
4522   1919 2800    2600    900     2000    500     600     400     200     1000    400     100     0       300     100     200     200     0       200     100     
4522   1920 5300    1800    3200    900     2500    1000    600     600     200     700     600     1200    300     700     0       400     100     100     400     
4522   1921 5000    2600    2300    2300    900     1400    600     1600    300     100     200     600     300     800     300     100     500     0       200     
4522   1922 2900    1700    1700    700     1400    800     0       100     400     500     300     600     200     300     300     0       0       0       200     
4522   1923 2900    1000    1400    900     900     500     700     200     500     100     200     600     100     300     100     100     600     0       100     
4522   1924 3000    1100    2300    200     1500    700     700     100     0       300     500     700     100     500     100     400     200     100     0       
4522   1925 3300    1800    1200    1500    400     500     600     400     1100    0       200     200     100     200     200     300     200     100     300     
4522   1926 4500    2100    2200    1400    1100    1000    1300    100     1000    400     400     300     200     600     200     500     200     600     0       
4522   1927 3700    2200    1500    800     700     1300    800     400     400     600     0       100     400     600     300     100     400     300     100     
4522   1928 2700    1300    1500    600     400     1000    800     200     300     0       200     200     100     500     400     100     200     500     0       
4522   1929 3400    900     1700    0       600     1100    800     0       0       200     0       400     200     700     200     200     200     400     900     
4522   1930 3300    1900    1700    1200    500     1200    1200    300     0       100     100     300     700     400     100     100     200     900     100     
4522   1931 2200    1200    2200    100     1000    1200    0       0       0       0       0       1000    200     700     300     0       0       0       0       
4522   1932 3300    500     2700    500     300     1800    700     500     0       0       0       300     200     400     1200    600     0       100     0       
4522   1933 2100    700     1100    400     500     700     500     0       400     200     200     100     0       300     400     100     400     0       0       
4522   1934 4800    900     2600    500     1100    1100    1000    200     300     0       700     400     600     200     300     400     400     200     1100    
4522   1935 3200    2700    2000    1900    1000    1000    400     0       800     200     300     500     400     400     200     200     100     100     0       
4522   1936 4300    1700    2400    1100    1100    1500    400     500     600     400     300     400     300     700     500     200     0       200     200     
4522   1937 4100    1100    3000    800     1400    1600    500     200     400     100     400     900     1000    500     100     100     200     200     0       
4522   1938 4300    1800    1700    600     1000    1400    1300    600     0       800     200     0       700     200     500     100     500     700     0       
4522   1939 5400    2800    2500    1500    700     1300    1700    1000    500     100     600     0       600     500     200     600     200     900     200     
4522   1940 3000    1800    2100    400     1300    900     600     0       200     300     500     500     300     600     0       200     100     300     0       
4522   1941 3000    1100    1400    400     500     1200    300     100     300     300     200     0       300     800     100     0       300     0       600     
4522   1942 4100    900     2800    600     800     900     2300    0       0       0       200     600     0       200     700     1100    1000    200     100     
4522   1943 3500    1900    2600    500     1000    1300    800     200     200     200     700     100     100     200     1000    500     200     100     0       
4522   1944 6400    1000    5200    700     900     4000    800     600     100     0       300     600     700     1600    1700    300     300     200     0       
4522   1945 -999999 2200    -999999 600     -999999 -999999 -999999 0       600     1100    -999999 -999999 -999999 -999999 -999999 -999999 -999999 -999999 -999999 
4522   1946 -999999 -999999 -999999 -999999 -999999 -999999 -999999 -999999 -999999 -999999 -999999 -999999 -999999 -999999 -999999 -999999 -999999 -999999 -999999 
4522   1947 2800    -999999 2100    -999999 500     1300    800     100     0       200     300     0       500     600     200     500     0       300     100     
4522   1948 3900    2000    1800    1100    1700    500     700     600     400     600     500     600     200     100     200     200     100     400     0       
4522   1949 3300    1200    2000    600     900     700     800     300     300     100     700     100     100     0       600     500     300     0       300     
4522   1950 4700    2000    2500    1400    800     1700    900     300     800     300     0       500     500     600     600     300     400     200     200     
4522   1951 3300    1700    1700    800     800     900     800     400     200     300     200     300     200     200     500     300     0       500     200     
4522   1952 3300    1000    2800    300     1300    1600    300     100     0       200     1000    100     400     600     600     100     200     0       0       
4522   1953 5300    1100    2700    700     1200    1500    1400    100     600     200     300     700     700     500     300     200     800     400     500     
4522   1954 2200    1900    700     600     200     400     1000    100     0       100     100     0       400     0       0       200     600     200     500     
4522   1955 2200    1600    1400    500     800     900     300     0       0       300     200     300     300     500     100     0       100     200     200     
4522   1956 2200    700     1000    400     400     400     700     100     100     0       300     100     100     300     0       200     500     0       500     
4522   1957 4300    3500    1500    1800    1200    1200    600     300     1000    1200    0       0       200     800     200     300     100     200     0       
4522   1958 2900    1000    1800    700     800     700     600     0       700     0       100     700     0       400     300     300     200     100     100     
4522   1959 2500    1500    1300    400     1200    800     100     300     0       800     400     0       300     400     100     100     0       0       100     
4522   1960 3100    1300    1300    800     1100    700     400     500     200     500     200     400     100     200     400     0       0       400     200     
4522   1961 4500    2100    2200    1100    2000    0       1300    200     700     600     1100    300     0       0       0       800     500     0       300     
4522   1962 2500    1600    1500    1100    700     400     600     800     0       0       500     200     100     200     100     400     0       200     0       
4522   1963 -999999 400     -999999 0       1000    -999999 -999999 0       0       200     700     -999999 -999999 -999999 -999999 -999999 100     1000    0       
4522   1964 3600    1300    3000    200     900     1600    800     0       200     0       500     400     700     500     400     500     0       300     100     
4522   1965 1600    600     1100    200     300     900     0       100     0       100     0       200     400     300     200     0       0       0       300     
4522   1966 5300    2200    2300    2000    1500    1000    1100    300     1400    200     900     400     500     100     400     0       1100    0       0       
4522   1967 5100    2400    2300    900     1000    1200    1800    200     700     400     0       600     200     500     500     500     1100    200     200     
4522   1968 3300    2400    1400    700     1200    600     1000    300     200     400     400     400     300     100     200     0       800     200     0       
4522   1969 3000    1000    2200    0       1000    1000    1000    0       0       0       200     800     0       700     300     200     100     700     0       
4522   1970 2500    800     1200    0       400     500     1400    0       0       0       300     100     200     200     100     300     300     800     200     
4522   1971 3000    2000    1200    900     400     700     400     600     100     0       0       400     100     200     400     100     300     0       800     
4522   1972 2100    1200    1500    900     500     900     400     0       100     0       400     100     100     400     400     100     0       300     200     
4522   1973 2200    800     1800    500     600     800     500     0       300     0       100     500     400     300     100     400     0       100     0       
4522   1974 3800    2200    600     1400    1100    200     100     900     500     700     300     100     0       0       200     0       0       100     1000    
4522   1975 4100    2800    2000    2500    700     1100    700     1300    200     200     100     400     500     300     300     400     200     100     100     
4522   1976 3000    1300    1600    900     500     1000    700     600     200     100     200     200     300     600     100     200     200     300     0       
4522   1977 7300    3200    2700    1400    1600    1800    2400    300     1100    1300    200     100     900     300     600     600     900     900     100     
4522   1978 2400    2400    800     300     600     500     200     0       200     300     200     100     400     0       100     0       0       200     900     
4522   1979 3400    1500    1500    1000    900     600     700     0       100     300     100     500     500     0       100     300     100     300     1100    
4522   1980 4100    2600    1600    2000    200     1100    1500    100     800     200     0       0       400     0       700     500     300     700     400     
4522   1981 4600    2900    2600    600     2000    1400    1000    0       200     1300    300     400     900     300     200     500     0       500     0       
4522   1982 4300    1100    2600    500     700     1600    1200    500     0       100     200     400     700     500     400     400     200     600     300     
4522   1983 6000    3300    2600    1700    1600    1600    1000    1300    100     800     600     200     200     1000    400     200     400     400     400     
4522   1984 2700    1400    1300    600     300     900     1300    200     0       0       0       300     200     300     400     100     700     500     0       
4522   1985 4600    1500    2600    100     1500    900     800     0       100     200     700     600     300     300     300     400     400     0       1300    
4522   1986 4200    2300    3000    1700    1400    1700    600     400     0       200     200     1000    600     500     600     100     100     400     100     
4522   1987 4600    1100    2600    400     600     1300    1500    100     200     200     300     100     100     700     500     900     300     300     900     
4522   1988 4900    3100    2000    2500    800     900     1100    1100    500     0       200     600     0       500     400     300     700     100     500     
4522   1989 5800    3200    2000    1700    1300    800     1700    700     500     700     400     200     0       300     500     600     900     200     800     
4522   1990 3600    3900    1200    2100    900     1000    300     600     700     700     0       200     200     300     500     0       100     200     100     
4522   1991 2400    1800    700     1100    500     500     300     800     200     400     0       100     200     100     200     100     100     100     100     
4522   1992 2900    1400    1400    1000    400     1200    200     500     400     200     200     0       0       100     1100    0       0       200     200     
4522   1993 2500    1900    700     1400    600     300     200     1100    100     300     200     100     100     100     100     100     100     0       200     
4522   1994 -999999 2600    -999999 1200    1600    2300    1200    800     200     1300    200     100     700     700     900     300     100     800     500     
4522   1995 4600    -999999 1900    1800    1000    1000    1200    200     1100    100     700     200     0       800     200     0       1000    200     100     
4522   1996 2100    1500    1200    200     300     900     800     0       100     100     100     100     500     200     200     100     200     500     0       
4522   1997 4600    2500    1800    800     1400    1000    1000    0       800     1000    0       400     200     100     700     400     300     300     400     
4522   1998 6300    4000    2500    2800    1700    1200    600     1200    1200    600     800     300     900     300     0       200     400     0       400     
4522   1999 5200    2100    3200    1200    1600    1300    1200    700     100     500     400     700     300     800     200     800     200     200     300     
4522   2000 5200    2300    2500    1500    1500    1300    700     400     800     400     900     200     700     200     400     100     300     300     500     
4522   2001 4300    2800    1700    1600    1200    1100    900     300     800     600     0       600     0       200     900     0       700     200     0       
4522   2002 5700    3800    2100    2200    1600    1200    700     1100    1100    700     200     700     500     300     400     0       200     500     0       
4522   2003 3300    1100    2400    300     1300    1200    400     300     0       100     400     800     500     200     500     0       0       400     100     
4522   2004 3000    1700    1100    1000    500     800     700     0       900     300     100     100     200     100     500     100     400     200     100     
4522   2005 4100    2000    2000    900     1400    500     1400    800     0       500     300     600     200     200     100     600     500     300     0       
4522   2006 6000    1500    2700    300     1000    1600    2500    0       300     400     400     200     300     1300    0       500     700     1300    600     
4522   2007 4700    5100    1600    3000    1000    700     300     1500    900     100     100     800     300     200     200     0       200     100     300     
4522   2008 3900    2200    1600    1700    800     900     700     500     900     200     100     500     500     200     200     100     100     500     100     
4522   2009 3900    1000    2000    200     900     1000    1800    0       100     200     400     300     200     600     200     300     100     1400    100     
4522   2010 3300    2400    2000    500     700     1600    600     0       400     400     100     200     400     1000    200     100     0       500     0       
4522   2011 3600    1600    2000    800     900     1000    500     600     200     300     500     100     300     100     600     400     100     0       400     
4522   2012 4300    1900    2300    1400    1300    1300    300     600     400     400     200     700     300     500     500     100     0       200     400     
4522   2013 4000    1400    2100    1200    1000    1000    1000    800     0       0       600     400     300     300     400     100     700     200     200     
4522   2014 5800    3000    2200    1300    1300    1100    1800    500     600     800     200     300     300     700     100     600     800     400     500     
4522   2015 6700    2300    3100    1000    600     2400    1600    500     0       100     200     300     200     700     1500    200     100     1300    1600    
4522   2016 3900    4300    2200    2900    900     1100    400     500     800     0       500     400     400     400     300     200     0       200     200     
4522   2017 3700    1700    1800    1000    1200    1100    300     0       800     500     300     400     100     500     500     0       200     100     300     
4522   2018 5700    1800    3300    1300    1700    1600    900     1000    0       200     900     600     600     300     700     200     300     400     500     
4522   2019 4300    1800    1900    800     400     1700    1400    200     100     300     100     0       800     400     500     100     900     400     500     
4522   2020 5200    3800    1700    2200    400     1500    1300    700     1000    300     100     0       400     300     800     100     500     700     300     
4522   2021 4100    2100    2400    900     200     1800    1000    200     400     0       0       200     1300    400     100     400     300     300     500     
