EUROPEAN CLIMATE ASSESSMENT & DATASET (ECA&D), file created on: 20-01-2022
THESE DATA CAN BE USED FOR NON-COMMERCIAL RESEARCH AND EDUCATION PROVIDED THAT THE FOLLOWING SOURCE IS ACKNOWLEDGED: 

Klein Tank, A.M.G. and Coauthors, 2002. Daily dataset of 20th-century surface
air temperature and precipitation series for the European Climate Assessment.
Int. J. of Climatol., 22, 1441-1453.
Data and metadata available at http://www.ecad.eu

FILE FORMAT (MISSING VALUE CODE = -999999):

THIS FILE HOLDS DATA FOR STATION SWEDEN                                   SVALOV                                   (STAID:   5189)
LATITUDE: dd:mm:ss +55:55:48
LONGITUDE: ddd:mm:ss +013:03:00
ELEVATION: m   70

DATA IS FOR INDEX Days with TN > 90th percentile of daily min temp (warm nights) (TN90p) with unit 0.01 No of days

01-06 SOUID: Source identifier
08-11 YEAR : YYYY
13-20 ANNUAL DATA VALUES
21-28 WINTER HALF YEAR DATA VALUES
29-36 SUMMER HALF YEAR DATA VALUES
37-44 WINTER (DJF) DATA VALUES
45-52 SPRING (MAM) DATA VALUES
53-60 SUMMER (JJA) DATA VALUES
61-68 AUTUMN (SON) DATA VALUES
69-76 JANUARY DATA VALUES
etc. 
157-164 DECEMBER DATA VALUES

5189   1961 5000    -999999 2100    -999999 2600    300     700     100     1300    1300    1100    200     100     100     100     500     200     0       0       
5189   1962 1100    600     300     400     200     100     400     200     200     0       200     0       100     0       0       0       300     100     0       
5189   1963 2100    400     1900    0       700     900     500     0       0       0       200     500     0       400     500     300     0       200     0       
5189   1964 2900    200     1900    0       900     700     700     0       0       0       900     0       300     200     200     300     0       400     600     
5189   1965 1300    1100    1000    600     100     600     600     0       0       100     0       0       100     0       500     400     200     0       0       
5189   1966 2200    400     1800    200     400     1000    600     0       200     0       100     300     600     200     200     400     200     0       0       
5189   1967 3100    1400    1400    300     1200    700     800     0       300     900     100     200     0       300     400     400     300     100     100     
5189   1968 4200    1200    2700    200     1100    1300    1700    100     0       600     500     0       600     0       700     900     500     300     0       
5189   1969 2700    800     2300    0       300     1600    800     0       0       0       100     200     500     700     400     400     300     100     0       
5189   1970 2000    400     1500    0       200     1000    600     0       0       0       0       200     600     200     200     300     200     100     200     
5189   1971 4000    900     1600    600     900     700     700     100     300     0       600     300     200     100     400     0       500     200     1300    
5189   1972 3500    2000    2000    1300    900     1000    600     0       0       0       500     400     200     600     200     100     0       500     1000    
5189   1973 4000    3400    1700    2000    1000    1300    500     0       1000    900     0       100     500     500     300     300     100     100     200     
5189   1974 4800    2900    1200    2300    900     300     800     900     1200    400     300     200     100     0       200     400     0       400     700     
5189   1975 7700    4100    3400    3200    1200    2100    1100    2300    200     500     200     500     200     800     1100    600     300     200     800     
5189   1976 3100    2200    1600    1500    800     900     700     400     300     200     300     300     100     400     400     100     300     300     0       
5189   1977 5100    1400    2200    100     1100    1700    1800    0       100     700     200     200     700     600     400     100     1100    600     400     
5189   1978 3700    2900    900     800     800     500     2000    300     100     400     200     200     200     0       300     0       500     1500    0       
5189   1979 -999999 -999999 1500    -999999 700     600     500     0       -999999 0       0       700     400     0       200     200     200     100     600     
5189   1980 3100    900     1300    600     100     1000    1000    0       0       0       0       100     300     400     300     200     100     700     1000    
5189   1981 3400    2600    2400    1300    1600    600     900     0       300     500     300     800     200     100     300     700     100     100     0       
5189   1982 3800    500     2100    0       700     1600    1300    0       0       300     200     200     400     600     600     100     300     900     200     
5189   1983 -999999 3600    -999999 1900    -999999 -999999 900     1700    0       500     200     -999999 -999999 800     300     300     400     200     200     
5189   1984 3000    1100    1700    500     1000    700     800     300     0       0       200     800     300     100     300     0       600     200     200     
5189   1985 2400    1100    1600    300     900     700     200     0       100     0       300     600     200     200     300     0       200     0       500     
5189   1986 -999999 -999999 1400    -999999 700     700     1000    -999999 0       0       100     600     200     500     0       0       0       1000    400     
5189   1987 -999999 -999999 -999999 400     -999999 -999999 700     0       0       -999999 -999999 -999999 -999999 300     500     200     400     100     900     
5189   1988 -999999 3700    4100    3000    1100    2300    1800    1400    700     200     500     400     1400    600     300     900     800     100     -999999 
5189   1989 7700    -999999 2200    -999999 1500    900     1400    1500    2200    800     500     200     300     400     200     600     700     100     200     
