EUROPEAN CLIMATE ASSESSMENT & DATASET (ECA&D), file created on: 20-01-2022
THESE DATA CAN BE USED FOR NON-COMMERCIAL RESEARCH AND EDUCATION PROVIDED THAT THE FOLLOWING SOURCE IS ACKNOWLEDGED: 

Klein Tank, A.M.G. and Coauthors, 2002. Daily dataset of 20th-century surface
air temperature and precipitation series for the European Climate Assessment.
Int. J. of Climatol., 22, 1441-1453.
Data and metadata available at http://www.ecad.eu

FILE FORMAT (MISSING VALUE CODE = -999999):

THIS FILE HOLDS DATA FOR STATION SERBIA                                   NIS                                      (STAID:    262)
LATITUDE: dd:mm:ss +43:19:59
LONGITUDE: ddd:mm:ss +021:54:00
ELEVATION: m  201

DATA IS FOR INDEX Days with TN > 90th percentile of daily min temp (warm nights) (TN90p) with unit 0.01 No of days

01-06 SOUID: Source identifier
08-11 YEAR : YYYY
13-20 ANNUAL DATA VALUES
21-28 WINTER HALF YEAR DATA VALUES
29-36 SUMMER HALF YEAR DATA VALUES
37-44 WINTER (DJF) DATA VALUES
45-52 SPRING (MAM) DATA VALUES
53-60 SUMMER (JJA) DATA VALUES
61-68 AUTUMN (SON) DATA VALUES
69-76 JANUARY DATA VALUES
etc. 
157-164 DECEMBER DATA VALUES

262    1941 -999999 -999999 -999999 -999999 -999999 -999999 -999999 400     500     -999999 -999999 -999999 -999999 -999999 -999999 -999999 -999999 -999999 -999999 
262    1942 -999999 -999999 -999999 -999999 -999999 -999999 -999999 -999999 -999999 -999999 -999999 -999999 -999999 -999999 -999999 -999999 -999999 -999999 -999999 
262    1943 4600    -999999 2400    -999999 400     1100    2300    100     100     100     200     100     100     400     600     1000    700     600     600     
262    1944 -999999 -999999 -999999 -999999 -999999 -999999 -999999 -999999 -999999 -999999 -999999 -999999 -999999 -999999 -999999 -999999 -999999 -999999 -999999 
262    1945 -999999 -999999 2600    -999999 -999999 1700    300     -999999 -999999 -999999 100     500     300     700     700     300     0       0       300     
262    1946 -999999 500     -999999 400     500     3200    -999999 0       100     100     200     200     800     1100    1300    -999999 200     400     600     
262    1947 -999999 -999999 3200    -999999 1700    2000    700     -999999 -999999 900     300     500     1000    500     500     400     200     100     -999999 
262    1948 -999999 -999999 2500    -999999 600     1100    2000    -999999 -999999 0       200     400     400     300     400     800     500     700     0       
262    1949 2300    1200    1400    0       1000    400     700     0       0       0       300     700     300     0       100     0       0       700     200     
262    1950 6000    1200    3500    400     1100    1900    1100    100     100     100     700     300     200     900     800     600     400     100     1700    
262    1951 6100    3900    3000    2700    1100    1200    2400    500     500     700     0       400     400     400     400     1400    600     400     400     
262    1952 7000    1900    4600    700     1200    2300    2400    300     0       200     500     500     600     900     800     1300    400     700     800     
262    1953 3800    2400    2900    1300    200     2300    800     500     0       0       100     100     1000    1200    100     400     400     0       0       
262    1954 3400    400     2400    0       0       2200    500     0       0       0       0       0       1100    500     600     200     100     200     700     
262    1955 4700    2300    2000    1900    400     1100    1300    700     500     100     0       300     600     300     200     600     600     100     700     
262    1956 3700    1900    3000    1200    900     1400    900     500     0       0       600     300     400     300     700     700     100     100     0       
262    1957 4000    900     1800    500     500     1300    1100    100     400     200     200     100     900     300     100     200     200     700     600     
262    1958 5300    2300    2600    1400    1100    1400    900     600     200     0       0       1100    300     600     500     100     200     600     1100    
262    1959 3600    2800    1400    1400    1000    1000    200     300     0       600     200     200     100     800     100     0       100     100     1100    
262    1960 5300    2600    1500    2000    1000    500     1900    0       900     400     200     400     0       200     300     400     1100    400     1000    
262    1961 4200    3300    1300    1500    700     800     1800    400     100     300     300     100     300     100     400     100     1000    700     400     
262    1962 4600    2800    2800    800     1200    1300    1700    400     0       300     300     600     400     100     800     600     0       1100    0       
262    1963 4800    1600    3700    300     900     2300    1300    300     0       200     600     100     500     500     1300    700     100     500     0       
262    1964 3700    1300    1500    200     900     1000    1100    0       200     500     300     100     500     400     100     100     900     100     500     
262    1965 3600    1900    2300    800     400     1400    1100    200     100     100     100     200     500     700     200     600     100     400     400     
262    1966 6000    2600    1700    1500    1200    1000    2200    0       1100    600     400     200     300     400     300     100     1700    400     500     
262    1967 4400    3400    2200    600     1800    500     1700    0       100     700     800     300     0       400     100     600     500     600     300     
262    1968 4400    2100    2500    800     1600    700     1300    200     300     200     500     900     400     300     0       400     100     800     300     
262    1969 2900    1700    1900    600     1000    400     1200    200     100     200     200     600     100     0       300     700     0       500     0       
262    1970 2800    2100    700     1300    500     300     300     900     400     300     100     100     200     0       100     200     0       100     400     
262    1971 2700    1300    1500    1100    500     900     400     500     200     100     200     200     100     200     600     200     0       200     200     
262    1972 5100    2800    2200    1900    1500    1400    200     1000    700     700     700     100     800     400     200     0       0       200     300     
262    1973 3400    1000    2300    800     1000    800     700     300     200     0       200     800     700     100     0       500     200     0       400     
262    1974 3200    2500    900     2000    300     600     500     800     800     300     0       0       200     100     300     300     200     0       200     
262    1975 3500    1000    2200    200     1500    1000    800     0       0       600     300     600     200     300     500     300     300     200     200     
262    1976 2000    800     300     300     200     0       1400    100     0       0       100     100     0       0       0       100     500     800     300     
262    1977 4700    4000    1900    2200    1700    500     600     700     1200    500     500     700     100     200     200     200     200     200     0       
262    1978 2700    1400    900     600     800     400     200     200     400     400     200     200     200     100     100     100     100     0       700     
262    1979 4500    2600    1300    1900    900     700     1100    500     700     600     200     100     500     0       200     300     300     500     600     
262    1980 2000    2000    900     1000    400     700     500     100     300     200     200     0       100     400     200     0       400     100     0       
262    1981 4300    1200    2600    200     900     1800    900     100     100     500     100     300     700     700     400     400     500     0       500     
262    1982 4300    1400    2500    700     700     1300    1200    200     0       200     0       500     700     200     400     700     300     200     900     
262    1983 3800    3100    1700    2000    1700    600     100     800     300     600     500     600     0       400     200     0       0       100     300     
262    1984 2500    1000    1200    900     400     400     1100    200     400     0       200     200     0       200     200     400     700     0       0       
262    1985 3500    1000    2300    200     1100    1100    400     200     0       100     200     800     300     200     600     200     0       200     700     
262    1986 2800    1700    1900    1300    1500    500     100     400     200     200     900     400     100     0       400     100     0       0       100     
262    1987 5300    500     3400    400     200     2300    1700    0       300     100     100     0       600     1500    200     1000    400     300     800     
262    1988 3600    3000    2000    2200    200     1700    300     900     500     100     0       100     200     1000    500     200     100     0       0       
262    1989 4200    1300    2600    500     2200    800     400     100     400     700     1100    400     0       400     400     300     0       100     300     
262    1990 4600    1700    1800    1000    1200    1000    1500    400     300     600     300     300     300     300     400     200     400     900     200     
262    1991 3300    2100    1500    500     500     1000    1500    300     0       300     100     100     300     500     200     300     700     500     0       
262    1992 4700    1600    2900    200     400     2300    1400    100     100     200     200     0       600     300     1400    400     800     200     400     
262    1993 4100    1500    2400    400     500     1700    1300    0       0       100     100     300     400     400     900     300     700     300     600     
262    1994 6000    3400    3700    1900    1600    1300    1700    1000    300     500     500     600     400     300     600     1300    400     0       100     
262    1995 4100    1300    2800    500     1000    2000    300     0       400     400     300     300     800     1000    200     200     0       100     400     
262    1996 5000    900     3100    800     1000    2000    1100    300     100     0       200     800     600     600     800     100     500     500     500     
262    1997 4400    2300    2100    1200    1000    1200    600     500     200     100     0       900     900     300     0       0       0       600     900     
262    1998 6400    2500    4700    1900    900     3400    1100    700     300     0       500     400     1000    900     1500    400     600     100     0       
262    1999 5600    1700    3600    500     1200    2400    900     300     200     500     200     500     900     700     800     500     400     0       600     
262    2000 7000    1300    4200    600     2200    2100    2000    0       0       300     1200    700     500     800     800     200     900     900     700     
262    2001 5700    4700    3000    1800    1700    2000    900     800     300     1100    100     500     200     1000    800     400     500     0       0       
262    2002 7000    2000    4000    600     2000    2600    1200    100     500     900     200     900     400     1600    600     300     400     500     600     
262    2003 5900    1600    4400    600     1200    3200    1100    0       0       100     200     900     1700    900     600     100     300     700     400     
262    2004 4800    2600    1500    1400    500     1200    1300    600     400     200     100     200     400     500     300     0       800     500     800     
262    2005 3600    2500    2100    800     800     1200    1100    0       0       400     0       400     100     500     600     500     500     100     500     
262    2006 5600    1500    4000    700     1100    2100    1900    100     100     200     800     100     1000    600     500     1000    600     300     300     
262    2007 7800    3500    4800    1900    1800    3700    500     800     800     700     100     1000    1200    1200    1300    0       500     0       200     
262    2008 6600    2000    3100    1000    1200    1900    1200    500     300     500     100     600     900     500     500     500     200     500     1500    
262    2009 7500    4300    3000    3100    1200    1900    1500    1000    600     500     300     400     700     800     400     400     600     500     1300    
262    2010 10000   4600    5800    2700    2000    4000    1900    900     500     800     600     600     1100    1600    1300    600     300     1000    700     
262    2011 6000    2900    4100    1300    900     2300    1600    600     0       300     100     500     600     1000    700     1200    300     100     600     
262    2012 9100    1300    7400    900     600     5200    2800    300     0       0       400     200     1600    2500    1100    1600    700     500     200     
262    2013 7700    3400    4300    1500    2200    2600    1500    900     400     700     400     1100    700     600     1300    200     500     800     100     
262    2014 7800    3900    3600    1900    1300    1900    2300    1000    800     700     400     200     300     800     800     1100    500     700     500     
262    2015 8300    3500    5600    2100    1100    3300    2100    800     800     200     0       900     500     1500    1300    1400    500     200     200     
262    2016 7200    3100    4200    1900    1600    2700    1200    500     1200    500     800     300     1300    1100    300     400     600     200     0       
262    2017 6200    2400    3900    400     1600    3000    600     0       400     1200    200     200     1100    1000    900     500     0       100     600     
262    2018 10500   3100    6600    2200    3600    3400    1600    1100    500     800     1600    1200    1400    1100    900     400     500     700     300     
262    2019 9000    2900    4800    1200    1200    3800    2100    400     500     500     500     200     1500    1000    1300    300     100     1700    1000    
262    2020 7800    4100    4000    1800    1500    2200    1800    200     600     500     200     800     400     900     900     800     600     400     1500    
262    2021 8300    4000    5100    2800    800     4000    1400    700     600     200     100     500     1000    2200    800     500     200     700     800     
