EUROPEAN CLIMATE ASSESSMENT & DATASET (ECA&D), file created on: 20-01-2022
THESE DATA CAN BE USED FOR NON-COMMERCIAL RESEARCH AND EDUCATION PROVIDED THAT THE FOLLOWING SOURCE IS ACKNOWLEDGED: 

Klein Tank, A.M.G. and Coauthors, 2002. Daily dataset of 20th-century surface
air temperature and precipitation series for the European Climate Assessment.
Int. J. of Climatol., 22, 1441-1453.
Data and metadata available at http://www.ecad.eu

FILE FORMAT (MISSING VALUE CODE = -999999):

THIS FILE HOLDS DATA FOR STATION FRANCE                                   GOURDON                                  (STAID:   2199)
LATITUDE: dd:mm:ss +44:44:42
LONGITUDE: ddd:mm:ss +001:23:48
ELEVATION: m  260

DATA IS FOR INDEX Days with TN > 90th percentile of daily min temp (warm nights) (TN90p) with unit 0.01 No of days

01-06 SOUID: Source identifier
08-11 YEAR : YYYY
13-20 ANNUAL DATA VALUES
21-28 WINTER HALF YEAR DATA VALUES
29-36 SUMMER HALF YEAR DATA VALUES
37-44 WINTER (DJF) DATA VALUES
45-52 SPRING (MAM) DATA VALUES
53-60 SUMMER (JJA) DATA VALUES
61-68 AUTUMN (SON) DATA VALUES
69-76 JANUARY DATA VALUES
etc. 
157-164 DECEMBER DATA VALUES

2199   1961 -999999 -999999 3000    -999999 1200    1000    1600    -999999 500     100     800     300     300     300     400     900     300     400     900     
2199   1962 3000    2400    1900    1300    1000    900     700     400     0       400     300     300     300     300     300     400     200     100     0       
2199   1963 2500    800     1300    200     700     700     800     200     0       300     300     100     200     400     100     200     0       600     100     
2199   1964 4100    1500    3100    500     1400    1400    800     100     300     400     200     800     600     300     500     700     100     0       100     
2199   1965 2900    1000    1100    400     700     800     800     300     0       500     100     100     400     100     300     100     700     0       300     
2199   1966 4600    3000    1700    2300    800     600     900     1000    1000    0       200     600     400     100     100     300     300     300     300     
2199   1967 3600    2100    1300    1000    900     700     1200    300     400     500     0       400     200     300     200     200     700     300     100     
2199   1968 4100    1800    1800    200     1700    700     1000    0       100     600     900     200     200     500     0       0       300     700     600     
2199   1969 3100    2700    1500    1000    1200    900     600     300     100     700     100     400     0       300     600     100     500     0       0       
2199   1970 1800    1100    400     600     100     200     700     400     200     0       100     0       100     0       100     100     100     500     200     
2199   1971 1900    1000    1400    400     800     500     200     200     0       0       600     200     0       200     300     100     100     0       200     
2199   1972 1600    700     500     400     300     300     600     0       200     200     100     0       0       100     200     100     0       500     200     
2199   1973 2900    700     2400    200     800     1300    700     0       0       0       0       800     300     0       1000    300     0       400     100     
2199   1974 2900    1800    800     900     600     600     400     700     100     500     0       100     200     100     300     100     0       300     500     
2199   1975 2800    1700    1700    1400    500     900     500     600     300     0       100     400     200     200     500     300     100     100     0       
2199   1976 2700    400     1800    200     500     900     900     0       200     0       100     400     400     300     200     400     400     100     200     
2199   1977 3800    2400    500     1300    1000    100     1000    300     800     600     400     0       0       100     0       0       800     200     600     
2199   1978 3300    2600    1100    1300    500     700     500     0       700     300     200     0       500     200     0       200     300     0       900     
2199   1979 4300    2900    1200    2000    1100    600     1000    300     800     600     100     400     400     200     0       100     500     400     500     
2199   1980 2300    2300    1300    1200    500     800     200     300     400     200     200     100     200     0       600     200     0       0       100     
2199   1981 4600    1400    2300    300     1900    900     1400    200     0       1100    600     200     400     200     300     600     600     200     200     
2199   1982 5200    2900    2600    2000    600     1600    900     1400    400     100     100     400     900     700     0       500     100     300     300     
2199   1983 5700    1000    3700    600     500     2900    1800    300     0       0       300     200     500     1700    700     300     300     1200    200     
2199   1984 2500    2000    1300    500     600     700     900     200     100     0       600     0       300     200     200     0       200     700     0       
2199   1985 3500    1800    1600    800     600     800     900     200     600     100     300     200     400     400     0       300     400     200     400     
2199   1986 3400    1400    2100    600     1000    900     1100    200     0       200     0       800     600     100     200     400     500     200     200     
2199   1987 5900    1500    4000    500     1500    1700    1600    200     100     300     1100    100     100     700     900     1100    500     0       800     
2199   1988 4400    2600    1800    1700    1600    500     1200    800     100     400     500     700     0       200     300     100     700     400     200     
2199   1989 6100    2300    2700    400     2100    1000    1700    100     100     800     200     1100    200     400     400     400     600     700     1100    
2199   1990 7500    4600    3800    2500    1900    2400    1600    300     1100    800     300     800     400     900     1100    300     700     600     200     
2199   1991 4500    3000    2400    700     1400    1100    1200    500     0       1000    300     100     0       200     900     900     100     200     300     
2199   1992 4400    1100    2700    600     1100    1800    600     100     200     200     200     700     400     400     1000    0       0       600     600     
2199   1993 4100    2300    2000    1400    1100    1100    700     800     0       300     400     400     400     200     500     100     200     400     400     
2199   1994 6600    2200    3200    1000    1300    2300    1500    300     300     600     200     500     400     900     1000    200     600     700     900     
2199   1995 5400    3400    2000    1900    500     1700    1600    400     600     200     100     200     500     700     500     0       1200    400     600     
2199   1996 4700    3900    2100    1900    900     1600    400     1200    100     400     400     100     1000    500     100     0       200     200     500     
2199   1997 6900    2600    3000    1900    1500    1800    1500    700     700     300     400     800     500     100     1200    0       1100    400     700     
2199   1998 4200    3400    2600    1400    1500    1200    400     600     100     500     300     700     300     100     800     400     0       0       400     
2199   1999 5100    1500    3400    1100    2100    1100    1000    500     200     400     400     1300    300     300     500     600     300     100     200     
2199   2000 5800    1800    2900    1200    1500    1600    700     500     500     200     200     1100    700     100     800     0       300     400     1000    
2199   2001 6000    4400    2200    2300    2400    1100    1000    900     400     1400    300     700     200     200     700     100     900     0       200     
2199   2002 5600    2600    2500    1000    1300    1700    900     500     300     700     300     300     1200    200     300     200     500     200     900     
2199   2003 8100    2900    5900    1500    1900    4500    800     300     300     700     800     400     2000    700     1800    200     100     500     300     
2199   2004 4900    2100    2800    1200    600     1700    1600    800     100     300     300     0       600     400     700     800     800     0       100     
2199   2005 6600    1800    3800    500     1700    2100    2400    300     100     500     600     600     1300    600     200     500     1500    400     0       
2199   2006 8300    2800    5100    100     2000    2900    3000    100     0       800     400     800     1300    1600    0       1000    1100    900     300     
2199   2007 7600    4700    3800    2200    3100    1200    900     1400    500     500     1500    1100    600     100     500     0       700     200     500     
2199   2008 4100    2800    2300    1500    1600    900     500     600     400     400     300     900     300     300     300     200     300     0       100     
2199   2009 5400    600     3100    300     1100    1800    1700    200     0       0       100     1000    400     500     900     200     600     900     600     
2199   2010 5000    2900    2900    800     1700    1800    1000    0       200     600     600     500     300     800     700     0       600     400     300     
2199   2011 8600    2700    4700    1000    3000    1600    2600    600     100     700     1200    1100    400     200     1000    800     600     1200    700     
2199   2012 6600    3600    3400    1400    1300    2100    2000    600     100     400     200     700     800     200     1100    400     1100    500     500     
2199   2013 5500    2700    3200    700     1200    1800    2200    100     100     400     700     100     300     900     600     600     1400    200     100     
2199   2014 6800    3400    2600    1400    1000    1500    2700    1000    300     400     400     200     800     300     400     500     1000    1200    300     
2199   2015 8300    3600    4800    800     2500    2700    1600    400     100     600     1000    900     700     1200    800     200     400     1000    1000    
2199   2016 5600    3800    3300    2300    1300    1900    700     700     600     100     500     700     600     400     900     200     200     300     400     
2199   2017 7100    2200    4900    1000    1900    3700    800     100     500     700     100     1100    1700    900     1100    0       600     200     100     
2199   2018 7800    2400    4000    1100    2100    2200    1500    800     200     500     1100    500     900     500     800     200     900     400     1000    
2199   2019 6000    2800    3400    1100    1000    2600    1400    100     0       400     500     100     1000    1000    600     200     700     500     900     
2199   2020 8100    4100    4900    2400    2900    1900    1400    600     900     500     1500    900     400     300     1200    600     100     700     400     
2199   2021 6400    3100    3500    2100    900     2000    1200    500     1200    200     500     200     1100    500     400     800     400     0       600     
