EUROPEAN CLIMATE ASSESSMENT & DATASET (ECA&D), file created on: 20-01-2022
THESE DATA CAN BE USED FOR NON-COMMERCIAL RESEARCH AND EDUCATION PROVIDED THAT THE FOLLOWING SOURCE IS ACKNOWLEDGED: 

Klein Tank, A.M.G. and Coauthors, 2002. Daily dataset of 20th-century surface
air temperature and precipitation series for the European Climate Assessment.
Int. J. of Climatol., 22, 1441-1453.
Data and metadata available at http://www.ecad.eu

FILE FORMAT (MISSING VALUE CODE = -999999):

THIS FILE HOLDS DATA FOR STATION RUSSIAN FEDERATION                       SOLONESHNOE                              (STAID:   8533)
LATITUDE: dd:mm:ss +51:37:59
LONGITUDE: ddd:mm:ss +084:19:59
ELEVATION: m  409

DATA IS FOR INDEX Days with TN > 90th percentile of daily min temp (warm nights) (TN90p) with unit 0.01 No of days

01-06 SOUID: Source identifier
08-11 YEAR : YYYY
13-20 ANNUAL DATA VALUES
21-28 WINTER HALF YEAR DATA VALUES
29-36 SUMMER HALF YEAR DATA VALUES
37-44 WINTER (DJF) DATA VALUES
45-52 SPRING (MAM) DATA VALUES
53-60 SUMMER (JJA) DATA VALUES
61-68 AUTUMN (SON) DATA VALUES
69-76 JANUARY DATA VALUES
etc. 
157-164 DECEMBER DATA VALUES

8533   1955 2700    -999999 1400    -999999 600     600     500     200     300     0       0       600     100     100     400     200     100     200     500     
8533   1956 2600    1400    1300    1000    600     700     800     400     100     100     300     200     100     400     200     100     700     0       0       
8533   1957 2600    1100    1000    400     100     800     1000    300     100     0       100     0       300     100     400     100     400     500     300     
8533   1958 2000    1900    800     900     300     500     600     0       600     100     0       200     100     100     300     100     500     0       0       
8533   1959 2300    800     1800    300     1000    800     200     300     0       0       700     300     200     300     300     0       200     0       0       
8533   1960 1800    700     1000    400     200     400     700     400     0       100     100     0       0       100     300     500     0       200     100     
8533   1961 3200    1200    1400    1000    500     500     900     500     400     0       400     100     0       200     300     400     100     400     400     
8533   1962 3200    1500    1900    700     1100    700     700     200     100     300     300     500     300     100     300     400     300     0       400     
8533   1963 3800    2400    500     1500    600     500     1300    400     700     600     0       0       200     0       300     0       400     900     300     
8533   1964 3600    2400    1700    900     500     1300    700     600     0       200     200     100     500     400     400     100     0       600     500     
8533   1965 2500    1400    1300    800     800     200     800     200     100     0       300     500     200     0       0       300     300     200     400     
8533   1966 4100    2200    2200    1300    1100    800     1300    700     200     400     200     500     600     0       200     700     400     200     0       
8533   1967 2500    1200    1500    200     1000    700     500     100     100     400     400     200     300     200     200     200     300     0       100     
8533   1968 3100    1400    1400    300     1100    1100    200     100     100     800     100     200     100     800     200     0       0       200     500     
8533   1969 4500    1100    3300    800     1100    1700    1300    0       300     100     500     500     500     1100    100     600     400     300     100     
8533   1970 3500    1700    -999999 800     1100    1000    700     100     600     200     600     300     500     100     400     300     300     100     0       
8533   1971 3200    1400    900     400     1100    400     900     400     0       600     200     300     200     100     100     0       300     600     400     
8533   1972 3900    1800    1900    800     800     1100    900     200     200     100     300     400     700     0       400     100     300     500     700     
8533   1973 -999999 -999999 1900    -999999 900     1100    900     -999999 400     300     200     400     300     600     200     200     100     600     -999999 
8533   1974 3700    -999999 2200    -999999 800     1300    900     500     200     300     200     300     400     600     300     400     200     300     0       
8533   1975 3800    1600    1700    900     1000    500     800     700     200     200     600     200     0       300     200     400     400     0       600     
8533   1976 2700    1600    1800    1200    500     1000    400     400     200     0       100     400     500     200     300     300     100     0       200     
8533   1977 3500    1200    1800    800     1000    1000    800     0       600     300     300     400     400     300     300     100     400     300     100     
8533   1978 4400    2000    2300    600     1600    1200    700     400     100     700     800     100     600     500     100     200     200     300     400     
8533   1979 4400    2400    1800    1600    700     1000    1000    500     700     300     100     300     400     400     200     400     600     0       500     
8533   1980 3100    1200    1700    600     500     1100    1100    0       100     0       100     400     700     100     300     100     0       1000    300     
8533   1981 3500    2600    2000    900     1600    400     900     100     500     700     600     300     300     100     0       700     200     0       0       
8533   1982 3400    700     1300    400     700     700     1300    300     100     100     300     300     400     200     100     0       900     400     300     
8533   1983 6900    4300    2200    1800    1700    1300    2300    900     600     1200    200     300     100     400     800     400     600     1300    100     
8533   1984 3700    2800    1900    400     900     1200    1300    200     100     500     300     100     500     300     400     300     600     400     0       
8533   1985 2300    1400    1100    300     600     500     700     0       300     100     300     200     0       300     200     100     500     100     200     
8533   1986 3300    1400    2000    600     900     800     700     300     100     200     200     500     200     200     400     500     200     0       500     
8533   1987 4700    1800    2700    1400    1000    1300    1000    300     600     200     300     500     100     500     700     600     200     200     500     
8533   1988 3800    1200    2900    800     600     1500    1200    200     100     0       300     300     400     400     700     800     200     200     200     
8533   1989 5600    2200    2500    1400    1600    1100    900     700     500     400     700     500     100     700     300     200     600     100     800     
8533   1990 6000    3000    2700    1600    1200    1800    1600    300     500     700     0       500     300     1100    400     400     1000    200     600     
8533   1991 4200    2600    2500    1200    600     1400    1500    300     300     200     0       400     200     1100    100     700     600     200     100     
8533   1992 5700    1900    3200    1000    1500    1700    1300    700     200     100     800     600     600     800     300     100     300     900     300     
8533   1993 3900    2900    1800    1400    600     1300    700     900     200     300     100     200     400     500     400     200     500     0       200     
8533   1994 4600    1200    3300    400     1200    1900    1100    200     0       300     200     700     300     1000    600     500     100     500     200     
8533   1995 5400    2000    3000    600     1800    1800    1200    100     300     800     400     600     0       800     1000    200     700     300     200     
8533   1996 5400    1500    3500    500     500     2400    1500    100     200     0       300     200     600     1500    300     600     200     700     700     
8533   1997 5200    3100    2900    1800    1700    1500    600     700     400     400     800     500     400     600     500     100     400     100     300     
8533   1998 4300    800     2800    300     900     1400    1900    0       0       0       500     400     300     400     700     500     900     500     100     
8533   1999 5200    2400    2700    1000    700     1800    900     700     200     0       400     300     300     900     600     200     500     200     900     
8533   2000 5000    2700    3300    1500    1700    1900    300     200     400     500     700     500     600     300     1000    200     100     0       500     
8533   2001 5000    2200    2100    1300    1500    1200    1400    300     500     800     0       700     400     200     600     200     400     800     100     
8533   2002 6700    4600    2300    2500    1400    1300    1600    900     1500    900     100     400     200     400     700     500     400     700     0       
8533   2003 3500    2200    1800    800     800     1000    600     600     200     300     300     200     600     300     100     300     200     100     300     
8533   2004 3300    1600    1600    1000    1100    500     600     0       700     300     500     300     100     200     200     300     300     0       400     
8533   2005 3400    1300    2300    700     600     1700    700     200     100     300     300     0       400     500     800     300     200     200     100     
8533   2006 4500    1300    1700    500     700     1200    1400    100     300     400     200     100     300     600     300     200     500     700     800     
8533   2007 7000    4900    3700    3200    2100    1600    700     900     1500    500     900     700     200     1100    300     500     200     0       200     
8533   2008 4600    2200    1300    600     1700    700     1300    0       400     1400    0       300     400     100     200     300     400     600     500     
8533   2009 3600    2400    1700    1100    1100    800     800     400     200     300     400     400     0       100     700     100     500     200     300     
8533   2010 3200    1200    1300    400     400     800     1600    100     0       100     200     100     200     400     200     200     300     1100    300     
8533   2011 3400    2400    2200    600     900     1600    500     100     200     400     500     0       600     600     400     100     400     0       100     
8533   2012 4300    800     3300    100     1300    1900    1100    0       0       300     800     200     600     700     600     400     500     200     0       
8533   2013 5800    2100    2300    700     1300    1300    1900    500     200     700     400     200     0       500     800     400     500     1000    600     
8533   2014 3700    3100    1800    1100    1300    900     900     300     200     500     600     200     300     200     400     100     600     200     100     
8533   2015 5700    2400    2300    1100    1200    1500    1000    500     500     500     400     300     700     600     200     100     600     300     1000    
8533   2016 4100    3300    2300    1600    1500    1200    600     0       600     800     700     0       500     500     200     400     200     0       200     
8533   2017 4500    1300    2500    900     1300    1200    900     400     300     200     700     400     600     200     400     200     300     400     400     
8533   2018 3300    2000    1800    600     1400    800     800     100     100     700     200     500     200     200     400     300     200     300     100     
8533   2019 -999999 1300    -999999 300     1000    -999999 -999999 100     100     500     300     200     200     -999999 -999999 -999999 -999999 -999999 -999999 
