EUROPEAN CLIMATE ASSESSMENT & DATASET (ECA&D), file created on: 20-01-2022
THESE DATA CAN BE USED FOR NON-COMMERCIAL RESEARCH AND EDUCATION PROVIDED THAT THE FOLLOWING SOURCE IS ACKNOWLEDGED: 

Klein Tank, A.M.G. and Coauthors, 2002. Daily dataset of 20th-century surface
air temperature and precipitation series for the European Climate Assessment.
Int. J. of Climatol., 22, 1441-1453.
Data and metadata available at http://www.ecad.eu

FILE FORMAT (MISSING VALUE CODE = -999999):

THIS FILE HOLDS DATA FOR STATION LATVIA                                   PAVILOSTA                                (STAID:    988)
LATITUDE: dd:mm:ss +56:54:00
LONGITUDE: ddd:mm:ss +021:12:00
ELEVATION: m    9

DATA IS FOR INDEX Days with TN > 90th percentile of daily min temp (warm nights) (TN90p) with unit 0.01 No of days

01-06 SOUID: Source identifier
08-11 YEAR : YYYY
13-20 ANNUAL DATA VALUES
21-28 WINTER HALF YEAR DATA VALUES
29-36 SUMMER HALF YEAR DATA VALUES
37-44 WINTER (DJF) DATA VALUES
45-52 SPRING (MAM) DATA VALUES
53-60 SUMMER (JJA) DATA VALUES
61-68 AUTUMN (SON) DATA VALUES
69-76 JANUARY DATA VALUES
etc. 
157-164 DECEMBER DATA VALUES

988    1945 -999999 -999999 -999999 -999999 -999999 -999999 300     -999999 -999999 -999999 -999999 -999999 -999999 500     600     200     100     0       0       
988    1946 2900    500     2400    400     600     1300    600     300     100     0       600     0       300     400     600     500     0       100     0       
988    1947 3500    100     2700    0       100     2100    900     0       0       0       100     0       500     1200    400     500     300     100     400     
988    1948 4200    1200    2800    700     1200    900     1200    0       300     100     500     600     200     200     500     800     100     300     600     
988    1949 5000    2300    2000    1900    1200    500     1200    400     900     0       600     600     300     0       200     300     800     100     800     
988    1950 4300    2300    3000    1000    1800    900     1200    0       200     400     1100    300     200     200     500     700     400     100     200     
988    1951 3700    700     2400    200     700     1200    800     0       0       0       700     0       300     200     700     500     100     200     1000    
988    1952 1600    1700    1100    1400    400     700     100     300     100     0       200     200     0       100     600     0       100     0       0       
988    1953 5600    600     3300    200     1400    1600    1800    0       200     300     800     300     700     600     300     600     600     600     600     
988    1954 2500    1900    1300    600     500     700     700     0       0       100     0       400     400     200     100     200     400     100     600     
988    1955 2300    1300    1400    800     0       600     1400    200     0       0       0       0       0       100     500     800     400     200     100     
988    1956 1600    700     800     100     0       600     500     0       0       0       0       0       600     0       0       200     300     0       500     
988    1957 4600    2200    1500    1900    300     1200    1100    600     800     0       200     100     0       700     500     0       400     700     600     
988    1958 2100    1900    800     800     300     400     1100    100     100     0       0       300     200     100     100     100     600     400     100     
988    1959 4500    2200    3200    800     2100    1500    200     400     300     400     1400    300     300     600     600     0       100     100     0       
988    1960 1700    200     900     0       200     600     300     0       0       0       200     0       200     200     200     100     0       200     600     
988    1961 6900    3400    3100    1700    2200    1500    2000    400     700     1500    400     300     1100    100     300     900     800     300     100     
988    1962 2100    2000    900     900     800     100     200     700     100     0       800     0       0       100     0       0       100     100     200     
988    1963 3700    400     3400    200     1100    1400    1200    0       0       0       200     900     100     500     800     900     0       300     0       
988    1964 2700    400     1800    100     100     1300    700     100     0       0       100     0       600     400     300     400     0       300     500     
988    1965 2300    1000    1500    700     500     300     1300    200     0       0       500     0       200     0       100     700     600     0       0       
988    1966 1800    700     1100    100     200     900     600     0       100     0       0       200     400     300     200     0       600     0       0       
988    1967 5500    1800    2500    300     1900    900     2300    0       300     900     700     300     0       400     500     600     1300    400     100     
988    1968 3700    2200    2200    100     1000    1200    1500    0       0       400     400     200     700     100     400     400     500     600     0       
988    1969 1400    1100    1200    0       500     700     200     0       0       0       100     400     200     500     0       0       100     100     0       
988    1970 1800    200     1100    0       400     600     200     0       0       0       100     300     200     100     300     100     0       100     600     
988    1971 5000    1700    2300    1600    1300    900     900     600     400     0       600     700     100     200     600     100     600     200     900     
988    1972 5600    1700    3600    900     500     2900    700     0       0       0       200     300     500     1700    700     200     0       500     1500    
988    1973 4000    3800    1900    2700    1000    1400    100     200     1000    600     200     200     300     700     400     100     0       0       300     
988    1974 3100    1100    1000    1000    400     400     1000    0       700     100     100     200     200     100     100     300     100     600     600     
988    1975 7200    3600    3300    2500    1600    1100    1700    1300    600     400     100     1100    100     700     300     1000    600     100     900     
988    1976 1700    2300    700     1400    300     500     400     200     300     200     100     0       100     400     0       100     0       300     0       
988    1977 3300    600     1600    0       800     900     1400    0       0       300     0       500     800     100     0       200     500     700     200     
988    1978 2500    2100    400     400     700     200     1400    200     0       500     0       200     100     0       100     0       0       1400    0       
988    1979 2300    1400    1600    0       600     700     500     0       0       0       100     500     700     0       0       300     100     100     500     
988    1980 2300    700     1500    500     300     800     700     0       0       0       200     100     400     0       400     400     0       300     500     
988    1981 2800    1200    2200    700     1400    500     700     0       200     200     100     1100    300     0       200     500     200     0       0       
988    1982 2500    400     1100    100     200     800     1100    0       100     100     100     0       0       400     400     200     100     800     300     
988    1983 5300    2900    2300    1900    1000    1200    1100    1400    200     100     600     300     0       600     600     200     500     400     400     
988    1984 5400    1600    3400    700     2100    1200    1300    300     0       0       700     1400    500     100     600     100     900     300     500     
988    1985 2300    1800    1400    500     500     1000    500     0       0       100     0       400     0       200     800     0       500     0       300     
988    1986 2800    1000    1000    400     400     700     1100    100     0       100     300     0       200     300     200     0       100     1000    500     
988    1987 1400    1800    500     600     300     300     400     0       100     100     0       200     0       200     100     0       300     100     300     
988    1988 4700    1800    3400    1400    800     1800    1000    800     300     0       500     300     300     1000    500     800     200     0       0       
988    1989 7900    5000    2000    3300    2400    1000    900     1900    1400    1500    700     200     200     500     300     100     600     200     300     
988    1990 8800    6500    2600    3800    3300    1100    600     1400    2100    1900    1000    400     500     200     400     100     200     300     300     
988    1991 6900    3200    3200    1900    1800    1800    1300    1100    500     800     800     200     100     600     1100    400     400     500     400     
988    1992 6200    4400    2700    2600    1600    1600    400     1000    1200    900     600     100     200     700     700     400     0       0       400     
988    1993 5200    2900    2400    2200    2600    500     200     1000    800     700     700     1200    0       500     0       0       200     0       100     
988    1994 2800    900     1600    500     1300    400     400     400     0       200     1100    0       100     200     100     100     0       300     300     
988    1995 4500    2500    2000    1500    1500    1100    700     0       1200    700     400     400     400     400     300     100     400     200     0       
988    1996 2000    600     1200    0       500     600     900     0       0       0       200     300     100     0       500     100     300     500     0       
988    1997 4700    2600    2600    1300    700     1800    800     100     1200    500     200     0       700     400     700     600     200     0       100     
988    1998 5200    2800    2100    2500    1300    400     600     1100    1300    100     900     300     300     100     0       500     100     0       500     
988    1999 6800    1600    4200    1200    1500    2200    2100    700     0       300     1100    100     900     900     400     800     500     800     300     
988    2000 6700    3500    2100    1700    1900    500     1600    600     800     500     1200    200     200     0       300     200     900     500     1300    
988    2001 5500    3700    3500    1900    1200    2700    1000    100     500     400     500     300     200     1900    600     0       800     200     0       
988    2002 -999999 3400    4700    1700    2500    2500    -999999 300     1400    700     700     1100    900     900     700     400     0       -999999 0       
988    2003 -999999 -999999 -999999 200     300     -999999 1200    200     0       0       0       300     -999999 -999999 1000    400     0       800     700     
988    2004 5400    2100    3600    1000    1500    1800    1200    0       300     300     500     700     100     500     1200    600     500     100     600     
988    2005 3000    2100    1200    1500    300     400     1200    900     0       0       200     100     0       100     300     500     0       700     200     
988    2006 7300    1100    2200    300     500     1100    2900    100     0       100     200     200     400     400     300     700     800     1400    2700    
988    2007 7600    7400    3700    4100    1600    2600    1000    1200    200     1100    100     400     700     500     1400    600     300     100     1000    
988    2008 6900    5300    1700    4200    1400    800     1400    900     2300    700     400     300     100     0       700     200     800     400     100     
988    2009 3400    1900    1800    700     400     900     1400    400     200     0       400     0       300     400     200     500     0       900     100     
988    2010 6500    1700    5200    200     1700    3700    1000    0       100     600     500     600     300     1800    1600    400     0       600     0       
988    2011 8700    1100    5500    300     900     3500    3000    100     200     200     600     100     1300    1400    800     1300    600     1100    1000    
988    2012 6900    4200    4200    1800    2300    1600    2000    500     300     700     1100    500     200     900     500     1000    600     400     200     
988    2013 5900    1500    2900    500     1300    1300    1500    300     0       0       300     1000    700     300     300     300     700     500     1500    
988    2014 -999999 5100    -999999 2900    -999999 -999999 -999999 400     1000    1000    900     -999999 -999999 1100    -999999 -999999 -999999 -999999 -999999 
988    2015 -999999 -999999 2000    -999999 -999999 600     -999999 -999999 -999999 -999999 -999999 0       0       100     500     500     200     -999999 -999999 
988    2016 6900    -999999 3700    -999999 1300    2100    800     600     800     300     500     500     900     900     300     600     0       200     1300    
988    2017 4200    3300    1600    2100    1600    900     300     400     400     1000    400     200     400     100     400     100     0       200     600     
988    2018 5300    1300    4200    1000    1600    1700    1500    400     0       100     800     700     200     600     900     1000    200     300     100     
988    2019 8000    2300    3900    1000    2100    2000    1700    100     800     800     700     600     1500    200     300     600     700     400     1300    
988    2020 10000   7300    3300    5100    2000    1600    2300    2300    1500    1100    800     100     900     200     500     800     400     1100    300     
988    2021 6300    2700    4000    700     1300    3000    1100    100     300     500     400     400     900     1700    400     200     300     600     500     
