EUROPEAN CLIMATE ASSESSMENT & DATASET (ECA&D), file created on: 20-01-2022
THESE DATA CAN BE USED FOR NON-COMMERCIAL RESEARCH AND EDUCATION PROVIDED THAT THE FOLLOWING SOURCE IS ACKNOWLEDGED: 

Klein Tank, A.M.G. and Coauthors, 2002. Daily dataset of 20th-century surface
air temperature and precipitation series for the European Climate Assessment.
Int. J. of Climatol., 22, 1441-1453.
Data and metadata available at http://www.ecad.eu

FILE FORMAT (MISSING VALUE CODE = -999999):

THIS FILE HOLDS DATA FOR STATION NETHERLANDS                              DEELEN                                   (STAID:   2563)
LATITUDE: dd:mm:ss +52:03:18
LONGITUDE: ddd:mm:ss +005:52:19
ELEVATION: m   50

DATA IS FOR INDEX Days with TN > 90th percentile of daily min temp (warm nights) (TN90p) with unit 0.01 No of days

01-06 SOUID: Source identifier
08-11 YEAR : YYYY
13-20 ANNUAL DATA VALUES
21-28 WINTER HALF YEAR DATA VALUES
29-36 SUMMER HALF YEAR DATA VALUES
37-44 WINTER (DJF) DATA VALUES
45-52 SPRING (MAM) DATA VALUES
53-60 SUMMER (JJA) DATA VALUES
61-68 AUTUMN (SON) DATA VALUES
69-76 JANUARY DATA VALUES
etc. 
157-164 DECEMBER DATA VALUES

2563   1953 -999999 -999999 -999999 -999999 -999999 -999999 -999999 -999999 -999999 -999999 -999999 -999999 -999999 -999999 -999999 -999999 -999999 -999999 -999999 
2563   1954 -999999 -999999 -999999 -999999 -999999 -999999 -999999 -999999 -999999 -999999 -999999 -999999 -999999 -999999 -999999 -999999 -999999 -999999 -999999 
2563   1955 -999999 -999999 -999999 -999999 -999999 -999999 -999999 -999999 -999999 -999999 -999999 -999999 -999999 -999999 -999999 -999999 -999999 -999999 -999999 
2563   1956 -999999 -999999 -999999 -999999 -999999 -999999 -999999 -999999 -999999 -999999 -999999 -999999 -999999 -999999 -999999 -999999 -999999 -999999 -999999 
2563   1957 -999999 -999999 -999999 -999999 -999999 -999999 -999999 -999999 -999999 -999999 -999999 -999999 -999999 -999999 -999999 -999999 -999999 -999999 -999999 
2563   1958 -999999 -999999 -999999 -999999 -999999 -999999 -999999 100     -999999 300     -999999 300     0       100     500     400     300     0       -999999 
2563   1959 -999999 -999999 -999999 -999999 -999999 -999999 -999999 300     -999999 -999999 300     -999999 400     400     500     100     100     100     -999999 
2563   1960 -999999 -999999 -999999 -999999 -999999 500     500     -999999 300     400     -999999 0       200     100     200     100     100     300     0       
2563   1961 4900    1400    3000    600     1400    600     1900    100     500     400     900     100     100     200     300     1400    400     100     400     
2563   1962 1000    1400    300     900     0       200     300     400     100     0       0       0       100     100     0       100     200     0       0       
2563   1963 1900    300     1100    0       700     400     800     0       0       100     500     100     200     100     100     100     100     600     0       
2563   1964 3500    1300    2100    400     1000    900     1000    0       400     200     400     400     200     400     300     400     0       600     200     
2563   1965 1000    1100    400     300     400     100     200     0       100     200     0       200     0       100     0       100     100     0       200     
2563   1966 4400    1700    2000    1500    900     1100    1100    400     900     100     500     300     700     100     300     100     700     300     0       
2563   1967 3300    2300    1400    900     1000    400     900     300     600     400     100     500     100     200     100     400     500     0       100     
2563   1968 3500    1100    2000    300     1200    900     1200    200     0       300     700     200     100     200     600     200     600     400     0       
2563   1969 3200    1300    2100    300     800     900     1200    300     0       0       200     600     0       300     600     400     500     300     0       
2563   1970 2800    900     2000    100     800     1100    700     0       100     0       400     400     800     100     200     100     300     300     100     
2563   1971 3300    1300    1400    700     600     800     800     400     200     0       100     500     100     100     600     0       400     400     500     
2563   1972 2900    1800    1700    800     900     1000    400     100     200     200     400     300     200     700     100     0       100     300     300     
2563   1973 2500    1100    1900    700     100     1200    700     100     300     0       0       100     600     300     300     600     0       100     100     
2563   1974 4300    1900    1100    1400    700     600     500     1000    300     400     300     0       300     0       300     200     0       300     1200    
2563   1975 5000    3600    2700    2700    1100    1700    700     1200    300     600     500     0       300     200     1200    500     0       200     0       
2563   1976 4400    1700    2600    1500    600     2000    300     1200    300     0       200     400     800     1000    200     0       200     100     0       
2563   1977 4200    2000    1100    1100    800     700     1200    500     600     600     100     100     300     300     100     200     300     700     400     
2563   1978 3300    2400    1300    800     1000    600     900     0       400     600     100     300     400     200     0       300     200     400     400     
2563   1979 2900    1100    1500    400     800     600     800     0       0       100     300     400     300     200     100     200     500     100     700     
2563   1980 3700    2000    1800    1100    600     1100    1200    0       400     300     300     0       300     300     500     400     100     700     400     
2563   1981 5300    3200    3000    800     3000    1400    500     100     300     1600    500     900     400     300     700     200     0       300     0       
2563   1982 5700    1400    3500    800     1200    2000    1700    500     300     300     200     700     700     900     400     600     400     700     0       
2563   1983 5900    2700    3000    900     1100    2300    1100    900     0       700     300     100     500     1200    600     300     400     400     500     
2563   1984 2700    1500    1400    600     100     1100    1300    100     0       100     0       0       100     300     700     300     500     500     100     
2563   1985 3600    1400    1600    200     1300    500     600     0       100     200     500     600     100     400     0       0       500     100     1100    
2563   1986 3200    2300    1200    1500    500     900     700     400     0       200     0       300     500     400     0       0       200     500     700     
2563   1987 4300    1900    1900    800     1000    800     1300    0       100     400     500     100     300     200     300     500     400     400     1100    
2563   1988 4900    3400    1800    2400    1400    400     1000    900     400     200     200     1000    0       200     200     200     400     400     800     
2563   1989 6200    3400    3000    1800    1900    1300    1500    500     500     800     400     700     500     600     200     600     800     100     500     
2563   1990 6300    4400    2000    2500    1700    1200    1300    900     1100    1000    200     500     300     200     700     100     700     500     100     
2563   1991 5200    3500    2700    1000    2000    1700    500     700     200     1300    600     100     0       1100    600     300     100     100     100     
2563   1992 6000    1800    3800    1200    2200    1600    1000    400     700     400     400     1400    600     300     700     400     0       600     100     
2563   1993 4100    2100    2200    1100    1900    700     200     900     100     400     900     600     400     300     0       0       200     0       300     
2563   1994 6500    2000    3200    900     1600    2400    1400    400     200     900     400     300     0       1800    600     100     200     1100    500     
2563   1995 6300    3600    3400    2300    700     2600    1200    500     1300    0       300     400     200     1300    1100    100     800     300     0       
2563   1996 2600    1400    1700    100     700     1200    600     100     0       200     400     100     400     100     700     0       200     400     0       
2563   1997 5700    2300    3000    1000    1600    1800    800     0       1000    700     300     600     500     100     1200    300     300     200     500     
2563   1998 6500    4000    2900    2500    2600    600     1100    1000    1000    1000    900     700     300     200     100     700     300     100     200     
2563   1999 7200    2300    4400    1400    1800    1400    2700    1000    200     500     800     500     100     700     600     1700    600     400     100     
2563   2000 7300    2900    3500    1400    2200    900     1800    900     400     500     700     1000    600     0       300     900     500     400     1100    
2563   2001 6800    3300    3300    2000    1400    2000    2200    400     500     400     600     400     300     700     1000    300     1700    200     300     
2563   2002 6800    4900    3300    2400    1300    2400    500     900     1200    600     400     300     600     500     1300    200     100     200     500     
2563   2003 6400    2100    4200    1200    2300    2200    900     600     100     600     1000    700     600     700     900     300     0       600     300     
2563   2004 5300    2300    2800    1300    1300    1700    1100    300     700     400     800     100     100     100     1500    200     500     400     200     
2563   2005 7000    3700    3100    1600    2100    1500    1900    1000    400     1200    300     600     700     500     300     700     800     400     100     
2563   2006 9500    2400    5300    500     2000    2700    3300    0       400     700     300     1000    600     1900    200     1300    900     1100    1100    
2563   2007 7600    6600    3400    3900    2300    1800    200     1700    1100    700     1100    500     1000    400     400     0       0       200     500     
2563   2008 6100    2500    3800    1900    1800    1900    1000    1000    400     400     200     1200    600     800     500     500     300     200     0       
2563   2009 5100    900     3100    200     1700    1300    1700    0       200     200     1300    200     400     400     500     300     300     1100    200     
2563   2010 4200    2700    2200    400     1100    2000    900     0       200     900     200     0       500     1100    400     0       400     500     0       
2563   2011 6800    2800    3600    1500    2100    1200    1700    600     900     400     1200    500     800     0       400     700     600     400     300     
2563   2012 6500    2900    3300    1200    2500    1500    1000    600     300     700     500     1300    400     500     600     0       700     300     600     
2563   2013 5000    2700    2400    1600    400     1900    1200    900     100     100     200     100     500     900     500     200     800     200     500     
2563   2014 9100    3800    4400    2000    2900    1800    2600    1000    500     800     1300    800     300     1400    100     500     1300    800     300     
2563   2015 6400    3000    1900    800     300     1700    1800    300     200     100     100     100     100     700     900     0       300     1500    2100    
2563   2016 6400    5300    4300    3200    1700    2100    1100    500     600     300     300     1100    800     700     600     800     0       300     400     
2563   2017 6000    2400    2700    1300    1800    1300    1500    100     800     800     200     800     800     400     100     400     600     500     500     
2563   2018 8600    2700    5900    1300    3100    2200    2000    800     0       300     1200    1600    900     600     700     900     700     400     500     
2563   2019 7400    3100    4200    1200    2100    2100    2000    300     400     800     1100    200     700     700     700     800     900     300     500     
2563   2020 7800    4200    3100    2500    1000    2500    1600    800     1200    500     300     200     1100    100     1300    100     500     1000    700     
2563   2021 -999999 3600    2500    1900    300     1800    -999999 100     1100    200     0       100     900     600     300     600     500     -999999 -999999 
