EUROPEAN CLIMATE ASSESSMENT & DATASET (ECA&D), file created on: 20-01-2022
THESE DATA CAN BE USED FOR NON-COMMERCIAL RESEARCH AND EDUCATION PROVIDED THAT THE FOLLOWING SOURCE IS ACKNOWLEDGED: 

Klein Tank, A.M.G. and Coauthors, 2002. Daily dataset of 20th-century surface
air temperature and precipitation series for the European Climate Assessment.
Int. J. of Climatol., 22, 1441-1453.
Data and metadata available at http://www.ecad.eu

FILE FORMAT (MISSING VALUE CODE = -999999):

THIS FILE HOLDS DATA FOR STATION SWEDEN                                   OLANDS NORRA UDDE                        (STAID:   1423)
LATITUDE: dd:mm:ss +57:22:12
LONGITUDE: ddd:mm:ss +017:06:00
ELEVATION: m    4

DATA IS FOR INDEX Days with TN > 90th percentile of daily min temp (warm nights) (TN90p) with unit 0.01 No of days

01-06 SOUID: Source identifier
08-11 YEAR : YYYY
13-20 ANNUAL DATA VALUES
21-28 WINTER HALF YEAR DATA VALUES
29-36 SUMMER HALF YEAR DATA VALUES
37-44 WINTER (DJF) DATA VALUES
45-52 SPRING (MAM) DATA VALUES
53-60 SUMMER (JJA) DATA VALUES
61-68 AUTUMN (SON) DATA VALUES
69-76 JANUARY DATA VALUES
etc. 
157-164 DECEMBER DATA VALUES

1423   1924 -999999 -999999 700     -999999 -999999 400     500     -999999 -999999 -999999 0       200     100     0       300     100     0       400     900     
1423   1925 4000    3100    2100    2500    800     1400    200     800     800     200     200     400     0       1100    300     100     100     0       0       
1423   1926 2400    500     1700    100     500     1300    200     100     0       300     200     0       0       1100    200     200     0       0       300     
1423   1927 2200    1400    1100    700     700     800     300     300     100     700     0       0       0       400     400     300     0       0       0       
1423   1928 1400    100     200     100     0       200     1100    0       100     0       0       0       0       200     0       0       300     800     0       
1423   1929 1600    1100    300     0       200     100     200     0       0       0       100     100     0       100     0       0       0       200     1100    
1423   1930 3100    2300    1400    2000    600     700     900     900     0       100     400     100     700     0       0       200     500     200     0       
1423   1931 500     700     200     0       100     100     200     0       0       0       0       100     100     0       0       0       100     100     100     
1423   1932 3900    1300    2300    1100    200     1500    700     1000    0       0       100     100     0       800     700     600     100     0       500     
1423   1933 2000    1600    900     800     1000    300     400     300     0       700     300     0       0       300     0       300     100     0       0       
1423   1934 8100    1400    4100    1200    1600    600     3400    200     1000    100     400     1100    0       400     200     2000    1000    400     1300    
1423   1935 4200    3500    2400    1900    600     1700    900     0       600     200     300     100     700     600     400     300     400     200     400     
1423   1936 3600    1800    2200    1200    0       1900    300     700     100     0       0       0       1000    800     100     300     0       0       600     
1423   1937 6000    1000    4400    1000    900     2800    1900    400     0       0       100     800     200     1100    1500    700     800     400     0       
1423   1938 8800    3300    4000    800     2400    1500    3300    200     600     1300    700     400     200     200     1100    1400    800     1100    800     
1423   1939 7200    4500    4900    2500    900     2300    2300    300     1400    100     800     0       200     400     1700    1800    0       500     0       
1423   1940 1500    500     1200    0       100     1100    300     0       0       0       100     0       200     900     0       0       0       300     0       
1423   1941 2200    300     1800    0       0       1700    100     0       0       0       0       0       100     1300    300     100     0       0       400     
1423   1942 900     400     600     400     0       600     0       0       0       0       0       0       100     0       500     0       0       0       300     
1423   1943 5300    1700    3300    1200    2600    500     1000    0       900     500     1500    600     100     200     200     700     300     0       300     
1423   1944 3500    1500    1900    1200    100     1800    300     700     200     0       0       100     0       700     1100    0       200     100     400     
1423   1945 4100    1800    2400    700     1600    1100    900     100     200     800     600     200     0       1000    100     500     400     0       200     
1423   1946 1600    1000    1100    600     800     300     0       400     0       0       600     200     0       300     0       0       0       0       100     
1423   1947 4000    100     3800    100     800     1900    1300    0       0       0       500     300     600     400     900     1100    200     0       0       
1423   1948 -999999 -999999 -999999 -999999 -999999 -999999 1100    -999999 -999999 -999999 -999999 -999999 -999999 -999999 -999999 1000    0       100     1100    
1423   1949 8700    3100    4300    2800    1600    400     4200    600     1100    200     900     500     100     200     100     2500    1000    700     800     
1423   1950 2500    2900    1800    900     1000    700     700     0       100     300     600     100     400     100     200     400     100     200     0       
1423   1951 3600    300     1400    0       400     400     1400    0       0       0       400     0       0       0       400     600     0       800     1400    
1423   1952 1400    2700    900     1900    700     200     0       200     300     0       700     0       0       200     0       0       0       0       0       
1423   1953 5800    900     2900    400     1800    1500    1300    100     300     500     700     600     1000    500     0       100     800     400     800     
1423   1954 1800    2100    900     900     300     300     500     100     0       0       100     200     300     0       0       300     200     0       600     
1423   1955 4500    800     3700    600     200     2400    1700    0       0       0       100     100     400     600     1400    1100    500     100     200     
1423   1956 1200    800     500     200     200     200     400     0       0       0       0       200     200     0       0       100     300     0       400     
1423   1957 2900    1800    1100    1400    400     800     400     600     400     100     300     0       100     500     200     0       400     0       300     
1423   1958 2100    800     900     400     300     200     1100    100     0       0       0       300     0       200     0       400     300     400     400     
1423   1959 7900    2100    4700    1100    1000    3100    2300    200     500     300     600     100     200     1400    1500    900     300     1100    800     
1423   1960 3500    2500    1800    1100    200     700     1200    300     0       0       100     100     700     0       0       900     0       300     1100    
1423   1961 8300    4400    3200    2100    3400    1100    2800    200     800     2000    1100    300     900     200     0       700     1900    200     0       
1423   1962 1100    2700    100     600     100     0       400     500     100     0       100     0       0       0       0       0       100     300     0       
1423   1963 900     400     900     0       200     300     400     0       0       0       0       200     100     200     0       400     0       0       0       
1423   1964 3500    0       2700    0       1800    700     400     0       0       0       700     1100    400     200     100     200     0       200     600     
1423   1965 1800    1200    900     900     100     200     1200    300     0       100     0       0       0       0       200     700     400     100     0       
1423   1966 1700    600     1400    0       400     1100    100     0       0       100     100     200     800     300     0       0       100     0       100     
1423   1967 3900    1400    1400    300     1400    500     1800    0       200     1000    200     200     0       100     400     500     1000    300     0       
1423   1968 5900    2100    4300    100     2100    1800    1900    100     0       700     1100    300     800     0       1000    1100    400     400     0       
1423   1969 3400    800     3100    0       200     2200    1000    0       0       0       200     0       300     900     1000    700     300     0       0       
1423   1970 1200    300     700     0       100     400     200     0       0       0       100     0       300     100     0       200     0       0       500     
1423   1971 3200    1300    900     1300    600     300     500     600     200     0       200     400     100     100     100     0       400     100     1000    
1423   1972 3500    1600    1800    1000    500     1300    200     0       0       100     300     100     0       1100    200     100     0       100     1500    
1423   1973 4200    2900    2800    2200    800     2600    0       100     600     600     0       200     1000    1400    200     0       0       0       100     
1423   1974 3200    1000    1300    1000    600     300     700     300     600     0       600     0       0       0       300     400     0       300     700     
1423   1975 6300    2400    3600    1800    1100    2100    1200    1100    0       300     300     500     100     400     1600    700     200     300     800     
1423   1976 3400    2100    2200    1300    600     1900    400     100     400     300     200     100     400     400     1100    0       100     300     0       
1423   1977 1400    400     100     0       100     0       1000    0       0       0       100     0       0       0       0       0       400     600     300     
1423   1978 3600    1400    1900    300     500     1500    1600    0       0       100     100     300     800     300     400     0       100     1500    0       
1423   1979 1700    1700    1200    0       600     500     200     0       0       100     0       500     500     0       0       200     0       0       400     
1423   1980 1800    400     800     400     0       600     600     0       0       0       0       0       0       300     300     200     100     300     600     
1423   1981 2700    1300    2000    800     1200    500     800     0       200     100     500     600     100     200     200     400     300     100     0       
1423   1982 4200    400     2700    0       600     1900    1400    0       0       0       200     400     500     700     700     200     0       1200    300     
1423   1983 4500    3800    2000    2100    1000    1100    500     1800    0       500     200     300     0       600     500     400     100     0       100     
1423   1984 3100    700     1100    600     200     800     1200    500     0       0       100     100     100     0       700     100     600     500     400     
1423   1985 800     1500    500     400     200     300     100     0       0       0       100     100     0       300     0       0       100     0       200     
1423   1986 2900    400     900     300     300     600     1300    100     0       0       0       300     200     400     0       0       200     1100    600     
1423   1987 700     1900    400     600     300     100     100     0       0       0       200     100     0       100     0       0       0       100     200     
1423   1988 4700    1900    2700    1800    700     1500    600     900     700     0       200     500     500     900     100     500     100     0       300     
1423   1989 10900   5400    4300    4100    3200    1500    2100    1900    1900    1200    600     1400    300     800     400     800     1000    300     300     
1423   1990 11000   7100    3800    4200    4500    800     1100    1500    2400    1600    1400    1500    300     0       500     100     400     600     700     
1423   1991 6300    3300    3000    1900    1300    1800    1300    1000    200     400     900     0       0       900     900     300     500     500     700     
1423   1992 9300    5100    5000    2900    3600    2400    300     900     1300    1200    600     1800    1400    900     100     200     0       100     800     
1423   1993 3800    2700    1800    1900    2300    200     100     800     300     700     600     1000    200     0       0       0       100     0       100     
1423   1994 6500    1000    4200    700     1200    3000    800     600     0       200     1000    0       0       1800    1200    200     0       600     900     
1423   1995 7000    3700    3200    2400    1200    2300    2000    100     1400    700     200     300     400     700     1200    400     1500    100     0       
1423   1996 3200    1600    2000    0       400     1600    1000    0       0       0       400     0       300     0       1300    0       700     300     200     
1423   1997 9800    3300    6700    1400    1700    4700    1600    0       1200    900     400     400     600     1400    2700    1200    300     100     600     
1423   1998 4700    3500    1700    3000    800     400     700     1200    1200    100     100     600     400     0       0       600     100     0       400     
1423   1999 8400    1800    5500    1300    1600    2100    3400    900     0       400     700     500     700     900     500     2200    100     1100    400     
1423   2000 10200   4000    2600    2100    2800    200     3800    600     1100    700     900     1200    200     0       0       300     1800    1700    1700    
1423   2001 7600    7100    3600    3400    1300    2300    2000    600     1100    200     700     400     200     1500    600     200     1600    200     300     
1423   2002 11900   5300    8300    2600    2800    5000    1800    600     1700    900     900     1000    1500    1100    2400    1400    100     300     0       
1423   2003 8600    1200    6100    500     1200    3700    2000    500     0       300     100     800     700     1700    1300    1500    0       500     1200    
1423   2004 4900    2600    3100    1600    1800    1300    700     0       400     500     700     600     300     0       1000    500     200     0       700     
1423   2005 7700    2200    4600    2000    1500    2000    2800    1200    100     0       1000    500     300     1200    500     1100    800     900     100     
1423   2006 13000   1900    7300    100     400     5000    5400    0       0       100     100     200     700     2200    2100    2000    1900    1500    2200    
1423   2007 9700    8800    5100    4100    3700    2100    900     1800    100     1300    1100    1300    700     0       1400    600     200     100     1100    
1423   2008 10000   5700    4000    4300    3200    1500    1600    1400    1800    1100    1000    1100    600     500     400     400     400     800     500     
1423   2009 6200    2100    4300    800     2500    1300    1700    200     100     100     1600    800     100     800     400     600     0       1100    400     
1423   2010 3800    1700    3400    400     800     2400    600     0       0       200     400     200     0       1500    900     400     0       200     0       
1423   2011 8200    400     5900    100     3000    2300    2200    100     0       100     1700    1200    800     1000    500     700     600     900     600     
1423   2012 5500    4700    2000    1500    2700    900     1000    500     400     1700    500     500     0       300     600     100     100     800     0       
1423   2013 8700    1300    4300    300     1500    2100    3100    300     0       100     500     900     700     800     600     800     1400    900     1700    
1423   2014 15100   7800    7300    4100    4000    3300    4500    900     1500    1400    1400    1200    600     1800    900     1400    1700    1400    900     
1423   2015 10800   7000    4100    2600    3000    1400    2900    800     900     1300    1400    300     400     500     500     1000    400     1500    1800    
1423   2016 10500   5600    6800    2900    3800    2000    2500    400     700     800     1500    1500    800     1000    200     1800    200     500     1100    
1423   2017 8300    3800    3900    1800    3500    900     2400    400     300     1300    1100    1100    600     0       300     800     900     700     800     
1423   2018 12700   3100    10300   1500    3800    5400    2500    700     0       0       1200    2600    1800    2100    1500    1100    600     800     300     
1423   2019 11300   4200    5400    1800    2600    3300    2000    300     1200    1000    1300    300     1500    700     1100    500     600     900     1900    
1423   2020 16300   9100    4900    6300    3400    2100    4400    2600    1800    1300    1900    200     600     300     1200    700     1500    2200    2000    
1423   2021 10300   7900    6200    3200    1900    4300    2400    600     600     1000    500     400     2000    2200    100     1000    400     1000    500     
