EUROPEAN CLIMATE ASSESSMENT & DATASET (ECA&D), file created on: 20-01-2022
THESE DATA CAN BE USED FOR NON-COMMERCIAL RESEARCH AND EDUCATION PROVIDED THAT THE FOLLOWING SOURCE IS ACKNOWLEDGED: 

Klein Tank, A.M.G. and Coauthors, 2002. Daily dataset of 20th-century surface
air temperature and precipitation series for the European Climate Assessment.
Int. J. of Climatol., 22, 1441-1453.
Data and metadata available at http://www.ecad.eu

FILE FORMAT (MISSING VALUE CODE = -999999):

THIS FILE HOLDS DATA FOR STATION AUSTRIA                                  EISENSTADT-NORDOST                       (STAID:    606)
LATITUDE: dd:mm:ss +47:51:00
LONGITUDE: ddd:mm:ss +016:31:48
ELEVATION: m  184

DATA IS FOR INDEX Days with TN > 90th percentile of daily min temp (warm nights) (TN90p) with unit 0.01 No of days

01-06 SOUID: Source identifier
08-11 YEAR : YYYY
13-20 ANNUAL DATA VALUES
21-28 WINTER HALF YEAR DATA VALUES
29-36 SUMMER HALF YEAR DATA VALUES
37-44 WINTER (DJF) DATA VALUES
45-52 SPRING (MAM) DATA VALUES
53-60 SUMMER (JJA) DATA VALUES
61-68 AUTUMN (SON) DATA VALUES
69-76 JANUARY DATA VALUES
etc. 
157-164 DECEMBER DATA VALUES

606    1958 6000    -999999 2300    -999999 1400    800     1600    700     600     0       0       1400    100     400     300     100     700     800     900     
606    1959 2800    2900    1200    1200    500     800     500     100     200     200     200     100     100     400     300     100     200     200     700     
606    1960 3700    2100    1200    1300    700     800     900     400     200     400     200     100     200     100     500     100     500     300     700     
606    1961 4700    3500    2100    1600    1900    900     900     300     600     1100    600     200     400     0       500     400     300     200     100     
606    1962 3200    1300    2000    700     1000    1000    600     500     100     100     700     200     400     100     500     100     200     300     0       
606    1963 4400    500     3300    0       1600    1600    1200    0       0       0       1100    500     300     900     400     100     100     1000    0       
606    1964 4400    1800    2700    600     1100    1600    1100    0       600     100     500     500     900     500     200     100     0       1000    0       
606    1965 2500    1400    1400    100     700     700     800     100     0       300     200     200     500     200     0       300     300     200     200     
606    1966 5700    2800    1400    1900    1000    600     2100    300     1400    400     600     0       300     100     200     200     1700    200     300     
606    1967 5200    3500    2400    1000    1600    1100    1300    300     400     600     600     400     200     900     0       300     900     100     500     
606    1968 3900    2200    2000    1000    1300    900     1200    300     200     200     500     600     500     400     0       0       400     800     0       
606    1969 3500    1300    2400    100     1700    500     1200    100     0       0       500     1200    200     300     0       200     300     700     0       
606    1970 2100    1000    1400    0       100     1100    800     0       0       0       100     0       500     500     100     200     0       600     100     
606    1971 5200    2300    2000    1300    1100    1300    500     600     600     400     200     500     100     300     900     0       300     200     1100    
606    1972 4500    2900    2200    1800    1000    1600    700     0       700     600     200     200     300     800     500     200     300     200     500     
606    1973 3700    1300    2900    700     800     1400    800     100     100     100     100     600     400     500     500     800     0       0       500     
606    1974 6700    3200    2100    2200    1100    1800    700     500     1200    1000    100     0       100     400     1300    200     0       500     1400    
606    1975 4700    3400    2600    2600    1100    700     1400    1100    100     300     100     700     300     200     200     1100    300     0       300     
606    1976 4600    1400    2000    1000    600     1300    1700    600     100     100     300     200     600     700     0       200     700     800     300     
606    1977 5100    3900    2200    1500    1700    800     1200    400     800     900     200     600     500     100     200     600     300     300     200     
606    1978 1000    1400    300     500     300     0       300     100     200     300     0       0       0       0       0       300     0       0       100     
606    1979 2300    300     800     200     500     300     600     0       100     100     0       400     200     0       100     100     300     200     800     
606    1980 1900    1800    900     1100    200     600     700     0       300     200     0       0       100     100     400     300     400     0       100     
606    1981 4300    1600    2700    400     1300    1500    1200    100     200     800     200     300     1000    100     400     700     100     400     0       
606    1982 3300    700     1900    200     100     700     2200    200     0       0       0       100     300     200     200     1100    900     200     100     
606    1983 6300    3400    3400    1800    1400    2300    500     1700    0       500     400     500     200     1300    800     200     100     200     400     
606    1984 1300    900     400     600     0       200     800     100     100     0       0       0       100     100     0       200     100     500     100     
606    1985 3000    800     1900    200     1100    600     500     0       100     0       300     800     100     300     200     200     300     0       700     
606    1986 3100    1500    2200    1200    1200    800     300     500     0       0       500     700     400     100     300     200     100     0       300     
606    1987 5200    800     2300    700     500     600     3000    200     200     0       400     100     0       300     300     1200    1200    600     700     
606    1988 3700    3600    1900    1800    700     1000    300     700     400     0       300     400     0       400     600     200     100     0       600     
606    1989 3000    1600    1000    1200    700     600     400     400     200     300     400     0       0       200     400     0       300     100     700     
606    1990 2500    2600    500     1600    600     500     500     700     200     600     0       0       100     100     300     0       100     400     0       
606    1991 1900    1100    1100    500     100     1000    300     500     0       100     0       0       100     600     300     100     100     100     0       
606    1992 4100    1500    2200    1200    500     1700    400     700     500     100     200     200     200     300     1200    100     100     200     300     
606    1993 3000    1500    1500    800     800     900     600     500     0       400     200     200     400     200     300     200     200     200     200     
606    1994 7500    3300    3400    2100    1200    2000    1900    1500    400     800     200     200     600     600     800     1000    300     600     500     
606    1995 4300    2400    2400    1500    1200    1200    800     200     800     0       500     700     0       500     700     0       600     200     100     
606    1996 3200    1200    1500    400     800     700     1400    300     0       0       300     500     600     0       100     0       600     800     0       
606    1997 3500    2400    1100    600     800     400     1000    0       600     400     0       400     200     0       200     300     200     500     700     
606    1998 5300    3200    3000    2100    1100    2100    500     600     800     400     600     100     700     700     700     200     300     0       200     
606    1999 4600    1400    2800    600     1500    900     1700    300     100     500     500     500     200     600     100     900     700     100     100     
606    2000 7300    1700    3600    800     2000    1500    2400    0       700     100     1200    700     800     100     600     200     1200    1000    700     
