EUROPEAN CLIMATE ASSESSMENT & DATASET (ECA&D), file created on: 20-01-2022
THESE DATA CAN BE USED FOR NON-COMMERCIAL RESEARCH AND EDUCATION PROVIDED THAT THE FOLLOWING SOURCE IS ACKNOWLEDGED: 

Klein Tank, A.M.G. and Coauthors, 2002. Daily dataset of 20th-century surface
air temperature and precipitation series for the European Climate Assessment.
Int. J. of Climatol., 22, 1441-1453.
Data and metadata available at http://www.ecad.eu

FILE FORMAT (MISSING VALUE CODE = -999999):

THIS FILE HOLDS DATA FOR STATION ROMANIA                                  CARANSEBES                               (STAID:   2058)
LATITUDE: dd:mm:ss +45:25:12
LONGITUDE: ddd:mm:ss +022:15:00
ELEVATION: m  241

DATA IS FOR INDEX Days with TN > 90th percentile of daily min temp (warm nights) (TN90p) with unit 0.01 No of days

01-06 SOUID: Source identifier
08-11 YEAR : YYYY
13-20 ANNUAL DATA VALUES
21-28 WINTER HALF YEAR DATA VALUES
29-36 SUMMER HALF YEAR DATA VALUES
37-44 WINTER (DJF) DATA VALUES
45-52 SPRING (MAM) DATA VALUES
53-60 SUMMER (JJA) DATA VALUES
61-68 AUTUMN (SON) DATA VALUES
69-76 JANUARY DATA VALUES
etc. 
157-164 DECEMBER DATA VALUES

2058   1961 4400    -999999 1600    -999999 500     800     1900    500     0       0       500     0       300     100     400     300     800     800     700     
2058   1962 4300    3400    2500    1500    900     1600    900     800     0       300     200     400     400     400     800     300     100     500     100     
2058   1963 4300    1000    2700    400     500     1800    1700    300     0       0       300     200     700     300     800     400     300     1000    0       
2058   1964 2600    1700    1100    100     600     600     900     0       100     300     300     0       500     100     0       200     600     100     400     
2058   1965 2900    1400    2000    700     400     900     900     200     100     0       0       400     400     300     200     700     100     100     400     
2058   1966 6400    2500    1900    1900    1000    1200    2500    0       1500    400     500     100     200     400     600     100     1800    600     200     
2058   1967 3800    3300    1700    300     1500    400     1500    0       100     600     600     300     0       200     200     400     700     400     300     
2058   1968 5400    2500    2900    1200    2000    700     1600    100     800     200     600     1200    300     400     0       400     100     1100    200     
2058   1969 4500    2100    2900    600     2000    1000    1100    300     100     300     400     1300    300     300     400     200     0       900     0       
2058   1970 5200    2300    2900    900     1400    1300    1300    700     200     500     600     300     300     500     500     700     0       600     300     
2058   1971 3500    2800    1200    1800    900     600     400     1000    500     400     0       500     100     400     100     100     100     200     100     
2058   1972 4700    2100    2100    1400    1200    1200    400     600     700     400     500     300     700     300     200     100     200     100     600     
2058   1973 3900    1400    2500    1100    900     1200    700     400     100     0       200     700     800     400     0       400     300     0       600     
2058   1974 3800    2500    1900    1500    700     1400    700     100     800     700     0       0       300     300     800     500     200     0       100     
2058   1975 3100    2100    1000    700     1400    500     600     600     0       1200    200     0       300     200     0       300     200     100     0       
2058   1976 1500    400     100     100     100     0       900     100     0       0       100     0       0       0       0       0       500     400     400     
2058   1977 4700    3500    2000    1700    2200    700     500     300     1000    900     500     800     300     300     100     0       200     300     0       
2058   1978 2400    1700    400     500     1000    100     100     200     300     700     200     100     100     0       0       0       100     0       700     
2058   1979 4700    2300    1800    1700    800     1000    1200    600     400     500     200     100     300     200     500     500     300     400     700     
2058   1980 1300    1500    600     800     100     500     500     0       100     0       0       100     200     200     100     0       400     100     100     
2058   1981 3800    1300    2300    200     800     1200    1500    0       100     600     0       200     600     500     100     900     500     100     200     
2058   1982 3700    1100    1600    500     600     800     900     300     0       0       0       600     400     0       400     200     500     200     1100    
2058   1983 3900    3000    2200    2000    1400    700     400     700     200     300     600     500     0       200     500     400     0       0       500     
2058   1984 2400    700     1700    700     200     800     1200    0       200     0       100     100     200     300     300     700     500     0       0       
2058   1985 2800    600     2000    100     1000    1000    100     100     0       0       300     700     200     400     400     0       100     0       600     
2058   1986 3900    1600    3000    1100    2200    1000    200     500     0       400     1100    700     300     100     600     200     0       0       0       
2058   1987 4900    700     3200    600     300     2200    1700    100     500     100     200     0       800     1200    200     800     400     500     100     
2058   1988 4100    2500    2400    1500    300     1900    500     900     500     100     0       200     300     1100    500     300     200     0       0       
2058   1989 4200    1300    2000    600     1700    800     400     0       600     500     1100    100     100     500     200     0       200     200     700     
2058   1990 3900    2300    1300    1400    800     900     1200    500     200     500     200     100     200     400     300     100     300     800     300     
2058   1991 3700    2700    1500    1000    700     800     1500    700     0       600     0       100     300     400     100     600     500     400     0       
2058   1992 4000    1500    2000    200     600     1600    1100    200     0       400     200     0       300     200     1100    200     700     200     500     
2058   1993 5100    1900    3000    800     900     1800    1500    300     0       200     200     500     400     600     800     500     700     300     600     
2058   1994 6700    3600    3500    2000    1600    1100    2100    700     700     600     200     800     100     500     500     1400    500     200     500     
2058   1995 3300    2400    1500    1200    1000    900     300     100     600     500     300     200     300     400     200     100     0       200     400     
2058   1996 5000    1000    3400    800     1400    2000    700     400     0       0       500     900     800     500     700     0       200     500     500     
2058   1997 2900    2000    700     1100    200     600     800     100     500     200     0       0       400     100     100     100     0       700     700     
2058   1998 5700    3000    3200    2200    1000    2000    1200    900     600     100     600     300     1000    400     600     300     800     100     0       
2058   1999 5400    2000    3400    400     1000    2400    1100    400     0       700     200     100     800     900     700     700     400     0       500     
2058   2000 7200    1200    4000    500     1800    2100    2400    0       0       300     1000    500     600     600     900     400     800     1200    900     
2058   2001 5900    5700    2400    2400    2000    1300    1100    1100    400     1300    200     500     200     500     600     400     700     0       0       
2058   2002 8100    2700    3700    1000    2200    2100    2100    300     700     1000    200     1000    700     1100    300     400     400     1300    700     
2058   2003 5100    2900    3200    1000    1100    2100    1200    300     0       200     0       900     900     700     500     200     300     700     400     
2058   2004 5500    2700    2100    1400    1100    1100    1700    600     400     300     500     300     300     700     100     200     1000    500     600     
2058   2005 2500    2400    1500    700     800     700     500     100     0       200     200     400     100     400     200     200     200     100     400     
2058   2006 5000    1500    2500    900     800     1600    1600    200     300     300     400     100     500     600     500     400     700     500     500     
2058   2007 7200    4800    3400    2900    1800    2200    300     1400    1000    700     0       1100    400     1000    800     100     100     100     500     
2058   2008 7700    2900    3200    1900    2000    1400    1600    700     700     800     600     600     500     400     500     600     300     700     1300    
2058   2009 7100    4100    2800    2500    1600    1500    1500    700     500     600     500     500     600     400     500     300     600     600     1300    
2058   2010 7200    4300    3500    2400    1600    2200    1700    400     700     700     200     700     700     500     1000    400     100     1200    600     
2058   2011 4900    3400    2700    1500    900     1900    500     900     0       600     200     100     600     700     600     500     0       0       700     
2058   2012 6000    800     4900    800     700     3300    1800    100     0       0       500     200     1100    1600    600     900     400     500     100     
2058   2013 7500    3100    3100    1400    2400    1500    1800    800     500     800     600     1000    600     200     700     0       700     1100    500     
2058   2014 7700    5700    2000    3100    1500    600     1900    1300    1300    800     500     200     0       300     300     700     700     500     1100    
2058   2015 7000    4500    4100    2700    1200    2200    1800    1000    600     600     100     500     400     900     900     1300    200     300     200     
2058   2016 6700    3800    3100    2400    2000    1700    800     600     1600    900     900     200     1000    600     100     300     200     300     0       
2058   2017 5500    1900    3400    600     1300    2600    500     0       600     800     200     300     700     500     1400    300     100     100     500     
2058   2018 6700    2300    4100    1600    2500    1800    1100    800     300     500     1300    700     700     200     900     300     300     500     200     
2058   2019 7600    2100    3600    700     1300    2500    2400    0       500     600     600     100     1300    300     900     400     600     1400    900     
2058   2020 6000    4400    2200    1700    1100    1500    1100    100     700     700     100     300     600     400     500     300     700     100     1500    
2058   2021 5700    3600    3700    2800    600     2900    600     700     600     0       200     400     700     1600    600     200     100     300     300     
