EUROPEAN CLIMATE ASSESSMENT & DATASET (ECA&D), file created on: 20-01-2022
THESE DATA CAN BE USED FOR NON-COMMERCIAL RESEARCH AND EDUCATION PROVIDED THAT THE FOLLOWING SOURCE IS ACKNOWLEDGED: 

Klein Tank, A.M.G. and Coauthors, 2002. Daily dataset of 20th-century surface
air temperature and precipitation series for the European Climate Assessment.
Int. J. of Climatol., 22, 1441-1453.
Data and metadata available at http://www.ecad.eu

FILE FORMAT (MISSING VALUE CODE = -999999):

THIS FILE HOLDS DATA FOR STATION AUSTRIA                                  RAURIS                                   (STAID:    611)
LATITUDE: dd:mm:ss +47:13:12
LONGITUDE: ddd:mm:ss +012:58:48
ELEVATION: m  931

DATA IS FOR INDEX Days with TN > 90th percentile of daily min temp (warm nights) (TN90p) with unit 0.01 No of days

01-06 SOUID: Source identifier
08-11 YEAR : YYYY
13-20 ANNUAL DATA VALUES
21-28 WINTER HALF YEAR DATA VALUES
29-36 SUMMER HALF YEAR DATA VALUES
37-44 WINTER (DJF) DATA VALUES
45-52 SPRING (MAM) DATA VALUES
53-60 SUMMER (JJA) DATA VALUES
61-68 AUTUMN (SON) DATA VALUES
69-76 JANUARY DATA VALUES
etc. 
157-164 DECEMBER DATA VALUES

611    1958 6100    -999999 3200    -999999 1800    1200    -999999 400     500     200     100     1500    200     700     300     400     -999999 100     900     
611    1959 6000    3100    3700    1200    1900    2300    1000    300     0       1000    600     300     400     1500    400     500     300     200     500     
611    1960 5300    2700    2400    1300    2100    800     1400    500     300     900     600     600     500     100     200     400     800     200     200     
611    1961 4100    1800    2500    500     1700    900     700     0       300     300     1100    300     500     100     300     200     300     200     500     
611    1962 2200    1500    1000    800     600     500     800     300     0       200     300     100     100     100     300     100     300     400     0       
611    1963 4300    1000    2800    200     1000    1600    1500    200     0       100     500     400     700     400     500     300     200     1000    0       
611    1964 4100    1700    2900    400     1000    1700    1000    0       400     100     400     500     1100    500     100     300     0       700     0       
611    1965 1600    1400    600     500     300     400     200     500     0       200     0       100     100     200     100     100     100     0       200     
611    1966 3600    1400    1700    900     1100    700     1100    200     500     400     600     100     400     300     0       300     600     200     0       
611    1967 4100    2200    1900    800     1100    1200    600     200     600     600     200     300     100     600     500     200     200     200     400     
611    1968 3100    1200    1900    800     500     1300    900     200     200     0       100     400     700     500     100     100     500     300     0       
611    1969 4400    1800    2800    600     1400    1100    1300    300     300     400     400     600     100     600     400     700     300     300     0       
611    1970 2200    1100    1200    400     200     400     1100    400     0       100     0       100     100     100     200     700     0       400     100     
611    1971 2400    1200    1000    500     700     500     400     200     200     300     200     200     0       100     400     100     0       300     400     
611    1972 3500    2000    1700    1300    900     1200    400     400     500     400     500     0       300     300     600     0       100     300     100     
611    1973 3300    700     2500    300     600     1500    500     100     100     0       0       600     300     500     700     400     100     0       500     
611    1974 3300    2100    900     1500    600     800     300     400     600     500     0       100     300     0       500     0       0       300     600     
611    1975 3500    2500    1500    1800    700     800     800     1000    200     400     0       300     300     200     300     400     200     200     0       
611    1976 3500    1700    1000    1200    500     400     1400    1200    0       100     200     200     200     100     100     200     600     600     0       
611    1977 5900    3800    1900    1700    1600    800     1200    700     1000    900     200     500     500     100     200     400     500     300     600     
611    1978 2400    2500    800     1300    600     400     500     200     500     400     0       200     300     100     0       200     300     0       200     
611    1979 4500    1800    1800    1100    800     900     1400    100     800     400     200     200     500     200     200     500     800     100     500     
611    1980 3300    2200    2000    1200    400     1300    900     100     600     100     200     100     300     200     800     400     300     200     0       
611    1981 4500    1900    2500    300     1900    1000    1200    100     200     1100    400     400     600     200     200     700     300     200     100     
611    1982 5300    1200    2900    600     600     1700    2000    400     100     100     100     400     300     800     600     700     500     800     500     
611    1983 5500    3200    2700    1400    1600    1500    900     800     100     500     500     600     200     600     700     100     400     400     600     
611    1984 1800    1600    900     700     400     500     600     100     0       100     0       300     100     300     100     100     300     200     200     
611    1985 4000    1400    2200    700     1100    1100    500     100     400     200     300     600     300     500     300     200     100     200     800     
611    1986 4400    1600    3300    1200    2100    1000    700     400     0       100     900     1100    500     0       500     300     200     200     200     
611    1987 6800    1900    2700    1200    500     1600    2700    200     800     300     100     100     0       1200    400     900     1100    700     1000    
611    1988 4900    3500    2000    1400    1100    1000    1400    300     100     300     200     600     300     300     400     200     1100    100     1000    
611    1989 5200    4000    2400    2100    1700    1200    600     300     800     700     900     100     100     500     600     200     300     100     600     
611    1990 2800    1900    1100    1000    1000    600     800     300     100     500     0       500     100     200     300     0       300     500     0       
611    1991 4300    2700    2300    400     1600    1400    800     300     100     1500    0       100     200     900     300     800     0       0       100     
611    1992 3300    400     2200    400     200     2000    500     100     200     0       0       200     200     600     1200    0       100     400     300     
611    1993 3700    2300    1200    1300    1100    500     1000    1000    0       500     200     400     100     200     200     100     600     300     100     
611    1994 8800    3900    3500    1200    2700    1900    2500    700     400     1800    300     600     400     900     600     700     400     1400    600     
611    1995 3500    3100    2000    1200    800     1300    300     200     400     100     300     400     0       1100    200     0       200     100     500     
611    1996 4500    1800    2500    1300    1400    1300    700     600     200     200     600     600     600     500     200     0       400     300     300     
611    1997 4700    2300    1200    900     800     700     1200    400     200     700     0       100     400     0       300     400     300     500     1400    
611    1998 4800    4000    2400    2400    1300    1700    600     400     600     800     400     100     600     700     400     200     300     100     200     
611    1999 5400    1900    3400    800     1600    1900    1300    300     300     700     300     600     700     500     700     600     600     100     0       
611    2000 6100    2000    2100    700     1800    800     1900    200     500     600     200     1000    400     200     200     100     1000    800     900     
