EUROPEAN CLIMATE ASSESSMENT & DATASET (ECA&D), file created on: 20-01-2022
THESE DATA CAN BE USED FOR NON-COMMERCIAL RESEARCH AND EDUCATION PROVIDED THAT THE FOLLOWING SOURCE IS ACKNOWLEDGED: 

Klein Tank, A.M.G. and Coauthors, 2002. Daily dataset of 20th-century surface
air temperature and precipitation series for the European Climate Assessment.
Int. J. of Climatol., 22, 1441-1453.
Data and metadata available at http://www.ecad.eu

FILE FORMAT (MISSING VALUE CODE = -999999):

THIS FILE HOLDS DATA FOR STATION RUSSIAN FEDERATION                       MANGUT                                   (STAID:   8388)
LATITUDE: dd:mm:ss +49:42:00
LONGITUDE: ddd:mm:ss +112:40:00
ELEVATION: m  807

DATA IS FOR INDEX Days with TN > 90th percentile of daily min temp (warm nights) (TN90p) with unit 0.01 No of days

01-06 SOUID: Source identifier
08-11 YEAR : YYYY
13-20 ANNUAL DATA VALUES
21-28 WINTER HALF YEAR DATA VALUES
29-36 SUMMER HALF YEAR DATA VALUES
37-44 WINTER (DJF) DATA VALUES
45-52 SPRING (MAM) DATA VALUES
53-60 SUMMER (JJA) DATA VALUES
61-68 AUTUMN (SON) DATA VALUES
69-76 JANUARY DATA VALUES
etc. 
157-164 DECEMBER DATA VALUES

8388   1940 2300    -999999 1300    -999999 1000    500     600     0       100     500     300     200     200     200     100     300     0       300     100     
8388   1941 -999999 1300    1500    600     600     1100    -999999 500     0       400     100     100     300     300     500     200     100     -999999 100     
8388   1942 -999999 -999999 1500    -999999 1100    700     700     -999999 0       700     300     100     300     100     300     400     300     0       300     
8388   1943 -999999 800     -999999 500     -999999 900     700     0       200     0       -999999 500     300     200     400     500     100     100     100     
8388   1944 -999999 -999999 -999999 700     -999999 -999999 700     200     400     -999999 300     200     100     -999999 100     500     200     0       -999999 
8388   1945 -999999 -999999 -999999 -999999 -999999 -999999 500     0       -999999 200     -999999 -999999 -999999 300     400     300     100     100     300     
8388   1946 -999999 1400    2200    1100    700     1600    800     0       800     100     600     0       500     600     500     0       200     600     -999999 
8388   1947 -999999 -999999 -999999 -999999 500     600     -999999 100     0       0       400     100     400     100     100     -999999 100     -999999 -999999 
8388   1948 -999999 -999999 3100    -999999 1700    1600    400     -999999 0       300     1200    200     200     800     600     100     200     100     300     
8388   1949 4300    1800    1800    1200    900     800     1600    400     500     300     200     400     200     200     400     400     900     300     100     
8388   1950 3300    2400    1900    700     700     1600    300     200     400     500     0       200     500     300     800     100     0       200     100     
8388   1951 3300    1000    1600    400     1200    700     500     100     200     400     100     700     400     100     200     100     200     200     600     
8388   1952 2100    1700    1300    1300    300     800     300     700     0       0       0       300     500     100     200     200     100     0       0       
8388   1953 3400    700     2100    300     600     1600    700     100     200     300     100     200     600     300     700     200     300     200     200     
8388   1954 2300    900     1500    400     100     1100    900     0       200     0       0       100     200     600     300     300     300     300     0       
8388   1955 3500    -999999 1600    -999999 200     1200    500     700     0       0       100     100     300     300     600     200     0       300     900     
8388   1956 1800    1800    1100    1300    400     700     300     200     200     200     100     100     300     300     100     200     100     0       0       
8388   1957 1800    200     900     0       400     400     600     0       0       100     300     0       200     0       200     200     200     200     400     
8388   1958 3900    2100    1400    1400    700     600     900     700     300     300     100     300     200     300     100     400     400     100     700     
8388   1959 4300    2900    1900    1600    1400    800     900     500     400     800     300     300     200     100     500     500     400     0       300     
8388   1960 3000    2300    1000    1500    700     500     400     100     1100    400     200     100     200     0       300     200     0       200     200     
8388   1961 2300    1500    900     1100    600     400     400     600     300     200     200     200     0       200     200     100     0       300     0       
8388   1962 4200    1300    2300    800     700     1500    500     300     500     200     200     300     300     900     300     300     200     0       700     
8388   1963 4000    2600    1100    1500    1200    600     700     300     500     900     200     100     100     300     200     200     200     300     700     
8388   1964 3200    1600    2200    1000    1000    1100    500     300     0       100     600     300     300     0       800     200     0       300     300     
8388   1965 3100    1700    900     -999999 1000    500     700     300     200     600     0       400     300     0       200     0       500     200     400     
8388   1966 2200    1800    700     1000    400     300     900     100     500     100     100     200     200     0       100     100     800     0       0       
8388   1967 5200    2300    3300    600     2900    1200    500     300     300     900     900     1100    400     600     200     100     300     100     0       
8388   1968 4100    1300    2700    500     1200    1600    600     400     100     400     500     300     700     800     100     300     300     0       200     
8388   1969 2600    700     1500    300     900     600     1000    0       100     100     500     300     100     200     300     100     700     200     0       
8388   1970 3200    1900    1700    1000    400     1300    500     400     600     0       300     100     500     300     500     0       200     300     0       
8388   1971 3800    1300    1800    200     1000    1400    900     200     0       600     300     100     900     400     100     0       300     600     300     
8388   1972 3000    1600    -999999 500     -999999 800     700     200     0       200     500     -999999 100     500     200     600     100     0       300     
8388   1973 3500    800     1400    400     400     1200    1000    0       100     300     0       100     600     400     200     100     100     800     800     
8388   1974 2500    2200    1700    1200    500     700     700     400     0       100     100     300     0       200     500     600     100     0       200     
8388   1975 3600    1100    1900    800     700     1100    1100    400     200     200     100     400     500     100     500     300     600     200     100     
8388   1976 3000    1900    1200    1100    300     500     1000    800     200     0       100     200     100     300     100     400     200     400     200     
8388   1977 3600    1400    2300    400     1300    1200    600     100     100     400     600     300     300     600     300     200     100     300     300     
8388   1978 3700    2100    1800    1500    800     900     600     300     900     200     300     300     800     0       100     300     100     200     200     
8388   1979 3500    900     1700    500     1100    700     1000    200     100     100     200     800     500     100     100     0       600     400     400     
8388   1980 4100    2300    2300    1000    500     1700    1300    200     400     300     0       200     700     500     500     400     100     800     0       
8388   1981 3700    1500    1900    200     1200    700     1000    100     100     400     600     200     200     400     100     400     0       600     600     
8388   1982 5200    1800    2200    1000    1000    1000    1700    200     200     200     600     200     300     300     400     400     700     600     1100    
8388   1983 5400    4500    1800    2900    500     900     1500    1100    700     300     0       200     300     100     500     700     200     600     700     
8388   1984 3500    2400    2100    1500    900     800     1000    500     300     100     200     600     200     300     300     500     300     200     0       
8388   1985 2900    1100    1900    500     1200    600     600     100     400     100     800     300     0       100     500     200     400     0       0       
8388   1986 3800    1400    1700    600     700     1300    800     500     100     400     0       300     800     200     300     100     300     400     400     
8388   1987 3800    2200    1600    1200    400     600     1100    400     400     300     0       100     100     100     400     900     200     0       900     
8388   1988 5100    1700    2900    1200    1000    1200    2500    200     100     300     200     500     200     300     700     1000    600     900     100     
8388   1989 3700    2400    2200    300     1800    800     700     0       200     600     700     500     100     400     300     200     300     200     200     
8388   1990 7300    2800    2600    900     2100    1500    2200    0       700     1400    300     400     100     900     500     400     1300    500     800     
8388   1991 4300    3400    2100    1300    1000    1300    1400    100     400     300     300     400     300     100     900     100     700     600     100     
8388   1992 4600    3300    2300    1900    1400    700     600     900     900     100     400     900     300     100     300     300     200     100     100     
8388   1993 5500    2500    2300    800     2000    900     1400    200     500     1400    400     200     200     400     300     800     100     500     500     
8388   1994 5800    2600    3400    1600    1500    1900    1200    300     800     400     700     400     1200    300     400     400     500     300     100     
8388   1995 5800    3400    1500    2000    1000    700     2000    1100    800     600     100     300     300     100     300     400     500     1100    200     
8388   1996 4400    2700    1900    700     1100    1000    800     300     200     400     200     500     200     500     300     200     300     300     1000    
8388   1997 5000    3000    2600    1600    1800    1400    1100    100     500     800     600     400     500     300     600     200     600     300     100     
8388   1998 8700    3100    4800    1500    2600    2100    1800    200     1200    700     900     1000    0       600     1500    800     800     200     800     
8388   1999 6600    3300    3100    2200    1500    1200    2100    200     1200    100     600     800     200     700     300     500     800     800     400     
8388   2000 5200    2700    4200    500     1600    2800    700     0       100     600     200     800     1300    700     800     400     200     100     0       
8388   2001 6000    700     4400    100     1900    2300    1600    100     0       300     800     800     900     400     1000    500     500     600     100     
8388   2002 9500    5000    5300    2600    2800    3500    700     1000    1500    1300    500     1000    1200    1200    1100    300     300     100     0       
8388   2003 4600    1600    1900    1100    900     1000    900     400     700     100     600     200     500     300     200     100     800     0       700     
8388   2004 5800    2700    3500    1600    1500    1900    1400    300     600     300     1100    100     900     800     200     400     800     200     100     
8388   2005 5200    1600    3100    100     1600    1700    1700    0       0       500     600     500     500     500     700     300     1100    300     200     
8388   2006 4500    2500    2100    1000    500     1100    2000    100     700     100     0       400     300     500     300     600     500     900     100     
8388   2007 -999999 4200    -999999 2100    2300    -999999 1200    700     1300    700     700     900     -999999 -999999 -999999 600     200     400     300     
8388   2008 6200    2200    2700    700     1500    1700    1800    100     300     900     500     100     900     200     600     400     700     700     800     
8388   2009 3300    2800    2400    1300    1400    800     600     100     400     100     600     700     300     200     300     300     100     200     0       
8388   2010 5600    800     3900    500     500     2700    1900    400     100     0       0       500     1200    1200    300     700     400     800     0       
8388   2011 4100    2300    2200    900     1500    900     700     100     800     200     700     600     300     300     300     0       500     200     100     
8388   2012 4300    1400    3100    400     1200    2100    700     100     200     300     400     500     600     1000    500     100     400     200     0       
8388   2013 6200    1400    2900    400     1400    1500    2000    200     200     400     100     900     600     100     800     400     400     1200    900     
8388   2014 5600    4400    2600    1700    2600    1000    600     600     200     1100    1300    200     700     300     0       100     200     300     600     
8388   2015 5900    3100    3400    2000    1900    1300    1100    600     800     600     1100    200     300     500     500     800     100     200     200     
8388   2016 6600    2600    4200    1300    1700    2200    1500    100     1000    1000    400     300     400     800     1000    1300    100     100     100     
8388   2017 6800    1200    4700    800     2400    2300    600     200     500     200     1300    900     200     1000    1100    200     100     300     800     
8388   2018 6300    2800    3400    1300    2500    1600    1300    400     100     1100    800     600     400     600     600     400     500     400     400     
8388   2019 -999999 3600    -999999 1700    -999999 -999999 -999999 800     500     1000    -999999 -999999 -999999 -999999 -999999 -999999 -999999 -999999 -999999 
