EUROPEAN CLIMATE ASSESSMENT & DATASET (ECA&D), file created on: 20-01-2022
THESE DATA CAN BE USED FOR NON-COMMERCIAL RESEARCH AND EDUCATION PROVIDED THAT THE FOLLOWING SOURCE IS ACKNOWLEDGED: 

Klein Tank, A.M.G. and Coauthors, 2002. Daily dataset of 20th-century surface
air temperature and precipitation series for the European Climate Assessment.
Int. J. of Climatol., 22, 1441-1453.
Data and metadata available at http://www.ecad.eu

FILE FORMAT (MISSING VALUE CODE = -999999):

THIS FILE HOLDS DATA FOR STATION UNITED KINGDOM                           PLYMOUTH: MOUNTBATTEN                    (STAID:   1814)
LATITUDE: dd:mm:ss +50:21:14
LONGITUDE: ddd:mm:ss -004:07:15
ELEVATION: m   50

DATA IS FOR INDEX Days with TN > 90th percentile of daily min temp (warm nights) (TN90p) with unit 0.01 No of days

01-06 SOUID: Source identifier
08-11 YEAR : YYYY
13-20 ANNUAL DATA VALUES
21-28 WINTER HALF YEAR DATA VALUES
29-36 SUMMER HALF YEAR DATA VALUES
37-44 WINTER (DJF) DATA VALUES
45-52 SPRING (MAM) DATA VALUES
53-60 SUMMER (JJA) DATA VALUES
61-68 AUTUMN (SON) DATA VALUES
69-76 JANUARY DATA VALUES
etc. 
157-164 DECEMBER DATA VALUES

1814   1874 3500    -999999 2200    -999999 1700    700     600     300     200     400     900     400     300     400     0       200     300     100     0       
1814   1875 5100    1900    3200    1200    1200    1000    1700    1000    200     300     100     800     400     0       600     1300    100     300     0       
1814   1876 5300    1700    2700    1000    1000    1900    900     100     900     300     600     100     400     800     700     100     600     200     500     
1814   1877 3600    2600    2200    1600    600     1700    200     400     700     200     400     0       1200    0       500     100     100     0       0       
1814   1878 5400    1500    3500    700     2300    1700    600     300     400     700     500     1100    500     700     500     200     400     0       100     
1814   1879 600     900     200     300     200     200     0       100     100     200     0       0       0       0       200     0       0       0       0       
1814   1880 4700    1300    2700    500     1900    900     1100    200     300     800     400     700     100     0       800     700     0       400     300     
1814   1881 3500    1400    1700    500     1600    600     1000    0       200     500     300     800     300     300     0       0       0       1000    100     
1814   1882 3000    2100    1400    500     1800    200     0       100     300     600     500     700     0       0       200     0       0       0       600     
1814   1883 1900    1100    1300    1100    600     400     400     300     200     0       300     300     200     100     100     300     100     0       0       
1814   1884 3600    1200    2400    600     1000    1400    500     300     300     500     0       500     200     300     900     500     0       0       100     
1814   1885 1600    1300    400     1300    100     300     0       300     900     0       100     0       100     200     0       0       0       0       0       
1814   1886 2700    700     1500    0       1200    700     800     0       0       700     200     300     100     200     400     300     400     100     0       
1814   1887 1900    600     1800    100     100     1700    0       0       100     0       0       100     600     700     400     0       0       0       0       
1814   1888 2300    200     900     100     400     600     700     100     0       100     100     200     400     0       200     0       300     400     500     
1814   1889 1900    1500    1400    600     600     900     300     0       100     200     0       400     700     100     100     100     0       200     0       
1814   1890 2100    1300    800     700     800     300     300     700     0       400     0       400     100     0       200     100     0       200     0       
1814   1891 2300    300     1600    0       400     900     500     0       0       100     0       300     800     100     0       400     0       100     500     
1814   1892 1800    1000    1000    900     1000    0       300     200     200     0       500     500     0       0       0       0       100     200     100     
1814   1893 4800    1000    3900    400     2600    1500    400     100     200     300     1000    1300    600     200     700     100     300     0       0       
1814   1894 2700    1000    1000    700     400     400     900     100     600     0       400     0       300     100     0       200     300     400     300     
1814   1895 2700    1200    1400    300     600     400     1400    0       0       200     0       400     400     0       0       600     100     700     300     
1814   1896 3400    2800    1700    1000    2000    700     0       600     100     1000    300     700     600     0       100     0       0       0       0       
1814   1897 3900    1700    1400    800     1500    800     600     0       800     900     100     500     400     100     300     0       300     300     200     
1814   1898 5100    2500    1700    1600    800     400     1800    900     500     300     300     200     100     0       300     800     500     500     700     
1814   1899 5500    3400    3200    1700    1600    1900    1000    500     500     700     700     200     400     400     1100    400     400     200     0       
1814   1900 2500    1100    1000    500     100     500     900     100     400     0       100     0       0       500     0       400     400     100     500     
1814   1901 2100    1200    1500    700     800     500     400     200     0       0       300     500     300     200     0       200     0       200     200     
1814   1902 2900    1800    800     900     1000    400     600     600     100     700     300     0       400     0       0       100     100     400     200     
1814   1903 3200    2900    800     1900    1000    0       400     700     1000    500     0       500     0       0       0       300     100     0       100     
1814   1904 2100    700     1000    500     300     800     300     200     200     100     100     100     0       600     200     0       200     100     300     
1814   1905 2800    1300    2000    700     1500    800     0       0       400     300     800     400     300     500     0       0       0       0       100     
1814   1906 2300    1000    800     700     400     400     700     500     100     300     0       100     100     0       300     300     300     100     200     
1814   1907 1100    700     600     200     500     0       400     0       0       100     300     100     0       0       0       200     100     100     200     
1814   1908 4800    1500    2000    1300    1000    900     1500    400     700     0       200     800     800     100     0       100     1200    200     300     
1814   1909 2300    2400    1200    800     900     500     200     300     200     200     300     400     100     0       400     0       200     0       200     
1814   1910 2400    1600    1000    1100    1300    0       100     500     400     300     200     800     0       0       0       0       100     0       100     
1814   1911 6400    800     4900    500     1100    3300    1100    0       400     200     0       900     800     1100    1400    700     200     200     500     
1814   1912 4600    3100    1900    1900    2400    300     100     500     900     800     800     800     0       300     0       0       100     0       400     
1814   1913 3700    1700    1700    1200    700     700     1300    400     400     400     0       300     0       0       700     700     300     300     200     
1814   1914 4700    2600    2600    1200    2100    900     700     500     500     800     800     500     400     100     400     400     100     200     0       
1814   1915 2600    700     2000    100     1500    400     400     100     0       300     200     1000    100     100     200     400     0       0       200     
1814   1916 4800    1600    2000    1500    1200    600     1500    1200    100     100     400     700     0       0       600     300     1200    0       200     
1814   1917 2200    1700    1500    500     800     700     400     300     0       0       0       800     400     300     0       0       0       400     0       
1814   1918 4300    2400    1700    1800    1000    500     400     600     1200    200     100     700     0       0       500     400     0       0       600     
1814   1919 2200    1000    1600    700     900     700     400     0       100     300     100     500     200     0       500     300     0       100     100     
1814   1920 5400    2000    1800    1400    2000    200     1300    200     1100    500     500     1000    200     0       0       100     700     500     600     
1814   1921 7300    3800    2700    2200    1000    1800    2200    1500    100     400     200     400     700     1000    100     300     900     1000    700     
1814   1922 2500    3700    1200    1400    1100    500     0       100     600     400     0       700     500     0       0       0       0       0       200     
1814   1923 2300    1200    1300    900     900     500     200     200     500     300     300     300     0       400     100     200     0       0       0       
1814   1924 3000    1200    800     700     1200    0       600     700     0       500     200     500     0       0       0       100     300     200     500     
1814   1925 2500    1600    1200    1000    100     1200    500     200     300     100     0       0       600     400     200     0       300     200     200     
1814   1926 6700    2600    4300    1600    1600    1900    1800    500     900     500     400     700     100     1000    800     1300    400     100     0       
1814   1927 3700    1500    2000    400     1900    500     800     200     200     600     100     1200    100     100     300     200     500     100     100     
1814   1928 4100    1900    2200    600     2000    800     700     100     400     700     500     800     0       500     300     100     300     300     100     
1814   1929 2200    1300    1000    500     500     400     800     200     200     200     0       300     100     200     100     300     100     400     100     
1814   1930 -999999 1300    2900    700     1200    1400    1300    600     0       100     600     500     900     100     400     400     600     300     -999999 
1814   1931 -999999 -999999 -999999 -999999 -999999 -999999 -999999 -999999 -999999 -999999 -999999 -999999 -999999 -999999 -999999 -999999 -999999 -999999 -999999 
1814   1932 -999999 -999999 -999999 -999999 -999999 -999999 -999999 -999999 -999999 -999999 -999999 -999999 -999999 -999999 -999999 -999999 -999999 -999999 -999999 
1814   1933 -999999 -999999 -999999 -999999 -999999 -999999 -999999 -999999 -999999 -999999 -999999 -999999 -999999 -999999 -999999 -999999 -999999 -999999 -999999 
1814   1934 -999999 -999999 -999999 -999999 -999999 -999999 -999999 -999999 -999999 -999999 -999999 -999999 -999999 -999999 -999999 -999999 -999999 -999999 -999999 
1814   1935 -999999 -999999 -999999 -999999 -999999 -999999 -999999 -999999 -999999 -999999 -999999 -999999 -999999 -999999 -999999 -999999 -999999 -999999 -999999 
1814   1936 -999999 -999999 -999999 -999999 -999999 -999999 -999999 -999999 -999999 -999999 -999999 -999999 -999999 -999999 -999999 -999999 -999999 -999999 -999999 
1814   1937 -999999 -999999 -999999 -999999 -999999 -999999 -999999 -999999 -999999 -999999 -999999 -999999 -999999 -999999 -999999 -999999 -999999 -999999 -999999 
1814   1938 -999999 -999999 -999999 -999999 -999999 -999999 -999999 -999999 -999999 -999999 -999999 -999999 -999999 -999999 -999999 -999999 -999999 -999999 -999999 
1814   1939 -999999 -999999 -999999 -999999 -999999 -999999 -999999 -999999 -999999 -999999 -999999 -999999 -999999 -999999 -999999 -999999 -999999 -999999 -999999 
1814   1940 -999999 -999999 -999999 -999999 -999999 -999999 -999999 -999999 -999999 -999999 -999999 -999999 -999999 -999999 -999999 -999999 -999999 -999999 -999999 
1814   1941 -999999 -999999 -999999 -999999 -999999 -999999 -999999 -999999 -999999 -999999 -999999 -999999 -999999 -999999 -999999 -999999 -999999 -999999 -999999 
1814   1942 -999999 -999999 -999999 -999999 -999999 -999999 -999999 -999999 -999999 -999999 -999999 -999999 -999999 -999999 -999999 -999999 -999999 -999999 -999999 
1814   1943 -999999 -999999 -999999 -999999 -999999 -999999 -999999 -999999 -999999 -999999 -999999 -999999 -999999 -999999 -999999 -999999 -999999 -999999 -999999 
1814   1944 -999999 -999999 -999999 -999999 -999999 -999999 -999999 -999999 -999999 -999999 -999999 -999999 -999999 -999999 -999999 -999999 -999999 -999999 -999999 
1814   1945 -999999 -999999 -999999 -999999 -999999 -999999 -999999 -999999 -999999 -999999 -999999 -999999 -999999 -999999 -999999 -999999 -999999 -999999 -999999 
1814   1946 -999999 -999999 -999999 -999999 -999999 -999999 -999999 -999999 -999999 -999999 -999999 -999999 -999999 -999999 -999999 -999999 -999999 -999999 -999999 
1814   1947 -999999 -999999 -999999 -999999 -999999 -999999 -999999 -999999 -999999 -999999 -999999 -999999 -999999 -999999 -999999 -999999 -999999 -999999 -999999 
1814   1948 -999999 -999999 -999999 -999999 -999999 -999999 -999999 -999999 -999999 -999999 -999999 -999999 -999999 -999999 -999999 -999999 -999999 -999999 -999999 
1814   1949 -999999 -999999 -999999 -999999 -999999 -999999 -999999 -999999 -999999 -999999 -999999 -999999 -999999 -999999 -999999 -999999 -999999 -999999 -999999 
1814   1950 -999999 -999999 -999999 -999999 -999999 -999999 -999999 -999999 -999999 -999999 -999999 -999999 -999999 -999999 -999999 -999999 -999999 -999999 -999999 
1814   1951 -999999 -999999 -999999 -999999 -999999 -999999 -999999 -999999 -999999 -999999 -999999 -999999 -999999 -999999 -999999 -999999 -999999 -999999 -999999 
1814   1952 -999999 -999999 -999999 -999999 -999999 -999999 -999999 -999999 -999999 -999999 -999999 -999999 -999999 -999999 -999999 -999999 -999999 -999999 -999999 
1814   1953 -999999 -999999 -999999 -999999 -999999 -999999 -999999 -999999 -999999 -999999 -999999 -999999 -999999 -999999 -999999 -999999 -999999 -999999 -999999 
1814   1954 -999999 -999999 -999999 -999999 -999999 -999999 -999999 -999999 -999999 -999999 -999999 -999999 -999999 -999999 -999999 -999999 -999999 -999999 -999999 
1814   1955 -999999 -999999 -999999 -999999 -999999 -999999 -999999 -999999 -999999 -999999 -999999 -999999 -999999 -999999 -999999 -999999 -999999 -999999 -999999 
1814   1956 -999999 -999999 -999999 -999999 -999999 -999999 -999999 -999999 -999999 -999999 -999999 -999999 -999999 -999999 -999999 -999999 -999999 -999999 -999999 
1814   1957 -999999 -999999 -999999 -999999 -999999 -999999 -999999 -999999 -999999 -999999 -999999 -999999 -999999 -999999 -999999 -999999 -999999 -999999 -999999 
1814   1958 -999999 -999999 -999999 -999999 -999999 -999999 -999999 -999999 -999999 -999999 -999999 -999999 -999999 -999999 -999999 -999999 -999999 -999999 -999999 
1814   1959 5800    -999999 3200    -999999 2300    1400    1300    200     500     700     700     900     600     200     600     200     800     300     100     
1814   1960 4300    2500    2600    1100    1700    1100    400     700     300     300     400     1000    1000    0       100     100     100     200     100     
1814   1961 5700    2000    3500    1100    2500    600     1200    0       1000    600     1500    400     200     300     100     1000    100     100     400     
1814   1962 800     800     400     -999999 100     200     200     200     0       0       0       100     100     100     0       100     100     0       100     
1814   1963 1200    200     700     100     200     500     500     0       0       0       100     100     400     100     0       0       100     400     0       
1814   1964 3400    1300    1700    500     1300    300     1200    0       500     300     200     800     200     0       100     400     100     700     100     
1814   1965 900     1300    400     200     600     100     100     100     0       300     100     200     100     0       0       0       100     0       0       
1814   1966 4400    1800    2300    1500    900     1200    700     400     1100    200     600     100     900     100     200     400     300     0       100     
1814   1967 2800    1900    1000    1100    900     400     400     600     400     500     200     200     300     100     0       200     200     0       100     
1814   1968 2100    800     200     500     100     100     1300    300     100     100     0       0       0       0       100     100     1000    200     200     
1814   1969 3300    -999999 1100    1100    600     700     1100    800     100     300     100     200     300     100     300     100     1000    0       0       
1814   1970 3900    1500    2400    400     400     1600    1400    300     100     100     200     100     1100    100     400     500     300     600     100     
1814   1971 3700    1300    2300    400     900     900     1100    300     0       0       200     700     200     500     200     500     600     0       500     
1814   1972 1900    1400    800     700     500     400     300     100     100     100     300     100     0       400     0       0       0       300     500     
1814   1973 2500    1300    1600    700     800     500     1000    100     100     300     100     400     200     100     200     600     0       400     0       
1814   1974 2400    1200    700     600     600     300     0       400     200     200     400     0       200     0       100     0       0       0       900     
1814   1975 5000    2000    3400    1700    1000    2600    500     700     100     300     400     300     800     500     1300    100     200     200     100     
1814   1976 4100    -999999 2700    -999999 500     2200    200     800     400     100     200     200     700     1000    500     100     100     0       0       
1814   1977 3800    1300    1400    200     1800    400     1300    0       200     1000    400     400     0       300     100     200     800     300     100     
1814   1978 3700    2000    800     500     700     200     1800    0       400     400     0       300     200     0       0       300     700     800     600     
1814   1979 2300    -999999 600     -999999 200     300     1000    0       0       100     100     0       0       200     100     200     400     400     800     
1814   1980 3400    2400    1200    1600    300     600     1200    0       800     0       200     100     200     100     300     300     200     700     500     
1814   1981 3600    -999999 1300    -999999 2000    500     700     200     200     1600    400     0       0       100     400     400     0       300     0       
1814   1982 5000    1700    2800    1400    1000    1600    1000    800     600     0       400     600     500     500     600     200     0       800     0       
1814   1983 6500    1800    4300    800     300     3700    1300    800     0       200     0       100     500     2000    1200    500     400     400     400     
1814   1984 3400    1500    2300    700     500     1300    1200    200     100     0       500     0       200     200     900     500     300     400     100     
1814   1985 3900    1200    1900    500     1000    500     1000    0       400     0       600     400     300     200     0       400     500     100     1000    
1814   1986 2300    1700    900     1100    100     800     600     100     0       0       0       100     700     100     0       0       200     400     700     
1814   1987 3800    -999999 2000    -999999 800     800     1100    100     200     200     500     100     0       200     600     600     400     100     800     
1814   1988 5600    2300    2500    1300    1900    700     1600    300     200     500     500     900     700     0       0       400     1000    200     900     
1814   1989 7800    4100    4800    2000    2000    3100    1400    300     800     900     0       1100    700     1800    600     600     300     500     200     
1814   1990 8400    4500    3700    2500    2800    2100    1200    1100    1200    1200    300     1300    100     800     1200    0       700     500     0       
1814   1991 4600    2900    2400    500     2200    600     1100    200     300     1200    500     500     0       200     400     800     0       300     200     
1814   1992 3800    2100    2000    1000    2100    600     300     400     400     800     400     900     200     200     200     100     0       200     0       
1814   1993 3300    1500    1700    800     2000    200     0       700     100     500     900     600     100     100     0       0       0       0       300     
1814   1994 4400    2100    1000    800     1700    600     1000    300     200     1300    300     100     100     300     200     0       100     900     600     
1814   1995 6000    2900    3400    1600    1000    2700    1200    200     800     300     200     500     500     800     1400    0       1000    200     100     
1814   1996 1900    -999999 300     -999999 0       300     700     700     200     0       0       0       0       100     200     0       400     300     0       
1814   1997 6400    2400    2900    800     2000    1500    1700    0       800     900     400     700     100     0       1400    300     600     800     400     
1814   1998 -999999 -999999 2800    -999999 2400    300     1500    300     600     900     300     1200    100     100     100     1000    300     200     300     
1814   1999 -999999 2200    -999999 1100    -999999 -999999 1200    500     300     600     1200    -999999 -999999 -999999 200     700     200     300     100     
1814   2000 -999999 1900    2700    600     1700    1200    700     300     200     800     0       900     400     0       800     600     0       -999999 -999999 
1814   2001 5100    -999999 2700    -999999 1400    1500    1900    100     200     600     300     500     400     600     500     400     1500    0       0       
1814   2002 4700    -999999 1500    1200    1700    400     1100    700     500     900     400     400     100     0       300     300     0       800     300     
1814   2003 -999999 -999999 4000    800     -999999 2200    1100    400     100     -999999 1100    400     400     400     1400    300     200     600     0       
1814   2004 5000    2200    2900    800     1200    1500    1300    500     300     600     300     300     900     0       600     800     200     300     200     
1814   2005 7300    2500    3800    900     2500    1400    2700    500     200     1100    800     600     700     500     200     1000    1300    400     0       
1814   2006 7300    2500    4100    400     1400    1900    3000    200     200     400     600     400     500     1000    400     1200    1200    600     600     
1814   2007 6300    4300    3600    2300    2700    700     900     800     900     200     1400    1100    600     0       100     400     500     0       300     
1814   2008 3900    1900    2200    1200    1900    500     600     500     400     200     300     1400    0       300     200     0       200     400     0       
1814   2009 4000    800     2200    100     900     1200    1800    100     0       100     400     400     600     400     200     200     700     900     0       
1814   2010 2800    2000    1700    0       1100    500     1200    0       0       400     400     300     100     400     0       500     500     200     0       
1814   2011 7400    2300    3600    1300    2700    700     2400    500     800     300     1500    900     400     100     200     500     800     1100    300     
1814   2012 4800    4300    2000    1700    1500    1100    600     500     900     700     100     700     200     100     800     100     200     300     200     
1814   2013 4800    -999999 2700    800     600     1500    2000    600     0       200     200     200     300     800     400     800     1200    0       100     
1814   2014 5800    2100    3400    400     1800    1500    2200    200     100     500     700     600     500     900     100     600     1100    500     0       
1814   2015 6500    2400    1700    400     1200    900     1800    200     200     400     700     100     300     300     300     0       600     1200    2200    
1814   2016 4700    5200    2600    3400    1200    1000    800     800     400     0       100     1100    600     300     100     400     200     200     500     
1814   2017 5900    3400    2400    1800    2600    900     1000    300     1000    1200    200     1200    500     400     0       100     600     300     100     
1814   2018 6900    1600    5100    600     1700    2900    1200    400     100     100     600     1000    1100    1200    600     600     100     500     600     
1814   2019 5300    2800    3300    1100    2300    1500    800     100     400     1100    800     400     600     500     400     600     100     100     200     
1814   2020 8600    2700    4300    1900    2500    2000    1900    600     1100    600     1100    800     400     300     1300    400     400     1100    500     
1814   2021 6600    4200    2000    2000    900     1000    2300    600     900     700     100     100     300     600     100     800     800     700     900     
