EUROPEAN CLIMATE ASSESSMENT & DATASET (ECA&D), file created on: 20-01-2022
THESE DATA CAN BE USED FOR NON-COMMERCIAL RESEARCH AND EDUCATION PROVIDED THAT THE FOLLOWING SOURCE IS ACKNOWLEDGED: 

Klein Tank, A.M.G. and Coauthors, 2002. Daily dataset of 20th-century surface
air temperature and precipitation series for the European Climate Assessment.
Int. J. of Climatol., 22, 1441-1453.
Data and metadata available at http://www.ecad.eu

FILE FORMAT (MISSING VALUE CODE = -999999):

THIS FILE HOLDS DATA FOR STATION POLAND                                   SNIEZKA                                  (STAID:   2035)
LATITUDE: dd:mm:ss +50:43:48
LONGITUDE: ddd:mm:ss +015:43:48
ELEVATION: m 1603

DATA IS FOR INDEX Days with TN > 90th percentile of daily min temp (warm nights) (TN90p) with unit 0.01 No of days

01-06 SOUID: Source identifier
08-11 YEAR : YYYY
13-20 ANNUAL DATA VALUES
21-28 WINTER HALF YEAR DATA VALUES
29-36 SUMMER HALF YEAR DATA VALUES
37-44 WINTER (DJF) DATA VALUES
45-52 SPRING (MAM) DATA VALUES
53-60 SUMMER (JJA) DATA VALUES
61-68 AUTUMN (SON) DATA VALUES
69-76 JANUARY DATA VALUES
etc. 
157-164 DECEMBER DATA VALUES

2035   1951 3800    -999999 1800    -999999 100     1100    1400    100     400     100     0       0       300     100     700     700     0       700     700     
2035   1952 2600    1600    2400    900     1300    1100    0       200     0       0       1200    100     0       500     600     0       0       0       0       
2035   1953 5400    1000    2300    100     2000    1000    1500    100     0       900     200     900     500     400     100     200     900     400     800     
2035   1954 2400    2500    1500    900     400     400     1300    0       100     300     0       100     200     0       200     1000    200     100     200     
2035   1955 3000    1600    1300    1200    500     400     1100    800     200     100     200     200     0       100     300     500     100     500     0       
2035   1956 1700    800     900     100     700     200     300     100     0       100     200     400     200     0       0       100     200     0       400     
2035   1957 3700    2100    1700    1400    1000    1100    400     500     500     500     500     0       400     700     0       100     200     100     200     
2035   1958 3400    1300    1200    1000    600     300     1300    200     600     0       0       600     0       200     100     300     200     800     400     
2035   1959 5100    3600    2200    1500    1800    1500    700     300     800     1100    500     200     100     700     700     0       0       700     0       
2035   1960 3300    2300    900     1000    700     800     300     900     100     600     0       100     200     0       600     0       100     200     500     
2035   1961 6300    2700    3300    1600    1600    1100    2000    0       1100    800     800     0       300     300     500     1400    0       600     500     
2035   1962 2500    1300    1400    700     900     400     800     200     0       0       800     100     300     0       100     100     600     100     200     
2035   1963 3700    1000    2600    200     1100    1200    1100    0       0       100     400     600     200     500     500     400     100     600     300     
2035   1964 4100    1600    2800    900     700     1900    400     400     200     0       500     200     900     600     400     200     200     0       500     
2035   1965 1800    1000    900     600     200     900     500     100     0       200     0       0       200     200     500     0       300     200     100     
2035   1966 4200    1500    2200    1000    1000    1100    1200    300     600     0       400     600     800     0       300     100     1100    0       0       
2035   1967 3300    2100    1800    500     800     1200    800     400     100     500     200     100     300     600     300     300     400     100     0       
2035   1968 3700    1000    1700    0       1300    800     1200    0       0       500     600     200     500     300     0       100     200     900     400     
2035   1969 4100    1800    2700    600     1600    1000    1300    200     0       100     500     1000    200     700     100     200     900     200     0       
2035   1970 2900    1500    1100    400     100     800     1400    400     0       0       100     0       400     300     100     200     500     700     200     
2035   1971 3900    2300    2300    1000    1200    1200    100     800     0       100     200     900     0       700     500     0       100     0       600     
2035   1972 3200    1600    1800    1000    500     1500    300     0       400     500     0       0       100     1000    400     300     0       0       500     
2035   1973 2700    1200    1600    900     500     900     700     400     0       300     0       200     200     100     600     500     0       200     200     
2035   1974 4400    3100    1000    1900    1400    500     500     500     1200    1000    400     0       0       0       500     100     0       400     300     
2035   1975 5100    2500    2100    1300    1200    1000    1800    600     400     800     0       400     500     300     200     700     800     300     100     
2035   1976 2500    1500    1800    400     800     900     300     200     100     0       500     300     200     600     100     100     200     0       200     
2035   1977 4800    1900    1700    800     1600    800     1200    500     100     900     100     600     600     100     100     200     900     100     600     
2035   1978 4200    2800    1000    1100    700     900     1800    100     400     700     0       0       600     200     100     100     600     1100    300     
2035   1979 3300    2200    2000    300     1000    800     800     0       0       200     100     700     700     0       100     400     200     200     700     
2035   1980 2000    1600    600     1200    100     300     1100    0       500     0       100     0       100     0       200     200     200     700     0       
2035   1981 3600    2200    1900    400     1700    800     700     100     300     900     300     500     600     0       200     300     0       400     0       
2035   1982 4800    1800    2500    1300    400     1300    1600    1000    300     100     100     200     600     500     200     900     200     500     200     
2035   1983 5700    1900    3300    900     1300    1900    1300    700     0       300     400     600     100     900     900     400     300     600     500     
2035   1984 1900    1500    800     600     0       800     800     100     0       0       0       0       100     400     300     0       200     600     200     
2035   1985 3800    1300    1800    300     1300    600     800     100     0       200     300     800     100     100     400     100     700     0       1000    
2035   1986 3700    1800    2600    1000    1600    1100    600     0       0       100     1000    500     500     400     200     0       100     500     400     
2035   1987 3100    1800    1400    1100    300     700     600     200     500     100     100     100     100     400     200     500     100     0       800     
2035   1988 2700    1800    1100    1700    300     800     600     900     0       0       300     0       100     400     300     0       400     200     100     
2035   1989 7600    3800    2200    2500    1600    700     1800    1400    1000    700     600     300     0       200     500     600     700     500     1100    
2035   1990 4900    4700    2100    2800    1600    1200    400     500     1200    700     300     600     200     100     900     0       300     100     0       
2035   1991 4300    2700    1100    1000    1600    700     400     700     300     1300    300     0       0       400     300     100     0       300     600     
2035   1992 5300    2500    3100    1900    700     2500    300     700     600     300     100     300     500     300     1700    200     0       100     500     
2035   1993 5400    2700    3100    2100    2600    800     300     600     1000    500     800     1300    400     100     300     200     0       100     100     
2035   1994 5200    1300    3300    900     700     2600    700     400     400     300     300     100     300     1600    700     300     100     300     400     
2035   1995 5500    1300    3100    900     800     2000    2100    100     400     0       300     500     100     1300    600     300     1300    500     100     
2035   1996 4400    3000    2000    1200    700     1300    800     1000    100     0       600     100     800     0       500     0       100     700     500     
2035   1997 4900    2900    2500    1300    1400    1500    600     800     0       800     0       600     600     0       900     400     100     100     600     
2035   1998 4500    3000    2000    2600    1100    1000    100     800     1200    200     300     600     500     300     200     100     0       0       300     
