EUROPEAN CLIMATE ASSESSMENT & DATASET (ECA&D), file created on: 20-01-2022
THESE DATA CAN BE USED FOR NON-COMMERCIAL RESEARCH AND EDUCATION PROVIDED THAT THE FOLLOWING SOURCE IS ACKNOWLEDGED: 

Klein Tank, A.M.G. and Coauthors, 2002. Daily dataset of 20th-century surface
air temperature and precipitation series for the European Climate Assessment.
Int. J. of Climatol., 22, 1441-1453.
Data and metadata available at http://www.ecad.eu

FILE FORMAT (MISSING VALUE CODE = -999999):

THIS FILE HOLDS DATA FOR STATION UNITED KINGDOM                           KEELE                                    (STAID:   1854)
LATITUDE: dd:mm:ss +52:59:53
LONGITUDE: ddd:mm:ss -002:16:12
ELEVATION: m  179

DATA IS FOR INDEX Days with TN > 90th percentile of daily min temp (warm nights) (TN90p) with unit 0.01 No of days

01-06 SOUID: Source identifier
08-11 YEAR : YYYY
13-20 ANNUAL DATA VALUES
21-28 WINTER HALF YEAR DATA VALUES
29-36 SUMMER HALF YEAR DATA VALUES
37-44 WINTER (DJF) DATA VALUES
45-52 SPRING (MAM) DATA VALUES
53-60 SUMMER (JJA) DATA VALUES
61-68 AUTUMN (SON) DATA VALUES
69-76 JANUARY DATA VALUES
etc. 
157-164 DECEMBER DATA VALUES

1854   1960 3500    -999999 2200    -999999 1800    900     200     200     300     500     500     800     800     100     0       0       0       200     100     
1854   1961 4600    2200    1900    1000    2000    200     1200    0       900     1000    900     100     0       100     100     700     200     300     300     
1854   1962 1100    1300    600     -999999 200     200     200     100     400     0       0       200     100     0       100     200     0       0       0       
1854   1963 2300    500     1100    0       800     700     800     0       0       500     300     0       400     300     0       100     300     400     0       
1854   1964 4100    1500    2600    600     1800    800     800     100     500     200     500     1100    200     500     100     200     0       600     100     
1854   1965 1800    1000    900     200     700     200     700     100     0       200     200     300     200     0       0       200     300     200     100     
1854   1966 2300    1400    1300    900     300     700     400     200     600     0       100     200     600     0       100     300     100     0       100     
1854   1967 3400    1200    1500    600     700     1100    700     400     100     500     200     0       400     400     300     200     400     100     400     
1854   1968 -999999 2000    900     1200    600     500     1500    800     0       300     300     0       200     100     200     100     1000    400     -999999 
1854   1969 4000    -999999 1800    -999999 400     1400    1400    700     0       0       200     200     100     700     600     0       1300    100     100     
1854   1970 4900    -999999 3200    500     1400    1200    1700    300     100     100     400     900     800     0       400     700     300     700     200     
1854   1971 3000    1500    1500    -999999 600     800     800     200     0       100     100     400     0       500     300     200     400     200     600     
1854   1972 1800    -999999 300     700     800     0       700     0       100     500     300     0       0       0       0       0       200     500     200     
1854   1973 3900    1700    2400    1000    600     1100    1100    200     600     0       0       600     400     300     400     700     200     200     300     
1854   1974 2500    -999999 700     1000    300     300     100     200     500     0       200     100     100     100     100     100     0       0       1100    
1854   1975 4200    2100    2900    2100    500     2200    400     1000    0       0       500     0       700     400     1100    200     100     100     100     
1854   1976 5500    2300    3300    2000    800     2300    500     1200    700     100     300     400     900     1000    400     300     100     100     0       
1854   1977 2500    500     1400    100     800     400     1000    0       100     200     300     300     0       200     200     400     500     100     200     
1854   1978 3000    1600    900     700     600     400     1200    0       500     300     100     200     300     0       100     200     500     500     300     
1854   1979 2500    -999999 1200    300     400     700     900     0       0       100     200     100     400     0       300     200     400     300     500     
1854   1980 3400    1800    1800    1000    500     1000    900     0       500     100     300     100     200     200     600     400     0       500     500     
1854   1981 4000    -999999 1800    1100    2200    400     800     400     200     1200    500     500     200     100     100     400     0       400     0       
1854   1982 5300    -999999 3000    -999999 1100    1700    1400    500     500     200     300     600     700     400     600     400     200     800     100     
1854   1983 5300    2100    3000    800     400     2500    1400    700     0       300     0       100     300     1700    500     400     300     700     300     
1854   1984 3000    1600    1800    600     0       1200    1400    200     100     0       0       0       300     100     800     600     500     300     100     
1854   1985 3600    1400    1900    -999999 800     600     900     100     -999999 100     500     200     0       600     0       600     300     0       900     
1854   1986 2300    1600    1200    1000    600     900     200     100     0       300     0       300     600     300     0       0       100     100     500     
1854   1987 3700    -999999 2100    800     700     1200    800     100     200     100     600     0       200     400     600     300     200     300     700     
1854   1988 4000    2200    1000    1300    1200    200     1000    200     400     400     600     200     100     100     0       0       900     100     1000    
1854   1989 5200    3400    3400    1900    1800    1700    800     600     300     500     100     1200    500     1000    200     400     100     300     0       
1854   1990 7100    3000    2800    -999999 2300    1900    1500    400     800     1400    300     600     400     500     1000    0       800     700     200     
1854   1991 4900    3200    2900    300     2800    1400    400     0       100     1400    600     800     100     800     500     100     300     0       200     
1854   1992 4800    2100    2900    1300    2300    900     400     400     700     500     500     1300    500     400     0       200     0       200     100     
1854   1993 3600    2000    1900    -999999 2000    600     100     500     400     800     600     600     300     300     0       100     0       0       0       
1854   1994 4900    1200    1900    500     1400    1200    1700    300     200     700     600     100     200     800     200     0       200     1500    100     
1854   1995 5900    -999999 3500    700     1300    2400    1600    100     500     200     600     500     200     900     1300    0       1000    600     0       
1854   1996 3300    2700    1600    1000    700     700     900     900     100     100     400     200     0       200     500     300     400     200     0       
1854   1997 7200    2400    3800    800     2400    1900    1600    100     700     1000    500     900     400     0       1500    500     200     900     500     
1854   1998 6600    4900    2800    2600    2800    400     1100    700     1400    1200    600     1000    400     0       0       800     100     200     200     
1854   1999 -999999 2300    4900    900     3500    1400    1900    300     400     1100    1300    1100    100     600     700     1100    400     400     -999999 
1854   2000 -999999 -999999 3500    -999999 -999999 1500    700     -999999 -999999 -999999 800     600     700     100     700     600     0       100     600     
1854   2001 5100    1700    3000    1100    1400    1900    1300    200     300     500     300     600     300     800     800     200     900     200     0       
1854   2002 6000    -999999 2600    1500    1900    1300    600     700     800     900     600     400     100     600     600     300     0       300     700     
1854   2003 7100    2500    4800    1600    2500    2600    800     400     500     600     1200    700     600     800     1200    300     0       500     300     
1854   2004 7000    2800    3800    2000    1400    2100    1400    700     1000    300     700     400     700     500     900     600     200     600     400     
1854   2005 8200    3600    3800    1500    2900    1300    2500    700     400     1300    800     800     600     500     200     900     1300    300     400     
1854   2006 8900    3300    5200    1200    1900    2500    3000    500     300     500     200     1200    700     1600    200     1300    1000    700     700     
1854   2007 -999999 5200    -999999 3200    2000    -999999 1800    1000    1500    300     1200    500     600     0       -999999 600     400     800     300     
1854   2008 6300    3100    3700    1700    2100    1700    -999999 1000    400     200     600     1300    500     500     700     100     -999999 800     200     
1854   2009 6200    -999999 3100    1400    1700    1500    1800    200     1000    400     900     400     500     400     600     300     900     600     0       
1854   2010 3900    2200    2700    0       2000    1000    900     0       0       700     800     500     400     600     0       400     300     200     0       
1854   2011 8000    -999999 3400    -999999 2900    800     2800    300     800     800     1400    700     400     100     300     500     1000    1300    400     
1854   2012 5800    5500    2500    1800    2400    1200    700     600     800     1400    200     800     300     400     500     300     100     300     100     
1854   2013 4000    1100    2100    700     500     1500    1300    600     0       0       400     100     200     800     500     100     1000    200     100     
1854   2014 6800    3100    3300    1200    2200    900     2500    400     700     700     1000    500     100     700     100     900     800     800     100     
1854   2015 5000    2400    1300    600     700     800     1600    100     400     200     300     200     200     300     300     0       500     1100    1400    
1854   2016 6400    4100    4300    2300    1400    2000    1700    700     200     200     300     900     900     500     600     1100    400     200     400     
1854   2017 6100    -999999 2800    -999999 2200    1000    1400    300     700     700     500     1000    800     100     100     300     800     300     500     
1854   2018 7400    2100    5500    800     2700    2700    1100    200     100     200     1100    1400    600     900     1200    300     200     600     600     
1854   2019 6600    -999999 3300    -999999 2000    1900    800     400     1200    1000    600     400     500     700     700     400     0       400     300     
