EUROPEAN CLIMATE ASSESSMENT & DATASET (ECA&D), file created on: 20-01-2022
THESE DATA CAN BE USED FOR NON-COMMERCIAL RESEARCH AND EDUCATION PROVIDED THAT THE FOLLOWING SOURCE IS ACKNOWLEDGED: 

Klein Tank, A.M.G. and Coauthors, 2002. Daily dataset of 20th-century surface
air temperature and precipitation series for the European Climate Assessment.
Int. J. of Climatol., 22, 1441-1453.
Data and metadata available at http://www.ecad.eu

FILE FORMAT (MISSING VALUE CODE = -999999):

THIS FILE HOLDS DATA FOR STATION GERMANY                                  HAMBURG BERGEDORF                        (STAID:     46)
LATITUDE: dd:mm:ss +53:28:50
LONGITUDE: ddd:mm:ss +010:14:34
ELEVATION: m   35

DATA IS FOR INDEX Days with TN > 90th percentile of daily min temp (warm nights) (TN90p) with unit 0.01 No of days

01-06 SOUID: Source identifier
08-11 YEAR : YYYY
13-20 ANNUAL DATA VALUES
21-28 WINTER HALF YEAR DATA VALUES
29-36 SUMMER HALF YEAR DATA VALUES
37-44 WINTER (DJF) DATA VALUES
45-52 SPRING (MAM) DATA VALUES
53-60 SUMMER (JJA) DATA VALUES
61-68 AUTUMN (SON) DATA VALUES
69-76 JANUARY DATA VALUES
etc. 
157-164 DECEMBER DATA VALUES

46     1891 3900    -999999 2700    -999999 700     1100    1800    0       0       100     100     500     300     500     300     1000    700     100     300     
46     1892 4000    1400    3200    600     800     1600    1100    100     200     0       100     700     300     200     1100    800     300     0       200     
46     1893 5700    1500    3800    800     1400    2500    1200    0       600     400     400     600     400     1000    1100    300     700     200     0       
46     1894 4600    2200    2600    1000    1500    1300    800     400     600     300     900     300     100     1100    100     100     100     600     0       
46     1895 5400    700     4700    0       1800    2200    1400    0       0       0       1200    600     700     700     800     700     200     500     0       
46     1896 4700    1500    3600    100     1100    2600    900     0       100     700     400     0       1600    800     200     600     300     0       0       
46     1897 5800    1700    3600    700     1600    2500    600     100     600     700     500     400     900     200     1400    200     200     200     400     
46     1898 5800    2100    3100    1500    1000    1700    1400    900     200     200     500     300     600     0       1100    600     500     300     600     
46     1899 6600    3100    3300    2000    1600    1700    1800    400     1000    300     800     500     300     1000    400     300     400     1100    100     
46     1900 5000    2500    3300    1000    600     2300    900     400     500     0       200     400     400     1200    700     400     500     0       300     
46     1901 5300    800     4500    300     1200    2500    1400    0       0       0       800     400     700     1100    700     800     600     0       200     
46     1902 4200    2600    2300    1700    900     1300    500     1500    0       300     300     300     700     200     400     400     100     0       0       
46     1903 5700    2800    2300    1700    1700    1000    1300    700     1000    1000    0       700     500     300     200     600     400     300     0       
46     1904 3200    1000    2100    300     1200    700     600     100     200     0       500     700     200     100     400     200     100     300     400     
46     1905 3000    1000    2800    500     800     1800    300     0       100     100     100     600     800     600     400     300     0       0       0       
46     1906 5900    600     3800    100     2100    1700    1900    100     0       500     500     1100    300     700     700     500     600     800     100     
46     1907 4000    1900    2200    400     1000    800     1700    300     0       100     300     600     300     0       500     500     1000    200     200     
46     1908 3600    1900    2800    600     700     2000    300     0       400     100     0       600     800     1000    200     200     100     0       200     
46     1909 3800    600     2100    300     800     1000    1700    100     0       200     300     300     200     100     700     500     1200    0       200     
46     1910 6000    2900    3900    1400    1900    1800    900     600     600     300     400     1200    1100    200     500     500     400     0       200     
46     1911 7500    1800    5400    1100    2200    2600    1600    400     500     300     800     1100    300     700     1600    900     400     300     200     
46     1912 2600    2000    900     900     700     600     100     200     500     400     200     100     200     400     0       0       100     0       500     
46     1913 2500    1300    1300    800     1400    200     600     0       300     400     700     300     100     0       100     100     200     300     0       
46     1914 3800    1200    2600    500     900     1700    500     0       500     200     500     200     100     1100    500     200     100     200     200     
46     1915 900     600     700     200     100     600     100     0       0       100     0       0       500     100     0       100     0       0       100     
46     1916 2400    1300    700     1100    700     200     300     1000    0       200     200     300     100     0       100     0       100     200     200     
46     1917 3200    700     2500    400     400     1700    900     200     0       0       0       400     1300    100     300     400     0       500     0       
46     1918 3400    1700    1100    1100    900     100     700     500     600     100     500     300     0       0       100     200     200     300     600     
46     1919 2400    1800    1600    1000    700     500     800     0       400     300     300     100     200     0       300     700     100     0       0       
46     1920 4100    1100    2700    500     2300    700     400     300     200     500     1000    800     100     600     0       200     100     100     200     
46     1921 4500    2000    2400    1300    1800    900     600     900     200     500     700     600     300     400     200     200     400     0       100     
46     1922 2000    1000    1500    300     1300    500     0       0       200     300     400     600     0       200     300     0       0       0       0       
46     1923 2600    700     1600    600     700     800     500     400     200     100     300     300     100     700     0       200     300     0       0       
46     1924 1600    500     1000    0       600     500     200     0       0       200     100     300     300     100     100     100     100     0       300     
46     1925 3900    1400    2400    1300    1000    1300    400     500     500     0       300     700     100     700     500     100     200     100     200     
46     1926 4200    1900    2000    1300    900     800     1000    200     900     300     500     100     200     500     100     600     0       400     400     
46     1927 3400    2400    1200    900     1100    800     1000    300     200     1100    0       0       0       500     300     400     400     200     0       
46     1928 2200    1000    1300    300     900     300     700     100     200     100     600     200     100     100     100     200     300     200     0       
46     1929 2200    600     1400    0       600     600     400     0       0       100     100     400     200     100     300     300     0       100     600     
46     1930 2700    1100    1800    1000    600     1100    600     400     0       0       500     100     600     400     100     100     200     300     0       
46     1931 2500    500     2100    0       1600    500     400     0       0       0       0       1600    100     300     100     0       100     300     0       
46     1932 4800    900     4000    400     1300    2000    1100    400     0       100     300     900     200     800     1000    800     200     100     0       
46     1933 2000    1000    1100    500     800     400     300     300     200     200     300     300     100     300     0       100     200     0       0       
46     1934 4700    700     3000    400     1300    900     1600    200     200     100     600     600     200     400     300     900     400     300     500     
46     1935 3900    2700    2000    1500    1000    1300    600     300     700     500     500     0       700     300     300     200     200     200     0       
46     1936 2800    1100    1600    500     500     1100    600     400     100     200     200     100     500     300     300     200     300     100     100     
46     1937 4800    1200    3800    800     1700    2000    300     500     200     0       900     800     800     500     700     100     100     100     100     
46     1938 5800    2400    2900    900     1700    1800    1500    600     200     1300    300     100     300     300     1200    700     200     600     0       
46     1939 4500    2200    2600    1400    400     1900    700     1000    400     0       400     0       300     400     1200    300     0       400     100     
46     1940 1900    900     1200    200     1100    400     300     0       100     300     200     600     300     100     0       0       100     200     0       
46     1941 2300    500     1600    0       300     1400    100     0       0       200     100     0       300     1000    100     100     0       0       500     
46     1942 2100    500     1700    500     300     1100    600     0       0       0       200     100     0       200     900     300     300     0       100     
46     1943 3400    1100    2200    400     1400    800     900     100     200     400     900     100     0       100     700     400     500     0       0       
46     1944 4100    1500    2600    1000    700     1900    400     900     100     0       500     200     100     600     1200    0       100     300     100     
46     1945 4500    1800    2500    700     1900    900     1000    0       600     700     400     800     200     500     200     400     500     100     100     
46     1946 3000    1200    2500    500     1600    700     300     0       400     100     600     900     0       700     0       300     0       0       0       
46     1947 4800    200     4300    0       1200    2200    1300    0       0       200     200     800     1100    500     600     1100    0       200     100     
46     1948 3900    1500    2000    800     1400    700     1100    500     200     500     600     300     200     300     200     400     300     400     0       
46     1949 4200    1500    3100    800     1000    1200    1100    300     500     0       900     100     200     300     700     900     200     0       100     
46     1950 4000    1600    2500    700     1200    1800    300     200     400     700     0       500     500     500     800     200     0       100     100     
46     1951 2400    300     1800    100     300     1100    600     0       0       100     200     0       100     300     700     500     0       100     400     
46     1952 3300    1100    2500    900     1700    800     300     200     300     100     1200    400     100     300     400     100     200     0       0       
46     1953 5900    900     3400    500     1400    2100    1800    200     300     200     400     800     1000    800     300     100     1100    600     100     
46     1954 2500    1900    1400    200     400     400     1300    100     0       0       100     300     300     0       100     600     700     0       300     
46     1955 3000    1200    2200    300     800     1400    500     0       0       200     400     200     300     300     800     200     0       300     300     
46     1956 1900    800     500     500     300     200     400     100     100     0       0       300     0       200     0       0       400     0       800     
46     1957 3800    2900    1000    2000    600     900     1100    500     700     500     100     0       300     500     100     0       600     500     0       
46     1958 2700    1700    1200    600     400     700     900     0       600     0       0       400     100     300     300     100     700     100     100     
46     1959 3600    1900    2500    700     1200    1600    200     200     400     400     500     300     200     400     1000    100     100     0       0       
46     1960 2600    900     1400    500     1000    600     400     400     100     300     200     500     100     0       500     100     100     200     100     
46     1961 4600    2200    2600    1000    2100    400     1200    0       900     900     1100    100     100     200     100     1000    200     0       0       
46     1962 1900    1000    700     800     200     300     600     600     200     0       100     100     200     100     0       200     300     100     0       
46     1963 2300    400     1500    0       700     400     1200    0       0       0       400     300     0       300     100     400     0       800     0       
46     1964 3700    900     2400    100     900     1100    1200    0       100     0       600     300     300     400     400     400     0       800     400     
46     1965 1500    1900    600     700     700     200     200     300     0       400     200     100     200     0       0       100     100     0       100     
46     1966 4900    1800    2200    1400    1100    1400    900     300     1000    300     300     500     900     300     200     0       900     0       200     
46     1967 4200    2900    1500    1200    1200    700     1100    200     800     800     0       400     0       400     300     400     600     100     200     
46     1968 4800    1600    2800    600     1100    1500    1800    400     0       300     700     100     500     200     800     500     800     500     0       
46     1969 4100    1500    3300    200     600     2100    1200    200     0       0       100     500     700     800     600     600     200     400     0       
46     1970 2300    600     1000    0       200     700     1000    0       0       0       200     0       400     300     0       100     500     400     400     
46     1971 5500    2400    1700    1400    800     1000    1500    600     400     100     100     600     0       500     500     0       900     600     1200    
46     1972 2400    2800    1500    1200    700     900     200     0       0       100     400     200     100     600     200     0       0       200     600     
46     1973 2700    1300    1800    900     500     1000    700     0       300     200     0       300     500     500     0       500     0       200     200     
46     1974 3800    2300    600     2000    300     200     400     1000    800     100     200     0       0       0       200     200     0       200     1100    
46     1975 5300    3400    2800    2900    800     1600    800     1500    300     300     300     200     200     400     1000    700     100     0       300     
46     1976 3700    1500    2000    1100    1000    1000    900     500     300     300     300     400     400     500     100     300     500     100     0       
46     1977 5000    2800    1200    800     1700    700     1100    100     700     1400    300     0       700     0       0       200     500     400     700     
46     1978 3700    2600    1400    1100    1100    800     1300    0       400     600     0       500     400     200     200     100     300     900     100     
46     1979 3400    1500    1900    100     900     800     900     0       0       200     0       700     700     100     0       400     300     200     800     
46     1980 2900    1500    1300    900     100     1200    1000    0       100     100     0       0       500     100     600     100     200     700     500     
46     1981 3900    2300    2600    700     2000    1200    500     0       200     700     400     900     500     300     400     100     100     300     0       
46     1982 3900    800     3000    200     900     1700    1100    200     0       200     100     600     700     500     500     600     100     400     0       
46     1983 4800    2100    2300    1300    1100    1300    900     1300    0       300     700     100     100     700     500     200     500     200     200     
46     1984 2200    1100    1100    400     200     800     900     200     0       0       0       200     100     400     300     100     400     400     100     
46     1985 2800    1000    1500    100     1200    400     600     0       0       100     700     400     100     200     100     0       500     100     600     
46     1986 2600    1400    1600    700     700     900     600     100     0       100     0       600     200     500     200     100     0       500     300     
46     1987 3200    900     1600    300     600     1000    700     0       0       100     400     100     200     200     600     100     200     400     900     
46     1988 4600    2800    2100    2200    1000    900     500     1200    100     0       300     700     300     300     300     200     0       300     900     
46     1989 7000    3300    3700    2100    1900    1700    1800    700     500     900     600     400     300     700     700     1000    700     100     400     
46     1990 7200    4900    2200    2800    2200    1300    1200    1000    1400    1300    300     600     500     200     600     0       700     500     100     
46     1991 4500    3100    2700    900     1600    1700    400     600     200     1000    600     0       100     700     900     400     0       0       0       
46     1992 5600    2000    3300    1500    1400    2300    300     800     700     500     100     800     900     800     600     100     0       200     100     
46     1993 3700    1700    1900    1000    2000    400     0       900     0       500     900     600     100     100     200     0       0       0       400     
46     1994 7900    1700    4700    1100    2100    3000    1500    700     0       600     900     600     500     1600    900     200     300     1000    600     
46     1995 6000    3200    3600    1800    1100    2200    1500    100     1100    100     700     300     0       1000    1200    400     900     200     0       
46     1996 3100    1100    2700    0       1100    1500    500     0       0       0       700     400     500     100     900     100     100     300     0       
46     1997 6700    2100    4100    1200    1200    2800    1000    0       1200    500     200     500     700     200     1900    600     200     200     500     
46     1998 8400    4600    4000    3200    3000    1100    1200    1200    1500    1000    1000    1000    700     100     300     900     300     0       400     
46     1999 7100    2400    4300    1700    1400    1500    2700    1000    300     400     800     200     200     700     600     1800    300     600     200     
46     2000 6600    2800    3000    1500    1600    1000    1700    400     900     400     700     500     500     100     400     800     600     300     1000    
46     2001 4600    2900    2200    1700    900     1500    1500    200     500     300     400     200     0       700     800     100     1200    200     0       
46     2002 8700    4000    5500    2000    2000    3600    900     1000    1000    600     500     900     1000    600     2000    500     0       400     200     
46     2003 6200    1500    4300    900     1300    2900    1300    700     0       200     400     700     900     1000    1000    300     0       1000    0       
46     2004 -999999 2500    3400    900     1800    1800    -999999 100     800     600     500     700     300     300     1200    400     -999999 -999999 -999999 
