EUROPEAN CLIMATE ASSESSMENT & DATASET (ECA&D), file created on: 20-01-2022
THESE DATA CAN BE USED FOR NON-COMMERCIAL RESEARCH AND EDUCATION PROVIDED THAT THE FOLLOWING SOURCE IS ACKNOWLEDGED: 

Klein Tank, A.M.G. and Coauthors, 2002. Daily dataset of 20th-century surface
air temperature and precipitation series for the European Climate Assessment.
Int. J. of Climatol., 22, 1441-1453.
Data and metadata available at http://www.ecad.eu

FILE FORMAT (MISSING VALUE CODE = -999999):

THIS FILE HOLDS DATA FOR STATION RUSSIAN FEDERATION                       BAJKIT                                   (STAID:   3200)
LATITUDE: dd:mm:ss +61:40:00
LONGITUDE: ddd:mm:ss +096:22:00
ELEVATION: m  256

DATA IS FOR INDEX Days with TN > 90th percentile of daily min temp (warm nights) (TN90p) with unit 0.01 No of days

01-06 SOUID: Source identifier
08-11 YEAR : YYYY
13-20 ANNUAL DATA VALUES
21-28 WINTER HALF YEAR DATA VALUES
29-36 SUMMER HALF YEAR DATA VALUES
37-44 WINTER (DJF) DATA VALUES
45-52 SPRING (MAM) DATA VALUES
53-60 SUMMER (JJA) DATA VALUES
61-68 AUTUMN (SON) DATA VALUES
69-76 JANUARY DATA VALUES
etc. 
157-164 DECEMBER DATA VALUES

3200   1936 2100    -999999 500     -999999 100     300     600     0       100     0       0       100     0       300     0       100     500     0       1000    
3200   1937 -999999 -999999 -999999 -999999 -999999 -999999 600     -999999 0       0       -999999 -999999 -999999 -999999 0       200     200     200     0       
3200   1938 3000    800     2000    200     1100    700     800     100     100     200     900     0       100     0       600     400     100     300     200     
3200   1939 3300    1900    1000    1100    1000    300     200     200     700     400     400     200     200     0       100     100     0       100     900     
3200   1940 3300    1600    2200    1000    1600    800     600     0       100     500     1000    100     100     200     500     300     200     100     200     
3200   1941 2600    700     2000    300     700     800     700     0       100     100     200     400     300     100     400     600     100     0       300     
3200   1942 2900    800     1600    700     400     1000    500     400     0       0       300     100     400     300     300     200     0       300     600     
3200   1943 5200    2100    3200    1200    2500    500     1200    300     300     600     500     1400    300     100     100     800     400     0       400     
3200   1944 3300    2100    1100    1500    500     200     1300    600     500     200     200     100     0       0       200     600     700     0       200     
3200   1945 4000    1400    2300    500     1700    400     1300    300     0       200     600     900     200     100     100     400     700     200     300     
3200   1946 2700    2400    1200    1300    500     900     300     400     600     200     200     100     0       500     400     0       100     200     0       
3200   1947 2700    1000    1200    300     1200    300     800     200     100     400     700     100     200     100     0       100     500     200     100     
3200   1948 5000    2400    1900    1500    1400    500     1400    700     700     200     700     500     0       400     100     200     700     500     300     
3200   1949 3900    2700    2100    1400    1000    1000    700     1000    100     100     300     600     300     200     500     200     400     100     100     
3200   1950 2800    1200    1200    600     600     300     1000    0       500     100     400     100     0       0       300     400     500     100     400     
3200   1951 2900    1100    1100    500     600     300     1000    100     0       0       300     300     100     0       200     200     500     300     900     
3200   1952 1500    2100    1000    1300    300     700     0       300     100     0       100     200     300     200     200     0       0       0       100     
3200   1953 4000    1000    1700    600     700     1200    700     300     200     400     200     100     400     700     100     200     500     0       900     
3200   1954 2300    1900    1200    1200    300     800     700     200     100     200     0       100     0       300     500     300     400     0       200     
3200   1955 2300    1200    800     800     600     200     900     500     100     0       300     300     100     100     0       0       300     600     0       
3200   1956 2200    1200    1300    200     700     600     700     200     0       100     300     300     0       400     200     100     400     200     0       
3200   1957 3100    1400    1300    700     600     400     600     700     0       100     200     300     200     100     100     400     200     0       800     
3200   1958 3800    2500    1200    2100    500     700     1000    600     700     200     0       300     300     200     200     200     300     500     300     
3200   1959 3100    1900    1500    700     500     1200    400     100     300     400     100     0       200     400     600     200     0       200     600     
3200   1960 2800    1500    1400    1300    300     700     500     200     500     0       300     0       100     200     400     400     100     0       600     
3200   1961 2500    1900    1200    1300    800     300     700     300     400     500     200     100     0       100     200     600     0       100     0       
3200   1962 6700    2800    3200    2400    1300    1500    1200    1400    1000    300     500     500     400     700     400     700     300     200     300     
3200   1963 4800    2200    1700    1600    400     900     2000    200     1100    100     100     200     0       300     600     500     1100    400     200     
3200   1964 2600    2600    1500    1100    300     900     400     700     200     0       100     200     200     500     200     300     0       100     100     
3200   1965 2700    500     1900    200     600     1400    500     100     0       200     0       400     200     600     600     100     400     0       100     
3200   1966 2100    1100    1400    600     200     900     500     500     0       100     0       100     600     100     200     400     100     0       0       
3200   1967 5000    1300    1600    700     1000    800     1700    600     100     500     400     100     400     400     0       300     1300    100     800     
3200   1968 2400    3200    1200    900     1600    500     200     100     0       900     400     300     0       400     100     0       200     0       0       
3200   1969 2200    200     1700    0       100     1600    300     0       0       0       0       100     400     800     400     0       0       300     200     
3200   1970 2200    900     1200    600     1000    200     500     100     300     0       600     400     0       200     0       0       200     300     100     
3200   1971 3900    1300    1700    600     900     700     1600    500     0       200     300     400     300     400     0       300     400     900     200     
3200   1972 1500    1800    1100    500     500     600     0       0       300     0       400     100     400     0       200     0       0       0       100     
3200   1973 4200    1000    1600    700     900     700     1400    200     400     300     300     300     100     200     400     300     400     700     600     
3200   1974 2200    2200    1200    900     700     500     600     200     100     200     300     200     100     100     300     200     200     200     100     
3200   1975 4500    2100    1700    1100    1300    500     900     900     100     600     500     200     300     200     0       500     300     100     800     
3200   1976 2800    1600    1700    1100    700     600     1100    300     0       100     400     200     600     0       0       500     200     400     100     
3200   1977 3700    1100    2500    200     1600    1100    800     0       100     300     900     400     500     100     500     100     0       700     100     
3200   1978 4700    1700    1600    800     1000    600     2100    400     300     200     400     400     300     200     100     200     500     1400    300     
3200   1979 3800    2300    2600    300     300     1900    1000    0       0       100     0       200     900     900     100     500     300     200     600     
3200   1980 2600    1500    1700    900     300     1300    600     0       300     100     100     100     100     400     800     200     200     200     100     
3200   1981 5000    1700    2700    900     1900    800     700     500     300     400     600     900     400     100     300     400     100     200     800     
3200   1982 5000    1900    2700    1600    1700    1000    100     400     400     0       1000    700     700     200     100     0       0       100     1400    
3200   1983 4500    2900    1200    2300    700     400     2200    700     200     500     100     100     100     0       300     600     900     700     300     
3200   1984 3800    2800    2500    1200    500     1700    700     400     500     0       100     400     900     300     500     300     400     0       0       
3200   1985 3700    700     2600    200     700     1600    1100    200     0       100     200     400     1100    300     200     400     400     300     100     
3200   1986 5300    1700    2700    800     400     2200    1200    0       700     200     100     100     400     1100    700     300     300     600     800     
3200   1987 3200    2500    2000    1600    800     1000    200     600     200     0       400     400     0       500     500     200     0       0       400     
3200   1988 4900    900     2300    700     900     700     2400    200     100     200     400     300     100     200     400     900     600     900     600     
3200   1989 5200    4500    1600    1900    1900    600     1000    200     1100    1100    200     600     0       200     400     200     500     300     400     
3200   1990 7500    4100    2900    1200    3400    1100    1600    200     600     2100    300     1000    200     600     300     500     700     400     600     
3200   1991 6000    2700    3800    1500    1300    1900    1700    800     100     100     400     800     400     900     600     700     400     600     200     
3200   1992 -999999 3100    -999999 1900    900     -999999 -999999 800     900     200     100     600     -999999 -999999 600     300     1000    -999999 700     
3200   1993 3500    -999999 1300    1700    1000    800     300     600     400     600     400     0       0       500     300     100     100     100     400     
3200   1994 4200    1500    2800    800     1300    1800    600     200     200     500     200     600     500     1200    100     200     300     100     100     
3200   1995 5700    2500    2600    1300    1900    1000    1000    700     500     800     400     700     0       100     900     500     400     100     600     
3200   1996 3100    1700    1600    900     500     1400    500     300     0       300     0       200     400     900     100     0       0       500     400     
3200   1997 5600    2000    3200    1100    2300    700     1600    200     500     400     1200    700     300     100     300     600     500     500     300     
3200   1998 5100    2700    2900    1000    1300    2100    300     400     300     700     200     400     300     500     1300    200     100     0       700     
3200   1999 4800    1000    3000    900     1500    1400    900     100     100     0       400     1100    100     800     500     100     200     600     800     
3200   2000 3500    2300    2400    1000    1300    1300    700     0       200     500     400     400     800     0       500     300     300     100     0       
3200   2001 6500    1200    4600    600     1700    2600    1400    500     100     200     400     1100    1200    500     900     500     100     800     200     
3200   2002 5800    3800    3000    2100    1700    1600    600     800     1100    800     100     800     700     600     300     500     0       100     0       
3200   2003 6600    2000    2900    1500    1100    1500    1200    800     700     400     300     400     800     300     400     700     400     100     1300    
3200   2004 3900    2700    2300    1900    1000    1200    1100    200     400     300     300     400     800     200     200     400     100     600     0       
3200   2005 7300    2100    4300    900     1800    2100    2300    900     0       500     400     900     700     500     900     900     700     700     200     
3200   2006 4000    2000    2700    500     500     1700    700     100     200     100     200     200     800     900     0       600     0       100     800     
3200   2007 6800    3000    2900    2800    1700    1000    1300    1500    500     100     1000    600     0       600     400     300     100     900     800     
3200   2008 6100    3400    2600    1400    1700    1400    2100    200     400     1000    300     400     600     100     700     500     1100    500     300     
3200   2009 4200    2400    3000    700     800     1500    1500    300     100     100     700     0       500     400     600     800     700     0       0       
3200   2010 3400    1000    2000    300     600     1300    1200    200     100     0       300     300     300     700     300     100     200     900     0       
3200   2011 5700    1800    3100    300     2100    1400    1500    200     100     400     1000    700     800     100     500     0       1300    200     400     
3200   2012 3800    2700    2700    1100    1300    500     1300    200     500     100     600     600     300     200     0       1000    300     0       0       
3200   2013 6500    600     3400    300     1500    1700    1700    200     100     0       800     700     1000    300     400     200     100     1400    1300    
3200   2014 6500    4500    3700    1700    2900    2100    200     300     100     1300    1200    400     500     800     800     0       0       200     900     
3200   2015 6400    2800    3100    1900    2400    1200    900     300     700     700     1100    600     400     500     300     200     600     100     900     
3200   2016 4300    3000    2700    1500    1200    2300    0       200     400     800     300     100     700     800     800     0       0       0       200     
3200   2017 6900    1900    4000    1000    2000    2800    600     300     500     900     600     500     1000    800     1000    100     100     400     700     
3200   2018 6600    2500    3700    1700    1100    2200    2200    800     200     300     700     100     800     100     1300    700     1500    0       100     
3200   2019 -999999 4300    -999999 1700    2200    -999999 -999999 600     1000    1100    500     600     500     -999999 -999999 -999999 -999999 -999999 -999999 
