EUROPEAN CLIMATE ASSESSMENT & DATASET (ECA&D), file created on: 20-01-2022
THESE DATA CAN BE USED FOR NON-COMMERCIAL RESEARCH AND EDUCATION PROVIDED THAT THE FOLLOWING SOURCE IS ACKNOWLEDGED: 

Klein Tank, A.M.G. and Coauthors, 2002. Daily dataset of 20th-century surface
air temperature and precipitation series for the European Climate Assessment.
Int. J. of Climatol., 22, 1441-1453.
Data and metadata available at http://www.ecad.eu

FILE FORMAT (MISSING VALUE CODE = -999999):

THIS FILE HOLDS DATA FOR STATION RUSSIAN FEDERATION                       ELABUGA                                  (STAID:   8452)
LATITUDE: dd:mm:ss +48:49:00
LONGITUDE: ddd:mm:ss +135:52:59
ELEVATION: m   62

DATA IS FOR INDEX Days with TN > 90th percentile of daily min temp (warm nights) (TN90p) with unit 0.01 No of days

01-06 SOUID: Source identifier
08-11 YEAR : YYYY
13-20 ANNUAL DATA VALUES
21-28 WINTER HALF YEAR DATA VALUES
29-36 SUMMER HALF YEAR DATA VALUES
37-44 WINTER (DJF) DATA VALUES
45-52 SPRING (MAM) DATA VALUES
53-60 SUMMER (JJA) DATA VALUES
61-68 AUTUMN (SON) DATA VALUES
69-76 JANUARY DATA VALUES
etc. 
157-164 DECEMBER DATA VALUES

8452   1959 -999999 -999999 -999999 -999999 -999999 -999999 1800    -999999 -999999 -999999 -999999 -999999 -999999 -999999 1100    800     700     300     100     
8452   1960 2600    1600    1400    500     200     600     1300    0       400     100     100     0       0       400     200     700     200     400     100     
8452   1961 4600    1300    2500    200     700     1400    1800    100     0       500     200     0       300     500     600     900     300     600     600     
8452   1962 4000    2700    2200    1800    700     500     1300    600     600     0       500     200     0       400     100     1000    300     0       300     
8452   1963 -999999 1500    -999999 1000    900     -999999 1100    700     0       200     500     200     100     500     -999999 200     500     400     0       
8452   1964 2200    1700    900     300     1200    200     500     300     0       500     300     400     0       0       200     0       400     100     0       
8452   1965 2700    1000    2000    400     400     800     1100    400     0       100     300     0       500     100     200     900     100     100     0       
8452   1966 3600    700     1500    400     600     800     1800    100     300     100     0       500     400     0       400     200     1500    100     0       
8452   1967 4000    -999999 2000    1100    1900    400     300     400     700     400     800     700     0       200     200     100     0       200     300     
8452   1968 5300    2500    1900    1400    2000    600     1100    600     500     900     400     700     300     100     200     200     300     600     500     
8452   1969 2500    2100    1200    900     500     500     1100    0       400     300     0       200     100     400     0       500     500     100     0       
8452   1970 4900    1100    3200    500     1300    1800    1000    200     300     0       600     700     400     800     600     100     400     500     300     
8452   1971 3100    2500    400     1500    300     100     1000    400     800     100     100     100     100     0       0       100     400     500     500     
8452   1972 3200    2600    -999999 800     -999999 400     700     100     200     900     -999999 300     0       400     0       400     100     200     0       
8452   1973 2700    400     2000    100     400     1400    800     100     0       0       0       400     500     500     400     200     100     500     0       
8452   1974 2500    900     2100    300     700     1100    400     300     0       0       400     300     300     700     100     300     100     0       0       
8452   1975 6100    2200    -999999 1700    1300    1500    -999999 1500    200     400     700     200     1100    200     200     100     800     700     0       
8452   1976 -999999 -999999 800     -999999 1000    200     300     -999999 400     500     100     400     100     100     0       100     100     100     100     
8452   1977 2700    900     1600    200     1200    800     500     0       100     500     200     500     300     300     200     100     100     300     100     
8452   1978 2400    600     1700    100     600     1100    500     0       0       100     100     400     500     400     200     100     200     200     200     
8452   1979 3800    1600    1400    1000    900     600     300     300     500     200     300     400     300     0       300     100     100     100     1200    
8452   1980 3700    2000    1600    1500    500     1400    700     100     200     300     0       200     700     500     200     0       0       700     800     
8452   1981 3200    1700    1800    900     800     900     600     100     0       100     400     300     100     600     200     200     400     0       800     
8452   1982 4500    2400    2200    1800    500     1800    400     100     900     200     300     0       200     700     900     100     100     200     800     
8452   1983 2900    1700    1600    1200    600     200     1600    400     0       200     400     0       0       100     100     1000    100     500     100     
8452   1984 4300    1300    2700    600     1200    1300    700     500     0       100     300     800     400     400     500     300     300     100     600     
8452   1985 4400    2300    2000    1400    1200    900     1400    0       800     500     200     500     100     0       800     400     500     500     100     
8452   1986 1900    1400    1100    300     600     600     100     0       200     100     300     200     300     0       300     0       100     0       400     
8452   1987 2500    1000    1400    700     600     700     700     200     100     200     200     200     600     0       100     300     400     0       200     
8452   1988 4600    1200    3100    800     400     2300    1100    600     0       0       300     100     1100    200     1000    400     200     500     200     
8452   1989 6300    4500    1900    2100    2100    1300    700     1100    800     1700    300     100     300     200     800     200     0       500     300     
8452   1990 7400    2400    2800    1100    1800    1500    2100    200     600     800     300     700     100     1100    300     300     1100    700     1200    
8452   1991 3600    4200    1500    2100    900     900     700     900     0       300     400     200     300     0       600     0       300     400     200     
8452   1992 3400    2500    1400    1100    1200    500     700     500     400     700     400     100     100     0       400     400     200     100     100     
8452   1993 4800    2600    1600    1900    600     1100    1300    700     1100    400     100     100     400     500     200     300     500     500     0       
8452   1994 5300    2500    2600    1300    600     1500    1800    0       1300    200     200     200     100     600     800     700     400     700     100     
8452   1995 6000    3100    1900    1400    1400    900     1500    800     500     600     300     500     400     400     100     200     1000    300     900     
8452   1996 2900    3200    1500    1800    500     800     700     400     500     100     200     200     100     600     100     300     100     300     0       
8452   1997 4800    1600    1700    1100    800     900     1200    400     700     100     400     300     400     300     200     100     300     800     800     
8452   1998 5700    3100    3000    1300    2300    800     1600    0       500     700     900     700     500     100     200     600     900     100     500     
8452   1999 4400    2600    2300    1400    500     1600    1200    500     400     200     300     0       100     1100    400     400     500     300     200     
8452   2000 4600    1500    3700    400     1400    1900    1000    100     100     300     400     700     200     500     1200    700     200     100     100     
8452   2001 3700    800     2000    300     1200    800     1300    100     100     200     600     400     100     0       700     200     500     600     200     
8452   2002 5200    4100    2100    2400    1900    600     500     900     1300    600     500     800     100     200     300     200     300     0       0       
8452   2003 4700    1400    2500    400     2100    600     1100    300     100     700     900     500     500     0       100     500     300     300     500     
8452   2004 4900    2100    2200    1300    700     1200    2100    300     500     200     200     300     600     300     300     500     500     1100    100     
8452   2005 4300    2700    2300    700     800     1300    1400    300     300     400     100     300     600     300     400     600     300     500     200     
8452   2006 4400    1500    2300    600     300     1900    1100    0       400     100     0       200     300     300     1300    200     700     200     700     
8452   2007 6200    4200    2300    3000    500     1600    1000    1700    600     300     0       200     500     200     900     500     400     100     800     
8452   2008 7300    4300    3300    1500    3400    1400    1300    200     500     2300    1100    0       700     600     100     800     300     200     500     
8452   2009 3500    1800    1700    1100    1100    600     1200    400     200     200     400     500     100     100     400     200     600     400     0       
8452   2010 6900    1900    4600    900     900     3000    2000    800     100     0       200     700     1800    500     700     700     500     800     100     
8452   2011 5600    2500    3300    1100    600     2600    1400    200     800     100     300     200     0       1800    800     200     800     400     0       
8452   2012 5600    1600    3900    100     1600    1600    2200    0       100     300     900     400     700     200     700     1000    400     800     100     
8452   2013 5700    1600    3700    300     700     2600    2100    100     100     100     100     500     900     800     900     500     100     1500    100     
8452   2014 4900    2600    3600    600     1500    1800    1000    100     400     400     600     500     1000    500     300     700     200     100     100     
8452   2015 5800    2600    2400    1200    1400    1400    1500    500     600     1100    200     100     300     600     500     700     400     400     400     
8452   2016 4300    2200    2700    800     1200    900     1300    200     200     600     300     300     200     300     400     1200    100     0       500     
8452   2017 5300    2600    2500    2200    1100    1300    700     900     800     300     200     600     200     800     300     400     100     200     500     
8452   2018 6200    2000    2500    1200    1000    1900    1700    600     100     500     400     100     400     1100    400     100     800     800     900     
8452   2019 -999999 5900    -999999 2900    2200    -999999 -999999 900     1100    1400    200     600     100     -999999 -999999 -999999 -999999 -999999 -999999 
