EUROPEAN CLIMATE ASSESSMENT & DATASET (ECA&D), file created on: 20-01-2022
THESE DATA CAN BE USED FOR NON-COMMERCIAL RESEARCH AND EDUCATION PROVIDED THAT THE FOLLOWING SOURCE IS ACKNOWLEDGED: 

Klein Tank, A.M.G. and Coauthors, 2002. Daily dataset of 20th-century surface
air temperature and precipitation series for the European Climate Assessment.
Int. J. of Climatol., 22, 1441-1453.
Data and metadata available at http://www.ecad.eu

FILE FORMAT (MISSING VALUE CODE = -999999):

THIS FILE HOLDS DATA FOR STATION NORWAY                                   KLEPP                                    (STAID:  18786)
LATITUDE: dd:mm:ss +58:47:44
LONGITUDE: ddd:mm:ss +005:37:30
ELEVATION: m   14

DATA IS FOR INDEX Days with TN > 90th percentile of daily min temp (warm nights) (TN90p) with unit 0.01 No of days

01-06 SOUID: Source identifier
08-11 YEAR : YYYY
13-20 ANNUAL DATA VALUES
21-28 WINTER HALF YEAR DATA VALUES
29-36 SUMMER HALF YEAR DATA VALUES
37-44 WINTER (DJF) DATA VALUES
45-52 SPRING (MAM) DATA VALUES
53-60 SUMMER (JJA) DATA VALUES
61-68 AUTUMN (SON) DATA VALUES
69-76 JANUARY DATA VALUES
etc. 
157-164 DECEMBER DATA VALUES

18786  1953 6700    -999999 3600    -999999 900     2800    2000    200     300     400     200     300     2100    400     300     300     800     900     500     
18786  1954 3000    2400    1900    600     900     900     500     100     0       100     100     700     400     300     200     200     0       300     600     
18786  1955 3900    1300    2200    1000    0       1400    2000    200     200     0       0       0       100     600     700     800     600     600     100     
18786  1956 2200    1600    800     400     0       500     1100    200     100     0       0       0       200     300     0       300     400     400     300     
18786  1957 3200    2200    1100    900     900     500     900     500     100     500     200     200     0       200     300     200     300     400     300     
18786  1958 3400    1200    2200    500     0       1700    1500    200     0       0       0       0       300     600     800     500     600     400     0       
18786  1959 5100    2400    2600    500     1700    1800    800     0       500     900     600     200     300     500     1000    0       300     500     300     
18786  1960 3800    1800    2800    900     800     1100    1100    400     200     100     300     400     300     100     700     1000    0       100     200     
18786  1961 6200    2600    2400    1100    2500    700     2000    0       900     1400    900     200     300     200     200     600     1300    100     100     
18786  1962 2300    2300    700     900     200     200     1000    400     400     0       200     0       100     100     0       300     300     400     100     
18786  1963 2200    800     1200    100     500     300     1000    0       0       0       400     100     0       0       300     400     400     200     400     
18786  1964 3900    2100    2000    1500    1200    700     700     500     600     0       700     500     200     100     400     100     100     500     200     
18786  1965 2100    1400    1200    400     600     700     600     200     0       400     200     0       400     100     200     300     300     0       0       
18786  1966 2500    900     1200    300     600     700     900     100     200     300     200     100     700     0       0       200     600     100     0       
18786  1967 4100    2000    1800    500     1100    1300    900     200     300     800     200     100     0       600     700     200     0       700     300     
18786  1968 4500    2000    2600    400     1700    900     1700    100     0       900     500     300     500     200     200     900     500     300     100     
18786  1969 3200    1400    2400    600     400     1800    500     500     0       0       300     100     400     600     800     200     300     0       0       
18786  1970 3500    300     2400    0       700     1500    500     0       0       0       300     400     700     100     700     200     0       300     800     
18786  1971 4500    2500    1100    2200    500     600     700     600     800     0       300     200     300     300     0       0       200     500     1300    
18786  1972 3800    2400    2300    1500    1500    900     500     100     100     200     500     800     200     400     300     100     200     200     700     
18786  1973 3500    2800    1500    1600    1100    1100    300     500     400     800     0       300     100     900     100     100     0       200     100     
18786  1974 4500    2200    1800    1900    800     400     900     900     900     100     100     600     100     100     200     700     0       200     600     
18786  1975 5100    1900    2200    1400    700     1500    1400    600     200     300     100     300     100     300     1100    300     700     400     700     
18786  1976 3000    2600    2000    1400    800     1300    200     200     500     100     100     600     500     500     300     0       100     100     0       
18786  1977 2400    400     600     0       300     300     1100    0       0       200     0       100     100     0       200     200     600     300     700     
18786  1978 3600    2600    1500    1300    700     1100    1100    300     300     400     100     200     400     300     400     100     400     600     100     
18786  1979 2500    1200    1200    100     500     600     1000    0       0       100     300     100     300     0       300     200     700     100     400     
18786  1980 4400    1300    3500    500     200     2200    1400    0       100     0       200     0       800     600     800     1100    0       300     500     
18786  1981 3800    1200    3200    800     1400    900     1200    100     200     100     300     1000    300     400     200     1000    200     0       0       
18786  1982 3200    700     2000    400     400     1100    1200    100     300     100     200     100     400     200     500     600     100     500     100     
18786  1983 4400    2300    1900    1200    1100    1100    800     1100    0       500     300     300     200     700     200     200     100     500     300     
18786  1984 4300    1200    2000    600     900     1100    1200    200     100     0       0       900     500     400     200     0       100     1100    800     
18786  1985 2100    2100    1400    800     900     500     600     0       0       100     200     600     100     200     200     100     500     0       100     
18786  1986 2100    700     800     100     500     400     700     0       0       100     0       400     100     200     100     0       100     600     500     
18786  1987 2600    1200    1000    500     100     900     1000    0       0       0       100     0       0       700     200     0       600     400     600     
18786  1988 4700    2700    2800    1700    1000    1500    700     800     300     0       300     700     200     1100    200     300     0       400     400     
18786  1989 7100    4400    2700    3300    1800    1200    1000    1900    1000    700     800     300     900     100     200     400     400     200     200     
18786  1990 7600    5000    2600    3200    2200    1400    800     1300    1700    1200    400     600     600     300     500     200     300     300     200     
18786  1991 5500    2000    3100    500     1900    1900    1000    200     100     900     1000    0       0       900     1000    200     100     700     400     
18786  1992 6000    3300    3500    1700    2200    1800    400     500     800     800     500     900     1400    400     0       300     0       100     300     
18786  1993 3700    1800    2300    1200    2400    200     200     200     700     500     1000    900     200     0       0       200     0       0       0       
18786  1994 5000    300     2900    100     1300    1600    1300    100     0       200     1000    100     100     1100    400     200     300     800     700     
18786  1995 7100    3100    4000    1600    1300    2000    2900    400     500     400     500     400     400     1100    500     1100    1300    500     0       
18786  1996 4200    2400    2900    600     800     2100    700     400     200     0       700     100     100     300     1700    0       600     100     0       
18786  1997 8500    2600    5500    1000    1800    4200    1000    400     600     900     600     300     900     1500    1800    400     200     400     500     
18786  1998 6200    4200    2500    3200    1000    700     1300    900     1800    400     400     200     500     100     100     1200    100     0       500     
18786  1999 7900    2100    4900    1500    1700    1700    3500    700     300     500     1100    100     500     800     400     2000    500     1000    0       
18786  2000 8000    3500    3600    1600    2100    1000    2300    900     700     400     1500    200     500     200     300     900     600     800     1000    
18786  2001 6300    3200    3300    1700    500     2500    2300    400     300     100     400     0       300     1400    800     400     1400    500     300     
18786  2002 10100   4300    7800    2100    2300    4800    1200    1100    700     300     1000    1000    1400    700     2700    1000    100     100     0       
18786  2003 8400    1500    6000    1100    1500    4000    1200    800     300     200     700     600     1100    2100    800     700     0       500     600     
18786  2004 7900    2400    5100    1300    2700    2300    1200    100     600     600     1500    600     400     100     1800    700     200     300     1000    
18786  2005 6600    2800    3500    2200    1100    1600    2400    1000    200     100     700     300     400     800     400     900     800     700     300     
18786  2006 11900   2600    7300    900     1200    4100    4200    300     300     200     100     900     500     1900    1700    2200    800     1200    1800    
18786  2007 7700    5900    4800    3200    2400    2900    600     900     500     700     1300    400     1300    1000    600     200     300     100     400     
18786  2008 9000    3400    5000    2400    2100    2900    1700    600     1400    600     900     600     600     1500    800     600     700     400     300     
18786  2009 8700    2700    6200    800     3000    3200    1600    400     100     800     1700    500     600     1700    900     800     0       800     400     
18786  2010 5100    1600    4400    400     1500    2600    1000    0       0       400     1000    100     100     1400    1100    700     300     0       0       
18786  2011 8600    700     5600    200     2000    2800    3100    200     0       200     1200    600     700     1300    800     1000    1100    1000    500     
18786  2012 6800    5400    3200    1700    2500    1900    1100    300     900     1600    300     600     400     700     800     400     0       700     100     
18786  2013 6500    1300    3800    600     800     1900    2300    500     0       0       200     600     400     900     600     1100    700     500     1000    
18786  2014 11300   5500    5800    3100    3100    3300    2700    700     1400    1200    1200    700     600     2100    600     600     900     1200    100     
18786  2015 8300    4200    3100    1300    1400    1900    2200    500     700     800     500     100     0       500     1400    600     600     1000    1600    
18786  2016 9400    4800    6700    2500    2700    2700    2400    400     500     700     1100    900     1100    800     800     2000    200     200     700     
18786  2017 5200    2600    2800    1800    1600    1100    1100    500     600     400     700     500     600     500     0       500     600     0       300     
18786  2018 7900    1000    5700    400     2700    2500    2000    0       100     0       1400    1300    700     1000    800     500     500     1000    600     
18786  2019 8200    4900    4600    2500    2300    2800    700     400     1500    900     1200    200     600     800     1400    400     300     0       500     
18786  2020 10300   3500    4500    2700    1100    3300    2900    1100    1100    500     500     100     1400    300     1600    600     800     1500    800     
18786  2021 8500    4600    4800    1500    1200    3300    3000    0       700     800     200     200     800     2000    500     1100    1000    900     300     
