EUROPEAN CLIMATE ASSESSMENT & DATASET (ECA&D), file created on: 20-01-2022
THESE DATA CAN BE USED FOR NON-COMMERCIAL RESEARCH AND EDUCATION PROVIDED THAT THE FOLLOWING SOURCE IS ACKNOWLEDGED: 

Klein Tank, A.M.G. and Coauthors, 2002. Daily dataset of 20th-century surface
air temperature and precipitation series for the European Climate Assessment.
Int. J. of Climatol., 22, 1441-1453.
Data and metadata available at http://www.ecad.eu

FILE FORMAT (MISSING VALUE CODE = -999999):

THIS FILE HOLDS DATA FOR STATION CZECH REPUBLIC                           SUMPERK                                  (STAID:   3562)
LATITUDE: dd:mm:ss +49:58:27
LONGITUDE: ddd:mm:ss +016:58:03
ELEVATION: m  328

DATA IS FOR INDEX Days with TN > 90th percentile of daily min temp (warm nights) (TN90p) with unit 0.01 No of days

01-06 SOUID: Source identifier
08-11 YEAR : YYYY
13-20 ANNUAL DATA VALUES
21-28 WINTER HALF YEAR DATA VALUES
29-36 SUMMER HALF YEAR DATA VALUES
37-44 WINTER (DJF) DATA VALUES
45-52 SPRING (MAM) DATA VALUES
53-60 SUMMER (JJA) DATA VALUES
61-68 AUTUMN (SON) DATA VALUES
69-76 JANUARY DATA VALUES
etc. 
157-164 DECEMBER DATA VALUES

3562   1952 -999999 -999999 -999999 -999999 -999999 1200    300     -999999 -999999 -999999 -999999 1200    100     500     600     100     0       200     0       
3562   1953 4500    700     2300    500     700     1400    1400    100     400     0       300     400     900     400     100     200     1000    200     500     
3562   1954 2900    1800    1700    600     700     900     500     100     0       0       200     500     700     0       200     100     300     100     700     
3562   1955 1100    1200    700     800     0       400     400     0       100     0       0       0       300     100     0       300     100     0       200     
3562   1956 1300    300     1000    200     300     600     200     0       0       0       200     100     400     100     100     100     100     0       200     
3562   1957 2000    900     700     500     400     600     500     200     100     300     100     0       200     400     0       0       0       500     200     
3562   1958 2000    700     800     200     400     300     900     0       0       0       0       400     100     100     100     100     500     300     400     
3562   1959 1700    1400    100     400     300     0       700     0       0       200     100     0       0       0       0       0       200     500     700     
3562   1960 7000    2800    2500    1400    1000    1400    2600    500     200     700     200     100     500     400     500     800     1000    800     1300    
3562   1961 4600    4300    2200    1700    1800    1000    1000    300     100     800     800     200     500     200     300     200     800     0       400     
3562   1962 2500    2000    1400    1100    800     500     500     700     0       100     500     200     200     0       300     200     0       300     0       
3562   1963 4300    300     3000    0       900     1500    1900    0       0       0       500     400     700     200     600     600     0       1300    0       
3562   1964 3600    1800    2300    500     400     1800    600     100     400     0       300     100     900     800     100     100     0       500     300     
3562   1965 1000    1100    700     500     100     400     300     200     0       100     0       0       100     100     200     300     0       0       0       
3562   1966 5200    1800    1700    1400    1100    900     1800    100     1300    400     700     0       100     500     300     100     1600    100     0       
3562   1967 4500    3000    2100    600     1200    1000    1600    100     500     700     400     100     200     400     400     600     800     200     100     
3562   1968 3700    2100    1700    900     600     1000    1300    300     500     200     100     300     400     200     400     300     400     600     0       
3562   1969 3300    1100    2400    100     1100    1000    1100    100     0       0       400     700     400     500     100     300     200     600     0       
3562   1970 2700    1200    1400    400     300     1000    800     400     0       0       100     200     300     300     400     100     100     600     200     
3562   1971 5700    2400    3600    1300    2000    2000    0       800     300     400     600     1000    400     300     1300    0       0       0       600     
3562   1972 4800    2900    1400    2200    900     1000    700     100     1500    700     -999999 100     200     600     200     200     100     400     600     
3562   1973 2100    1500    1300    800     400     900     200     0       200     200     100     100     200     500     200     200     0       0       400     
3562   1974 4100    2700    1400    2200    600     1200    100     700     1100    500     100     0       100     100     1000    100     0       0       400     
3562   1975 4800    2000    2900    1600    1000    1400    1100    1200    0       400     300     300     900     200     300     900     200     0       100     
3562   1976 3000    500     700     200     400     200     2000    100     0       100     200     100     0       100     100     200     900     900     300     
3562   1977 4100    3900    1500    1000    1900    600     800     200     500     1100    300     500     600     0       0       100     300     400     100     
3562   1978 1100    1000    500     200     500     0       200     0       100     100     0       400     0       0       0       100     100     0       300     
3562   1979 1800    400     400     300     200     200     400     0       0       0       0       200     200     0       0       0       200     200     1000    
3562   1980 1700    1600    700     1000    200     600     600     0       0       200     0       0       200     200     200     100     100     400     300     
3562   1981 3000    1500    1800    600     600     700     1400    100     200     400     100     100     400     100     200     900     200     300     0       
3562   1982 3300    600     2000    100     200     1300    1300    100     0       0       0       200     300     800     200     500     400     400     400     
3562   1983 5200    3000    2300    1700    1700    900     200     1300    0       500     900     300     100     600     200     200     0       0       1100    
3562   1984 2300    1500    700     1400    700     100     1100    200     100     100     100     500     0       100     0       0       600     500     100     
3562   1985 3300    1200    2200    100     1200    800     300     0       0       0       300     900     300     200     300     200     100     0       1000    
3562   1986 4100    1400    3400    1300    1600    1500    600     300     0       0       700     900     600     200     700     300     0       300     100     
3562   1987 6700    1000    3600    600     700     1700    3100    100     400     100     300     300     400     800     500     1300    1300    500     700     
3562   1988 3700    4000    1500    2100    900     400     600     1100    300     100     200     600     0       300     100     300     300     0       400     
3562   1989 -999999 1800    2700    1000    1300    1500    -999999 300     300     500     600     200     200     700     600     400     -999999 -999999 -999999 
3562   1990 -999999 -999999 1600    -999999 -999999 800     1000    -999999 -999999 -999999 400     300     400     300     100     100     400     500     100     
3562   1991 5800    3000    3300    800     1800    2200    1100    700     0       1300    400     100     100     1300    800     600     200     300     0       
3562   1992 7600    2300    4900    1300    1600    3800    300     700     600     500     700     400     1100    1000    1700    0       300     0       600     
3562   1993 5200    2200    2500    1500    1500    1100    1100    900     0       400     300     800     500     300     300     300     600     200     600     
3562   1994 6800    4100    3500    1900    1900    1900    1200    1200    100     1400    300     200     500     600     800     1100    100     0       500     
3562   1995 4000    1400    2400    1200    900     1400    1000    200     500     100     600     200     100     900     400     200     800     0       0       
3562   1996 4200    1100    3000    300     1200    1400    1300    300     0       0       300     900     800     400     200     400     400     500     0       
3562   1997 4800    1300    2600    100     800     1500    1200    0       100     300     100     400     700     300     500     600     200     400     1200    
3562   1998 4600    3700    2300    2600    700     1700    600     600     800     500     200     0       600     600     500     400     200     0       200     
3562   1999 5100    900     3800    200     1600    1600    1900    0       0       500     600     500     300     1100    200     1100    600     200     0       
3562   2000 6600    2000    2000    400     1800    1000    2300    0       400     800     700     300     500     200     300     0       1100    1200    1100    
3562   2001 4600    4600    2400    1500    1100    2000    1100    400     0       800     0       300     100     1100    800     100     1000    0       0       
3562   2002 6900    2400    3900    900     2100    2200    1300    200     700     500     500     1100    600     600     1000    100     200     1000    400     
3562   2003 4200    1700    2700    500     800     1800    1300    100     0       0       0       800     700     700     400     100     100     1100    200     
3562   2004 3400    1900    1700    400     1100    800     1200    100     100     300     600     200     200     400     200     100     900     200     100     
3562   2005 3800    2000    2600    800     800     1400    900     700     0       100     400     300     200     1000    200     500     400     0       0       
3562   2006 5500    400     3000    0       600     2300    1500    0       0       0       400     200     900     900     500     100     500     900     1100    
3562   2007 6800    5600    2600    3700    1200    1900    600     1600    1000    500     0       700     700     600     600     0       400     200     500     
3562   2008 7000    3000    2500    2000    1100    1400    2000    1000    500     400     400     300     500     500     400     400     500     1100    1000    
3562   2009 5300    3600    2900    1400    1300    1900    900     100     300     600     400     300     300     900     700     300     300     300     800     
3562   2010 4400    1600    2900    900     800     2000    1300    100     0       100     100     600     500     800     700     200     300     800     200     
3562   2011 4600    2400    2700    1200    300     2200    600     800     200     100     200     0       800     500     900     300     200     100     500     
3562   2012 6300    2200    3700    1400    1400    2600    1400    600     300     500     100     800     500     1100    1000    200     100     1100    0       
3562   2013 5800    2100    3300    500     1400    2000    1300    300     200     400     400     600     800     600     600     300     900     100     600     
3562   2014 10200   4500    3800    2800    1700    2000    3000    1600    600     700     500     500     300     1100    600     800     700     1500    1300    
3562   2015 9100    5700    4700    3100    1000    3400    1500    1000    800     400     200     400     400     1000    2000    700     400     400     1400    
3562   2016 -999999 4600    -999999 3200    -999999 1400    1200    600     1200    600     300     -999999 400     600     400     500     200     500     200     
3562   2017 4300    1400    3000    200     1200    2200    400     0       0       500     300     400     500     400     1300    100     200     100     500     
3562   2018 7900    2200    5700    1500    2500    2900    1100    900     100     400     1000    1100    1200    500     1200    700     100     300     400     
3562   2019 -999999 2200    4500    800     1600    3400    -999999 100     300     1000    400     200     1400    700     1300    500     -999999 1400    800     
3562   2020 8000    -999999 2500    2200    900     2100    1800    200     1200    800     0       100     1000    100     1000    300     700     800     1800    
3562   2021 -999999 3500    3500    2000    400     2800    800     100     100     0       100     300     900     1500    400     300     100     400     -999999 
