EUROPEAN CLIMATE ASSESSMENT & DATASET (ECA&D), file created on: 20-01-2022
THESE DATA CAN BE USED FOR NON-COMMERCIAL RESEARCH AND EDUCATION PROVIDED THAT THE FOLLOWING SOURCE IS ACKNOWLEDGED: 

Klein Tank, A.M.G. and Coauthors, 2002. Daily dataset of 20th-century surface
air temperature and precipitation series for the European Climate Assessment.
Int. J. of Climatol., 22, 1441-1453.
Data and metadata available at http://www.ecad.eu

FILE FORMAT (MISSING VALUE CODE = -999999):

THIS FILE HOLDS DATA FOR STATION SPAIN                                    AVILA-AYUNTAMIENTO                       (STAID:   3915)
LATITUDE: dd:mm:ss +40:39:20
LONGITUDE: ddd:mm:ss -004:41:57
ELEVATION: m 1143

DATA IS FOR INDEX Days with TN > 90th percentile of daily min temp (warm nights) (TN90p) with unit 0.01 No of days

01-06 SOUID: Source identifier
08-11 YEAR : YYYY
13-20 ANNUAL DATA VALUES
21-28 WINTER HALF YEAR DATA VALUES
29-36 SUMMER HALF YEAR DATA VALUES
37-44 WINTER (DJF) DATA VALUES
45-52 SPRING (MAM) DATA VALUES
53-60 SUMMER (JJA) DATA VALUES
61-68 AUTUMN (SON) DATA VALUES
69-76 JANUARY DATA VALUES
etc. 
157-164 DECEMBER DATA VALUES

3915   1956 -999999 -999999 -999999 -999999 -999999 -999999 400     -999999 -999999 -999999 -999999 -999999 -999999 300     0       200     200     0       -999999 
3915   1957 -999999 -999999 2300    -999999 1600    1800    800     100     -999999 1400    100     100     500     600     700     300     500     0       0       
3915   1958 5400    2500    2600    1400    1700    1000    600     400     1000    600     300     800     200     200     600     500     100     0       700     
3915   1959 4400    2400    1600    1600    800     1400    800     900     0       700     100     0       100     1200    100     100     600     100     500     
3915   1960 -999999 2600    -999999 1700    1700    -999999 -999999 700     500     200     700     800     900     200     -999999 -999999 -999999 -999999 -999999 
3915   1961 7100    -999999 3300    -999999 2000    1400    1300    300     1300    600     500     900     900     100     400     500     300     500     800     
3915   1962 5000    2700    3000    1400    1300    1500    1300    600     0       500     300     500     300     400     800     700     600     0       300     
3915   1963 2500    1700    900     600     600     800     800     300     0       500     0       100     200     500     100     0       300     500     0       
3915   1964 6800    2000    5600    800     2500    1900    1600    300     500     400     400     1700    500     1000    400     1600    0       0       0       
3915   1965 5500    1300    3100    200     2300    1800    700     0       200     1100    300     900     1300    100     400     100     600     0       500     
3915   1966 6400    3600    3300    3000    1200    1400    1200    1700    800     0       400     800     500     600     300     700     300     200     100     
3915   1967 4600    1900    1900    600     1100    1400    1500    300     200     800     300     0       300     800     300     200     800     500     100     
3915   1968 4400    1800    2500    400     500     1800    1500    0       300     100     300     100     500     800     500     300     900     300     300     
3915   1969 3200    2200    2300    600     1200    1500    200     300     0       400     400     400     100     800     600     0       200     0       0       
3915   1970 4200    900     2700    700     1000    1100    1400    700     0       0       500     500     500     400     200     600     200     600     0       
3915   1971 1900    1000    1000    200     300     300     1000    200     0       0       300     0       0       200     100     400     600     0       100     
3915   1972 2100    900     900     200     700     300     800     0       100     100     200     400     0       100     200     0       200     600     200     
3915   1973 3100    1100    2700    200     1000    1600    500     0       0       100     400     500     100     400     1100    200     100     200     0       
3915   1974 3400    1400    1700    1000    500     1300    400     1000    0       100     0       400     500     500     300     0       0       400     200     
3915   1975 2900    1400    1600    900     600     1100    500     700     0       100     400     100     200     200     700     0       400     100     0       
3915   1976 2200    700     1000    100     500     600     100     0       100     100     100     300     400     0       200     0       100     0       900     
3915   1977 4500    2500    1100    1900    1300    0       1200    300     700     500     800     0       0       0       0       300     900     0       1000    
3915   1978 4000    3200    900     2000    500     500     700     200     800     300     200     0       200     100     200     200     300     200     1300    
3915   1979 4200    3400    1900    2700    600     1200    700     400     1000    200     200     200     300     500     400     300     400     0       300     
3915   1980 4200    1900    2100    1000    900     800     1700    300     400     500     200     200     200     0       600     900     400     400     100     
3915   1981 5000    1900    2700    100     1800    1700    800     0       0       1000    500     300     800     600     300     200     400     200     700     
3915   1982 -999999 -999999 -999999 1800    -999999 -999999 -999999 800     300     -999999 -999999 -999999 -999999 -999999 -999999 -999999 -999999 -999999 -999999 
3915   1983 2500    -999999 700     -999999 300     400     1300    200     -999999 200     100     0       400     0       0       200     200     900     100     
3915   1984 1100    1400    -999999 300     -999999 100     300     200     0       0       500     -999999 0       100     0       100     0       200     0       
3915   1985 2300    700     500     500     200     200     1000    0       500     0       200     0       0       200     0       100     100     800     400     
3915   1986 900     1400    800     500     200     300     300     0       100     0       0       200     0       300     0       300     0       0       0       
3915   1987 2900    1100    900     500     900     400     800     300     200     600     200     100     100     0       300     200     100     500     300     
3915   1988 2800    1200    1100    600     700     100     1700    300     0       0       600     100     0       0       100     300     300     1100    0       
3915   1989 3800    1700    800     200     600     300     1400    0       200     100     0       500     0       200     100     0       400     1000    1300    
3915   1990 2700    3400    1400    1800    200     1000    800     0       500     200     0       0       300     400     300     400     300     100     200     
3915   1991 1300    900     800     500     400     300     300     300     0       0       100     300     100     100     100     100     0       200     0       
3915   1992 2100    400     1500    200     700     800     100     100     100     0       0       700     0       400     400     0       0       100     300     
3915   1993 900     400     600     300     0       600     100     0       0       0       0       0       0       0       600     0       0       100     200     
3915   1994 1400    600     600     200     700     200     200     0       0       300     100     300     0       100     100     0       100     100     300     
3915   1995 4600    1500    1300    1200    1000    400     1400    400     500     100     200     700     200     200     0       0       400     1000    900     
3915   1996 2300    3200    600     1700    200     500     500     600     200     100     0       100     300     200     0       0       100     400     300     
3915   1997 3700    1400    1700    800     900     600     1400    0       500     100     600     200     100     100     400     300     900     200     300     
3915   1998 4000    3200    1800    1500    1000    1100    600     400     800     600     100     300     300     200     600     300     100     200     100     
3915   1999 3000    600     1900    200     900     1100    600     0       100     100     400     400     300     400     400     0       500     100     300     
3915   2000 3000    1400    1500    700     400     1000    600     100     300     100     100     200     800     0       200     200     0       400     600     
3915   2001 5500    3200    2500    1500    2400    1400    600     600     300     1300    400     700     800     300     300     0       600     0       200     
3915   2002 4100    1700    2000    900     600     1500    400     700     0       200     200     200     1100    400     0       100     200     100     900     
3915   2003 5100    2000    4000    1100    1200    3200    400     200     0       600     300     300     1500    400     1300    200     100     100     100     
3915   2004 3800    1300    2300    900     300     1900    700     600     200     200     0       100     1100    400     400     300     400     0       100     
3915   2005 6300    1400    4400    200     2600    2500    800     100     0       800     700     1100    1600    400     500     100     500     200     300     
3915   2006 6700    1500    4300    400     2200    1900    2100    0       100     400     600     1200    1000    900     0       600     700     800     400     
3915   2007 2300    2800    1200    1200    500     600     300     200     600     100     300     100     100     100     400     200     100     0       100     
3915   2008 3800    1300    2000    1100    900     1200    500     500     500     100     300     500     400     200     600     0       500     0       200     
3915   2009 6100    1600    3200    1000    700     2000    2400    600     200     100     0       600     800     200     1000    600     1000    800     200     
3915   2010 5700    3100    4000    800     2000    2400    200     500     100     500     800     700     600     900     900     100     100     0       500     
3915   2011 5900    1300    4100    1100    2600    1200    1400    600     0       100     1300    1200    500     100     600     400     100     900     100     
3915   2012 4100    1200    2600    200     800     1500    1100    0       100     0       100     700     700     0       800     300     300     500     600     
3915   2013 4200    2400    2000    1100    1100    1000    1500    400     100     500     300     300     0       700     300     400     800     300     100     
3915   2014 5700    2400    2800    900     2300    700     1900    600     200     400     1300    600     500     100     100     200     1000    700     0       
3915   2015 7100    2600    4400    400     2100    2700    1200    100     300     500     600     1000    900     1300    500     100     800     300     700     
3915   2016 5300    3300    2900    2200    400     1900    1200    1000    500     0       300     100     500     600     800     600     400     200     300     
3915   2017 8700    1900    6100    1100    2800    3400    1200    300     500     200     1300    1300    1800    600     1000    100     700     400     500     
3915   2018 5200    2400    3100    1200    1600    1200    1700    400     300     100     1100    400     500     0       700     400     700     600     0       
3915   2019 4400    1600    2600    300     400     2100    900     100     200     0       100     300     900     900     300     100     400     400     700     
3915   2020 7900    3200    5100    1800    3500    1900    900     500     600     600     1400    1500    500     900     500     300     0       600     500     
3915   2021 5500    3200    2000    2100    1500    800     900     600     1000    500     600     400     500     0       300     200     600     100     700     
