EUROPEAN CLIMATE ASSESSMENT & DATASET (ECA&D), file created on: 20-01-2022
THESE DATA CAN BE USED FOR NON-COMMERCIAL RESEARCH AND EDUCATION PROVIDED THAT THE FOLLOWING SOURCE IS ACKNOWLEDGED: 

Klein Tank, A.M.G. and Coauthors, 2002. Daily dataset of 20th-century surface
air temperature and precipitation series for the European Climate Assessment.
Int. J. of Climatol., 22, 1441-1453.
Data and metadata available at http://www.ecad.eu

FILE FORMAT (MISSING VALUE CODE = -999999):

THIS FILE HOLDS DATA FOR STATION GERMANY                                  BRAMSCHE                                 (STAID:   4875)
LATITUDE: dd:mm:ss +52:24:18
LONGITUDE: ddd:mm:ss +007:58:23
ELEVATION: m   58

DATA IS FOR INDEX Days with TN > 90th percentile of daily min temp (warm nights) (TN90p) with unit 0.01 No of days

01-06 SOUID: Source identifier
08-11 YEAR : YYYY
13-20 ANNUAL DATA VALUES
21-28 WINTER HALF YEAR DATA VALUES
29-36 SUMMER HALF YEAR DATA VALUES
37-44 WINTER (DJF) DATA VALUES
45-52 SPRING (MAM) DATA VALUES
53-60 SUMMER (JJA) DATA VALUES
61-68 AUTUMN (SON) DATA VALUES
69-76 JANUARY DATA VALUES
etc. 
157-164 DECEMBER DATA VALUES

4875   1947 5900    -999999 4500    -999999 1700    2000    2000    0       0       500     500     700     1000    800     200     1300    100     600     200     
4875   1948 6600    3100    3400    1700    1900    1600    1300    600     900     700     700     500     500     400     700     600     200     500     300     
4875   1949 5400    1900    3600    1100    1200    1300    2000    200     600     100     900     200     300     300     700     1200    700     100     100     
4875   1950 4400    2300    2700    800     1200    2000    400     200     500     700     100     400     1100    400     500     200     200     0       100     
4875   1951 3700    900     2200    400     600     1300    1100    200     100     300     200     100     100     400     800     600     0       500     400     
4875   1952 -999999 -999999 -999999 -999999 -999999 -999999 -999999 100     -999999 -999999 -999999 -999999 -999999 -999999 -999999 -999999 -999999 -999999 -999999 
4875   1953 -999999 -999999 -999999 -999999 -999999 -999999 -999999 -999999 -999999 -999999 -999999 -999999 -999999 -999999 -999999 -999999 -999999 -999999 -999999 
4875   1954 -999999 -999999 -999999 -999999 -999999 -999999 -999999 -999999 -999999 -999999 -999999 -999999 -999999 -999999 -999999 -999999 -999999 -999999 -999999 
4875   1955 -999999 -999999 -999999 -999999 -999999 -999999 -999999 -999999 -999999 -999999 -999999 -999999 -999999 -999999 -999999 -999999 -999999 -999999 -999999 
4875   1956 -999999 -999999 -999999 -999999 -999999 -999999 -999999 -999999 -999999 -999999 -999999 -999999 -999999 -999999 -999999 -999999 -999999 -999999 -999999 
4875   1957 -999999 -999999 -999999 -999999 -999999 -999999 -999999 -999999 -999999 -999999 -999999 -999999 -999999 -999999 -999999 -999999 -999999 -999999 -999999 
4875   1958 -999999 -999999 -999999 -999999 -999999 -999999 -999999 -999999 -999999 -999999 -999999 -999999 -999999 -999999 -999999 -999999 -999999 -999999 -999999 
4875   1959 -999999 -999999 -999999 -999999 -999999 -999999 -999999 -999999 -999999 -999999 -999999 -999999 -999999 -999999 -999999 -999999 -999999 -999999 -999999 
4875   1960 -999999 -999999 -999999 -999999 -999999 -999999 -999999 -999999 -999999 -999999 -999999 -999999 -999999 -999999 -999999 -999999 -999999 -999999 -999999 
4875   1961 5200    -999999 2700    -999999 1600    400     1900    100     1000    700     700     200     200     0       200     1400    400     100     200     
4875   1962 1500    1300    700     700     400     200     400     400     100     100     200     100     200     0       0       200     200     0       0       
4875   1963 2500    300     1300    0       700     600     1200    0       0       100     400     200     300     100     200     100     100     1000    0       
4875   1964 3300    1600    2000    300     1200    600     900     0       300     200     500     500     300     200     100     400     0       500     300     
4875   1965 1800    1400    900     500     600     700     200     200     0       400     0       200     400     300     0       0       100     100     100     
4875   1966 5300    1900    2700    1500    1600    1300    900     400     1000    200     900     500     700     400     200     0       900     0       100     
4875   1967 3700    2600    1200    1300    700     500     1100    400     800     400     0       300     0       300     200     400     600     100     200     
4875   1968 3400    1400    1700    400     900     900     1400    200     0       300     600     0       200     100     600     200     800     400     0       
4875   1969 3500    1400    2800    200     1100    1600    600     200     0       0       200     900     200     1000    400     100     300     200     0       
4875   1970 2300    500     1300    0       800     400     900     0       0       0       600     200     300     0       100     100     300     500     200     
4875   1971 3900    1900    1500    1100    600     900     800     500     400     0       0       600     0       300     600     0       500     300     700     
4875   1972 2300    1700    1400    800     700     800     300     0       100     100     300     300     100     600     100     0       0       300     400     
4875   1973 2200    1200    1300    800     300     900     500     100     300     100     0       200     300     200     400     200     100     200     100     
4875   1974 3500    1600    800     1100    300     400     600     600     400     200     100     0       200     0       200     300     0       300     1200    
4875   1975 4400    3700    2200    3100    500     1500    500     1600    300     300     100     100     300     600     600     500     0       0       0       
4875   1976 2600    900     800     900     100     600     1000    600     300     0       100     0       200     300     100     100     500     400     0       
4875   1977 4400    2500    1300    800     1100    800     1100    200     600     800     200     100     500     100     200     200     200     700     600     
4875   1978 2600    2400    800     900     900     400     800     0       300     600     100     200     200     200     0       100     200     500     200     
4875   1979 2800    1000    1400    200     600     700     500     0       0       100     0       500     500     100     100     200     200     100     1000    
4875   1980 3800    2000    1600    1500    300     1500    900     0       500     200     100     0       500     300     700     0       200     700     600     
4875   1981 4800    3200    2700    900     2400    1400    700     0       300     1400    600     400     600     200     600     300     0       400     0       
4875   1982 -999999 -999999 3500    -999999 -999999 1800    1700    -999999 -999999 -999999 200     700     800     400     600     800     200     700     100     
4875   1983 6100    2700    3400    1200    1000    2700    1000    1100    0       600     400     0       500     1200    1000    300     400     300     300     
4875   1984 2400    1400    1100    500     200     900     1000    200     0       200     0       0       100     300     500     200     600     200     100     
4875   1985 4300    1200    2400    200     2000    400     700     0       100     200     800     1000    200     200     0       200     400     100     1100    
4875   1986 3400    1800    2300    1300    800     1500    500     200     0       0       100     700     700     600     200     0       100     400     400     
4875   1987 4500    1100    2700    400     900     1300    1300    0       0       200     600     100     300     400     600     700     200     400     1000    
4875   1988 5300    3200    2400    2400    1500    700     1200    1100    300     200     300     1000    200     300     200     400     400     400     500     
4875   1989 6000    2800    3000    1500    1100    1500    1900    600     400     500     500     100     300     600     600     900     900     100     500     
4875   1990 4900    4100    1500    2400    1100    1100    800     1000    900     700     100     300     600     100     400     0       500     300     0       
4875   1991 4200    2500    2300    800     1400    1600    400     600     200     900     400     100     100     900     600     200     100     100     0       
4875   1992 4900    1500    3200    1000    1700    1800    300     400     600     300     300     1100    500     500     800     0       0       300     100     
4875   1993 3700    1300    2500    800     1900    800     0       600     100     200     1000    700     400     300     100     0       0       0       300     
4875   1994 6500    1700    3800    900     1800    2700    1000    600     0       800     700     300     500     1600    600     100     200     700     400     
4875   1995 6100    2800    3500    1800    1400    2100    1200    200     1200    100     800     500     100     1200    800     100     900     200     0       
4875   1996 3000    1100    2300    0       800     1400    800     0       0       0       500     300     500     100     800     100     300     400     0       
4875   1997 6500    2400    3800    1100    1700    2500    600     0       1100    600     400     700     500     500     1500    200     300     100     600     
4875   1998 8200    4200    4000    2700    3300    1100    1200    800     1300    1100    1200    1000    700     100     300     700     500     0       500     
4875   1999 9800    2700    6400    1500    2900    1900    3600    800     200     700     1400    800     0       1200    700     2300    500     800     400     
4875   2000 7500    3200    4300    1400    2600    1500    1400    300     700     500     900     1200    800     200     500     700     500     200     1000    
4875   2001 6300    2700    3600    1700    1600    2200    1700    300     400     300     600     700     400     900     900     100     1500    100     100     
4875   2002 8700    3900    6000    1800    2100    3900    900     800     900     500     500     1100    1100    700     2100    500     0       400     100     
4875   2003 6700    1500    5100    600     1900    3400    800     500     0       500     500     900     1100    900     1400    300     0       500     100     
4875   2004 6700    2200    4200    1100    1700    2800    1000    0       1000    600     700     400     400     700     1700    300     600     100     200     
4875   2005 4400    2600    2200    1000    1500    800     1300    800     0       900     200     400     300     400     100     800     100     400     0       
4875   2006 6400    1000    3000    100     800     1700    2700    0       100     400     200     200     300     1100    300     900     1000    800     1100    
4875   2007 5700    5000    3100    2700    2000    1500    200     1200    400     500     1000    500     1100    300     100     100     0       100     400     
4875   2008 4400    2200    2200    1700    1000    1500    600     900     400     400     100     500     400     500     600     100     100     400     0       
4875   2009 3900    800     2000    300     1000    1000    1400    0       300     0       1000    0       300     400     300     0       200     1200    200     
4875   2010 3000    2000    1700    200     700     1400    900     0       0       400     300     0       300     900     200     0       300     600     0       
4875   2011 4500    2100    2600    800     1400    900     1100    500     300     400     800     200     500     0       400     700     300     100     300     
4875   2012 4900    2000    2500    900     2600    600     600     300     300     700     600     1300    300     100     200     0       500     100     500     
4875   2013 3800    1900    1800    1300    600     1000    1100    800     0       0       500     100     500     300     200     200     700     200     300     
4875   2014 6100    2700    3300    1200    2100    1700    1100    600     300     600     1100    400     400     1200    100     100     600     400     300     
4875   2015 4900    1700    1500    600     200     1300    1500    300     0       100     0       100     100     500     700     100     200     1200    1600    
4875   2016 5900    4100    4200    2400    1400    2500    800     300     500     300     300     800     1100    700     700     600     0       200     400     
4875   2017 4500    1500    2500    900     1500    1400    800     0       500     400     300     800     700     500     200     0       400     400     300     
4875   2018 6600    1600    4600    800     2500    1900    1000    500     0       0       1100    1400    900     700     300     200     400     400     700     
4875   2019 5900    3100    3200    1700    1200    2100    1400    400     600     600     400     200     700     600     800     500     600     300     200     
4875   2020 6700    3400    2700    1900    1100    2200    1400    700     1000    600     400     100     800     200     1200    0       600     800     300     
4875   2021 5000    2800    2600    1300    300     2000    1000    200     800     100     0       200     1300    600     100     400     400     200     700     
