EUROPEAN CLIMATE ASSESSMENT & DATASET (ECA&D), file created on: 20-01-2022
THESE DATA CAN BE USED FOR NON-COMMERCIAL RESEARCH AND EDUCATION PROVIDED THAT THE FOLLOWING SOURCE IS ACKNOWLEDGED: 

Klein Tank, A.M.G. and Coauthors, 2002. Daily dataset of 20th-century surface
air temperature and precipitation series for the European Climate Assessment.
Int. J. of Climatol., 22, 1441-1453.
Data and metadata available at http://www.ecad.eu

FILE FORMAT (MISSING VALUE CODE = -999999):

THIS FILE HOLDS DATA FOR STATION KAZAKHSTAN                               TURKESTAN                                (STAID:   3046)
LATITUDE: dd:mm:ss +43:16:12
LONGITUDE: ddd:mm:ss +068:13:12
ELEVATION: m  206

DATA IS FOR INDEX Days with TN > 90th percentile of daily min temp (warm nights) (TN90p) with unit 0.01 No of days

01-06 SOUID: Source identifier
08-11 YEAR : YYYY
13-20 ANNUAL DATA VALUES
21-28 WINTER HALF YEAR DATA VALUES
29-36 SUMMER HALF YEAR DATA VALUES
37-44 WINTER (DJF) DATA VALUES
45-52 SPRING (MAM) DATA VALUES
53-60 SUMMER (JJA) DATA VALUES
61-68 AUTUMN (SON) DATA VALUES
69-76 JANUARY DATA VALUES
etc. 
157-164 DECEMBER DATA VALUES

3046   1882 -999999 -999999 -999999 -999999 -999999 -999999 -999999 -999999 -999999 -999999 100     0       -999999 -999999 -999999 -999999 -999999 -999999 -999999 
3046   1883 -999999 -999999 -999999 -999999 -999999 -999999 -999999 -999999 0       200     -999999 0       500     200     -999999 -999999 -999999 -999999 -999999 
3046   1884 -999999 -999999 -999999 -999999 -999999 -999999 -999999 -999999 -999999 -999999 -999999 -999999 -999999 -999999 -999999 -999999 -999999 -999999 -999999 
3046   1885 -999999 -999999 -999999 -999999 -999999 -999999 -999999 -999999 -999999 -999999 -999999 -999999 -999999 -999999 -999999 -999999 -999999 -999999 -999999 
3046   1886 -999999 -999999 -999999 -999999 -999999 -999999 -999999 -999999 -999999 -999999 -999999 -999999 -999999 -999999 -999999 -999999 -999999 -999999 -999999 
3046   1887 -999999 -999999 -999999 -999999 -999999 -999999 -999999 -999999 -999999 -999999 -999999 -999999 -999999 -999999 -999999 -999999 -999999 -999999 -999999 
3046   1888 -999999 -999999 -999999 -999999 -999999 -999999 -999999 -999999 -999999 -999999 -999999 -999999 -999999 -999999 -999999 -999999 -999999 -999999 -999999 
3046   1889 -999999 -999999 -999999 -999999 -999999 -999999 -999999 -999999 -999999 -999999 -999999 -999999 -999999 -999999 -999999 -999999 -999999 -999999 -999999 
3046   1890 -999999 -999999 -999999 -999999 -999999 -999999 -999999 -999999 -999999 -999999 -999999 -999999 -999999 -999999 -999999 -999999 -999999 -999999 -999999 
3046   1891 -999999 -999999 -999999 -999999 -999999 -999999 -999999 -999999 -999999 -999999 -999999 -999999 -999999 -999999 -999999 -999999 -999999 -999999 -999999 
3046   1892 -999999 -999999 -999999 -999999 -999999 -999999 -999999 -999999 -999999 -999999 -999999 -999999 -999999 -999999 -999999 -999999 -999999 -999999 -999999 
3046   1893 -999999 -999999 -999999 -999999 -999999 -999999 -999999 -999999 -999999 -999999 -999999 -999999 -999999 -999999 -999999 -999999 -999999 -999999 -999999 
3046   1894 -999999 -999999 -999999 -999999 -999999 -999999 -999999 -999999 -999999 -999999 -999999 -999999 -999999 -999999 -999999 -999999 -999999 -999999 -999999 
3046   1895 -999999 -999999 -999999 -999999 -999999 -999999 -999999 -999999 -999999 -999999 -999999 -999999 -999999 -999999 -999999 -999999 -999999 -999999 -999999 
3046   1896 -999999 -999999 -999999 -999999 -999999 -999999 -999999 -999999 -999999 -999999 -999999 -999999 -999999 -999999 -999999 -999999 -999999 -999999 -999999 
3046   1897 -999999 -999999 -999999 -999999 -999999 -999999 -999999 -999999 -999999 -999999 -999999 -999999 -999999 -999999 -999999 -999999 -999999 -999999 -999999 
3046   1898 -999999 -999999 -999999 -999999 -999999 -999999 -999999 -999999 -999999 -999999 -999999 -999999 -999999 -999999 -999999 -999999 -999999 -999999 -999999 
3046   1899 -999999 -999999 -999999 -999999 -999999 -999999 -999999 -999999 -999999 -999999 -999999 -999999 -999999 -999999 -999999 -999999 -999999 -999999 -999999 
3046   1900 -999999 -999999 -999999 -999999 -999999 -999999 -999999 -999999 -999999 -999999 -999999 -999999 -999999 -999999 -999999 -999999 -999999 -999999 -999999 
3046   1901 -999999 -999999 -999999 -999999 -999999 -999999 -999999 -999999 -999999 -999999 -999999 -999999 -999999 -999999 -999999 -999999 -999999 -999999 -999999 
3046   1902 -999999 -999999 -999999 -999999 -999999 -999999 -999999 -999999 -999999 -999999 -999999 -999999 -999999 -999999 -999999 -999999 -999999 -999999 -999999 
3046   1903 -999999 -999999 -999999 -999999 -999999 -999999 -999999 -999999 -999999 -999999 -999999 -999999 -999999 -999999 -999999 -999999 -999999 -999999 -999999 
3046   1904 -999999 -999999 -999999 -999999 -999999 -999999 -999999 -999999 -999999 -999999 -999999 -999999 -999999 -999999 -999999 -999999 -999999 -999999 -999999 
3046   1905 -999999 -999999 -999999 -999999 -999999 -999999 -999999 -999999 -999999 -999999 -999999 -999999 -999999 -999999 -999999 -999999 -999999 -999999 -999999 
3046   1906 -999999 -999999 -999999 -999999 -999999 -999999 -999999 -999999 -999999 -999999 -999999 -999999 -999999 -999999 -999999 -999999 -999999 -999999 -999999 
3046   1907 -999999 -999999 -999999 -999999 -999999 -999999 -999999 -999999 -999999 -999999 -999999 -999999 -999999 -999999 -999999 -999999 -999999 -999999 -999999 
3046   1908 -999999 -999999 -999999 -999999 -999999 -999999 -999999 -999999 -999999 -999999 -999999 -999999 -999999 -999999 -999999 -999999 -999999 -999999 -999999 
3046   1909 -999999 -999999 -999999 -999999 -999999 -999999 -999999 -999999 -999999 -999999 -999999 -999999 -999999 -999999 -999999 -999999 -999999 -999999 -999999 
3046   1910 -999999 -999999 -999999 -999999 -999999 -999999 -999999 -999999 -999999 -999999 -999999 -999999 -999999 -999999 -999999 -999999 -999999 -999999 -999999 
3046   1911 -999999 -999999 -999999 -999999 -999999 -999999 -999999 -999999 -999999 -999999 -999999 -999999 -999999 -999999 -999999 -999999 -999999 -999999 -999999 
3046   1912 -999999 -999999 -999999 -999999 -999999 -999999 -999999 -999999 -999999 -999999 -999999 -999999 -999999 -999999 -999999 -999999 -999999 -999999 -999999 
3046   1913 -999999 -999999 -999999 -999999 -999999 -999999 -999999 -999999 -999999 -999999 -999999 -999999 -999999 -999999 -999999 -999999 -999999 -999999 -999999 
3046   1914 -999999 -999999 -999999 -999999 -999999 -999999 -999999 -999999 -999999 -999999 -999999 300     800     400     -999999 0       500     -999999 -999999 
3046   1915 -999999 -999999 4000    -999999 2800    1600    1300    -999999 300     1400    700     700     600     300     700     1000    100     200     300     
3046   1916 -999999 -999999 -999999 -999999 1300    1700    -999999 -999999 0       200     600     500     100     600     1000    -999999 300     0       -999999 
3046   1917 -999999 -999999 1500    -999999 -999999 0       600     2100    1400    -999999 500     1000    0       0       0       0       100     500     300     
3046   1918 -999999 -999999 -999999 -999999 -999999 -999999 -999999 -999999 -999999 -999999 -999999 -999999 -999999 -999999 -999999 -999999 -999999 -999999 -999999 
3046   1919 -999999 -999999 -999999 -999999 -999999 -999999 -999999 -999999 -999999 -999999 -999999 -999999 -999999 -999999 -999999 -999999 0       100     0       
3046   1920 -999999 -999999 -999999 400     -999999 -999999 1600    400     0       -999999 0       -999999 500     -999999 200     600     700     300     0       
3046   1921 -999999 -999999 -999999 -999999 -999999 1100    -999999 -999999 -999999 -999999 200     -999999 100     700     300     -999999 -999999 -999999 -999999 
3046   1922 -999999 -999999 -999999 -999999 -999999 -999999 -999999 -999999 -999999 -999999 -999999 -999999 -999999 -999999 -999999 -999999 -999999 -999999 -999999 
3046   1923 -999999 -999999 -999999 -999999 -999999 -999999 -999999 -999999 -999999 -999999 -999999 -999999 -999999 -999999 -999999 -999999 -999999 -999999 -999999 
3046   1924 -999999 -999999 -999999 -999999 -999999 -999999 -999999 -999999 -999999 -999999 -999999 -999999 -999999 -999999 -999999 -999999 -999999 -999999 -999999 
3046   1925 -999999 -999999 -999999 -999999 -999999 -999999 -999999 -999999 -999999 -999999 -999999 -999999 -999999 -999999 -999999 -999999 -999999 -999999 -999999 
3046   1926 -999999 -999999 -999999 -999999 -999999 -999999 -999999 -999999 -999999 -999999 -999999 -999999 -999999 -999999 -999999 -999999 300     100     300     
3046   1927 5700    1200    3400    800     1700    1400    1700    200     300     0       900     800     400     900     100     300     1100    300     400     
3046   1928 4500    2400    2900    900     1000    1800    800     0       500     100     200     700     1200    200     400     200     200     400     400     
3046   1929 4200    1700    3500    600     1500    2000    500     200     0       500     1000    0       200     700     1100    500     0       0       0       
3046   1930 -999999 400     -999999 0       800     -999999 1300    0       0       400     200     200     1100    -999999 1000    200     700     -999999 -999999 
3046   1931 4600    -999999 3400    -999999 800     2000    1400    -999999 0       400     200     200     700     800     500     1000    200     200     0       
3046   1932 -999999 1800    2400    600     1900    900     -999999 400     200     800     900     200     400     200     300     400     300     -999999 -999999 
3046   1933 4000    -999999 2700    -999999 700     1100    1800    0       0       0       200     500     300     300     500     900     600     300     400     
3046   1934 -999999 2300    1000    900     500     900     -999999 0       500     500     0       0       300     0       600     100     100     -999999 -999999 
3046   1935 3400    -999999 1800    -999999 900     1100    900     -999999 500     300     100     500     100     100     900     100     700     100     0       
3046   1936 3500    1400    2200    600     400     1500    900     100     500     0       100     300     1300    100     100     300     400     200     100     
3046   1937 -999999 1200    2600    600     100     1800    -999999 200     300     0       100     0       500     600     700     700     -999999 0       -999999 
3046   1938 -999999 -999999 -999999 -999999 -999999 -999999 500     800     800     -999999 -999999 -999999 -999999 -999999 800     300     100     100     0       
3046   1939 3800    700     1600    400     500     1000    800     300     100     100     0       400     600     400     0       200     100     500     1100    
3046   1940 4200    2700    2000    1900    800     1000    1100    500     300     200     400     200     200     300     500     400     500     200     500     
3046   1941 -999999 2900    -999999 1600    900     -999999 1100    300     800     600     0       300     -999999 0       600     400     300     400     200     
3046   1942 3700    2300    1200    1100    1000    700     900     900     0       500     100     400     400     200     100     0       400     500     200     
3046   1943 1800    1500    1300    600     300     800     200     300     100     0       100     200     0       500     300     200     0       0       100     
3046   1944 -999999 1700    -999999 1100    1500    -999999 400     400     600     600     300     600     0       -999999 -999999 100     100     200     0       
3046   1945 2300    300     1500    0       100     1000    1200    0       0       0       0       100     500     100     400     400     600     200     0       
3046   1946 2600    1900    1000    1000    700     200     700     300     700     100     100     500     100     0       100     200     500     0       0       
3046   1947 2700    2000    500     700     900     300     700     100     600     800     100     0       0       100     200     100     300     300     100     
3046   1948 -999999 -999999 -999999 -999999 -999999 -999999 -999999 -999999 -999999 -999999 -999999 -999999 -999999 -999999 -999999 -999999 -999999 -999999 -999999 
3046   1949 -999999 -999999 700     -999999 800     500     0       -999999 -999999 600     100     100     0       100     400     0       0       0       0       
3046   1950 1800    700     1000    100     900     600     200     100     0       600     200     100     200     100     300     100     100     0       0       
3046   1951 2700    300     1700    200     800     300     1000    200     0       0       200     600     0       100     200     600     300     100     400     
3046   1952 -999999 2900    -999999 2200    700     -999999 600     700     1100    300     200     200     0       -999999 500     300     300     0       0       
3046   1953 4400    2200    2100    1300    1600    900     600     400     900     600     200     800     300     600     0       200     200     200     0       
3046   1954 1600    400     1500    0       300     800     500     0       0       0       100     200     300     300     200     400     100     0       0       
3046   1955 4400    1300    2300    900     900     1400    700     300     600     300     200     400     200     300     900     300     200     200     500     
3046   1956 2500    1400    1600    800     1000    700     500     0       300     200     700     100     0       300     400     100     200     200     0       
3046   1957 3200    500     2300    0       800     800     1200    0       0       100     100     600     400     100     300     800     200     200     400     
3046   1958 2700    2500    700     1700    500     600     300     800     500     400     100     0       300     200     100     0       300     0       0       
3046   1959 2200    700     1600    300     500     400     1000    300     0       100     400     0       300     0       100     800     200     0       0       
3046   1960 3400    1900    1500    1500    400     700     800     500     1000    200     100     100     100     300     300     600     200     0       0       
3046   1961 3000    1100    1700    700     1200    500     500     500     200     200     200     800     300     100     100     200     200     100     100     
3046   1962 4100    2400    1600    1100    1100    1200    700     200     800     1000    0       100     400     500     300     300     300     100     100     
3046   1963 5100    2800    1900    2100    600     1000    1400    600     1400    300     0       300     500     400     100     600     300     500     100     
3046   1964 1700    1500    600     100     900     200     500     0       0       600     100     200     0       100     100     100     0       400     100     
3046   1965 3700    1300    1500    700     1000    200     1700    400     200     200     300     500     0       100     100     500     700     500     200     
3046   1966 4300    2800    2500    1200    900     1600    600     600     400     400     500     0       600     200     800     400     200     0       200     
3046   1967 3800    1100    2300    800     900     1100    1100    200     400     100     700     100     500     400     200     400     300     400     100     
3046   1968 4100    2400    1800    1000    1200    1100    700     400     500     700     100     400     300     300     500     200     300     200     200     
3046   1969 2400    900     600     200     500     300     1000    0       0       200     100     200     100     0       200     0       600     400     600     
3046   1970 3300    2700    1700    1400    1200    600     600     200     600     300     700     200     200     0       400     200     300     100     100     
3046   1971 4500    1400    1400    400     1100    800     1200    0       300     600     100     400     200     600     0       100     500     600     1100    
3046   1972 -999999 2200    300     1100    0       300     -999999 0       0       0       0       0       200     0       100     0       -999999 100     0       
3046   1973 -999999 -999999 500     300     300     300     300     0       300     100     200     0       300     0       0       0       100     200     -999999 
3046   1974 2300    -999999 1800    -999999 1000    600     700     0       0       200     300     500     300     300     0       400     100     200     0       
3046   1975 2000    900     1200    200     900     600     300     100     100     400     300     200     200     200     200     100     100     100     0       
3046   1976 3600    1500    2000    1300    600     1000    600     900     400     0       200     400     400     0       600     400     200     0       100     
3046   1977 3100    500     2300    100     1100    1000    1000    0       0       200     400     500     300     500     200     400     100     500     0       
3046   1978 3800    1100    1700    400     400     1400    900     200     200     100     100     200     300     1000    100     0       400     500     700     
3046   1979 5200    2900    2100    1800    600     1500    1300    700     400     200     400     0       0       700     800     200     1000    100     700     
3046   1980 5400    2000    2700    800     1700    800     2300    100     0       100     600     1000    0       700     100     300     700     1300    500     
3046   1981 5500    4900    2800    2000    1600    1600    700     900     600     900     400     300     100     700     800     500     200     0       100     
3046   1982 3400    1200    1400    600     1100    400     1200    300     200     400     500     200     100     100     200     300     700     200     200     
3046   1983 5300    2100    3000    1100    1500    1400    800     500     400     100     800     600     200     600     600     200     200     400     700     
3046   1984 3800    1900    2700    1000    700     2200    600     300     0       300     200     200     400     900     900     100     200     300     0       
3046   1985 2700    1300    1500    600     800     700     400     100     500     200     200     400     400     100     200     200     200     0       200     
3046   1986 4200    1000    2000    800     800     700     1300    400     200     0       300     500     200     100     400     500     200     600     800     
3046   1987 5500    3700    2400    2400    1100    1600    500     1200    400     500     300     300     600     300     700     200     200     100     700     
3046   1988 6200    2100    3100    1300    1300    1800    1400    600     0       500     800     0       700     800     300     500     100     800     1100    
3046   1989 4900    2400    2700    1200    600     1700    1800    100     0       300     0       300     900     500     300     700     500     600     700     
3046   1990 5000    3100    2400    1300    1100    1300    1600    100     500     700     100     300     800     200     300     700     500     400     400     
3046   1991 3400    1400    2700    400     800     1500    700     0       0       100     200     500     600     500     400     500     100     100     400     
3046   1992 3700    1700    1600    1500    600     900     700     400     700     0       300     300     300     400     200     100     300     300     400     
3046   1993 3100    2200    1900    1100    800     1500    100     600     100     500     300     0       700     400     400     100     0       0       0       
3046   1994 4000    100     1900    0       400     1100    2300    0       0       100     200     100     700     100     300     500     700     1100    200     
3046   1995 5600    3100    3600    800     1600    1900    1400    0       600     500     700     400     600     600     700     600     400     400     100     
3046   1996 -999999 1400    -999999 600     300     -999999 -999999 300     200     0       100     200     700     300     -999999 -999999 -999999 -999999 -999999 
3046   1997 -999999 -999999 -999999 -999999 -999999 -999999 -999999 -999999 -999999 -999999 -999999 -999999 -999999 -999999 -999999 -999999 -999999 -999999 -999999 
3046   1998 -999999 -999999 -999999 -999999 -999999 -999999 -999999 -999999 -999999 -999999 -999999 -999999 -999999 -999999 -999999 -999999 -999999 -999999 -999999 
3046   1999 -999999 -999999 3700    -999999 -999999 2200    1600    -999999 -999999 -999999 300     700     500     200     1500    500     800     300     100     
3046   2000 6500    2100    4100    600     1800    2000    1400    400     100     400     1000    400     600     300     1100    700     400     300     800     
3046   2001 8800    3800    4300    1900    3700    1300    2200    600     500     1200    400     2100    800     100     400     500     100     1600    500     
3046   2002 8800    6000    2600    3100    1600    1400    3100    1100    1500    1200    300     100     200     300     900     800     1300    1000    100     
3046   2003 7600    4500    3500    1800    1100    1900    2400    800     900     400     500     200     300     400     1200    900     800     700     500     
3046   2004 10300   5500    4500    3100    1900    2200    3100    1100    1500    900     300     700     1300    400     500     1300    500     1300    500     
3046   2005 9500    4400    6300    1200    3100    3400    2000    700     0       1400    900     800     1600    1200    600     1200    400     400     300     
