EUROPEAN CLIMATE ASSESSMENT & DATASET (ECA&D), file created on: 20-01-2022
THESE DATA CAN BE USED FOR NON-COMMERCIAL RESEARCH AND EDUCATION PROVIDED THAT THE FOLLOWING SOURCE IS ACKNOWLEDGED: 

Klein Tank, A.M.G. and Coauthors, 2002. Daily dataset of 20th-century surface
air temperature and precipitation series for the European Climate Assessment.
Int. J. of Climatol., 22, 1441-1453.
Data and metadata available at http://www.ecad.eu

FILE FORMAT (MISSING VALUE CODE = -999999):

THIS FILE HOLDS DATA FOR STATION ITALY                                    MONZUNO                                  (STAID:    861)
LATITUDE: dd:mm:ss +44:16:36
LONGITUDE: ddd:mm:ss +011:16:24
ELEVATION: m  600

DATA IS FOR INDEX Days with TN > 90th percentile of daily min temp (warm nights) (TN90p) with unit 0.01 No of days

01-06 SOUID: Source identifier
08-11 YEAR : YYYY
13-20 ANNUAL DATA VALUES
21-28 WINTER HALF YEAR DATA VALUES
29-36 SUMMER HALF YEAR DATA VALUES
37-44 WINTER (DJF) DATA VALUES
45-52 SPRING (MAM) DATA VALUES
53-60 SUMMER (JJA) DATA VALUES
61-68 AUTUMN (SON) DATA VALUES
69-76 JANUARY DATA VALUES
etc. 
157-164 DECEMBER DATA VALUES

861    1951 1900    -999999 700     -999999 300     500     500     100     500     100     0       200     300     0       200     0       0       500     0       
861    1952 3200    700     2300    200     600     1500    900     100     100     0       500     100     400     800     300     200     500     200     0       
861    1953 2600    700     1400    0       900     0       1100    0       0       0       200     700     0       0       0       500     600     0       600     
861    1954 2400    1500    800     700     400     200     1000    100     0       200     200     0       100     0       100     400     600     0       700     
861    1955 1500    2200    500     1500    400     200     0       500     300     100     0       300     100     100     0       0       0       0       100     
861    1956 1500    400     1200    400     200     700     300     200     100     0       0       200     0       0       700     300     0       0       0       
861    1957 1600    300     1100    300     0       1100    200     0       300     0       0       0       100     700     300     0       0       200     0       
861    1958 2600    1000    1300    800     600     600     200     0       800     0       0       600     0       100     500     100     100     0       400     
861    1959 2000    1700    300     700     900     100     400     200     100     900     0       0       0       0       100     200     100     100     300     
861    1960 1300    1300    400     900     300     300     0       300     300     200     100     0       100     0       200     0       0       0       100     
861    1961 3100    1000    1400    100     1500    700     600     0       0       900     600     0       300     0       400     100     300     200     300     
861    1962 2800    1000    2500    500     600     1200    800     200     0       0       400     200     500     100     600     700     100     0       0       
861    1963 700     100     200     0       100     100     500     0       0       0       100     0       100     0       0       0       0       500     0       
861    1964 900     600     600     100     200     300     200     0       100     0       0       200     100     200     0       100     0       100     100     
861    1965 -999999 200     -999999 100     100     -999999 0       0       0       0       0       100     1500    -999999 200     0       0       0       300     
861    1966 6600    2100    3300    2000    1800    1000    2100    100     1600    100     900     800     600     100     300     600     1500    0       0       
861    1967 7200    3000    4800    500     2900    2900    600     0       500     1000    700     1200    700     1500    700     0       300     300     300     
861    1968 2700    1600    1800    400     1600    800     200     0       100     600     900     100     100     700     0       0       0       200     0       
861    1969 2300    300     1500    100     1300    200     700     100     0       0       400     900     0       200     0       0       100     600     0       
861    1970 3200    1300    1500    600     400     400     1400    200     400     0       400     0       200     100     100     700     200     500     400     
861    1971 3700    1500    1900    700     900     1100    900     200     100     100     300     500     0       300     800     0       400     500     500     
861    1972 2900    1800    1200    800     700     600     1000    100     200     100     400     200     0       200     400     0       100     900     300     
861    1973 4800    1600    3500    500     800     1800    1400    100     100     100     0       700     500     400     900     1000    200     200     600     
861    1974 8700    4400    4600    3100    1700    3000    1100    1100    1400    900     100     700     500     1100    1400    800     0       300     400     
861    1975 2100    1400    700     1100    200     200     800     700     0       0       100     100     0       200     0       300     300     200     200     
861    1976 4700    2500    2100    1700    1400    800     500     1200    300     300     500     600     700     100     0       200     200     100     500     
861    1977 4900    3000    900     2000    1200    400     1400    300     1200    700     400     100     200     200     0       0       800     600     400     
861    1978 2900    2900    900     1000    500     500     600     500     100     500     0       0       400     0       100     400     0       200     700     
861    1979 3700    1700    1200    1200    1000    400     1000    300     200     300     100     600     400     0       0       100     300     600     800     
861    1980 3700    2500    1400    1500    100     1200    1400    0       700     100     0       0       0       100     1100    200     600     600     300     
861    1981 7600    2900    3600    900     2400    1300    2900    100     500     800     900     700     1200    0       100     700     1300    900     400     
861    1982 4700    3600    2500    1200    1300    1000    1100    600     200     200     500     600     700     300     0       400     0       700     500     
861    1983 4800    3200    2000    2400    100     1800    500     1800    100     100     0       0       200     1300    300     200     100     200     500     
861    1984 1700    1400    600     1100    200     200     500     500     100     0       200     0       0       200     0       200     0       300     200     
861    1985 5000    700     3000    400     200     1900    1900    100     100     0       0       200     200     800     900     900     800     200     800     
861    1986 4200    2300    3000    1300    2300    500     800     500     0       0       600     1700    200     100     200     200     500     100     100     
861    1987 3400    1100    2100    400     300     300     2100    200     100     100     100     100     100     0       200     1600    300     200     400     
861    1988 3800    1700    2300    900     800     1600    700     300     200     300     400     100     0       900     700     200     500     0       200     
861    1989 3200    2600    300     1100    1200    100     300     500     400     1000    100     100     0       0       100     0       200     100     700     
861    1990 3900    3700    500     2600    900     400     700     700     1200    800     0       100     200     100     100     0       200     500     0       
861    1991 2200    2000    900     500     800     600     300     200     300     800     0       0       0       300     300     300     0       0       0       
861    1992 4000    1000    2100    500     1500    1100    600     300     200     500     400     600     0       200     900     0       200     400     300     
861    1993 5200    3000    2200    1800    1300    1500    300     1100    400     600     200     500     400     300     800     0       300     0       600     
861    1994 6100    3200    2600    2000    1100    1900    1200    1000    400     900     100     100     200     400     1300    500     100     600     500     
861    1995 2900    2200    1200    1300    1000    400     300     500     300     200     300     500     100     300     0       0       100     200     400     
861    1996 2700    1400    1100    1100    300     800     800     600     100     0       300     0       800     0       0       0       0       800     100     
861    1997 3900    2700    1700    1000    1300    400     1300    200     700     900     100     300     300     0       100     900     300     100     0       
861    1998 3700    1700    2100    1000    1100    1200    400     400     600     300     400     400     200     300     700     100     200     100     0       
861    1999 2600    1000    1400    300     900     800     500     200     100     400     200     300     200     300     300     100     400     0       100     
861    2000 4800    900     3100    200     1400    1900    700     0       100     300     500     600     600     300     1000    100     400     200     700     
861    2001 4300    3300    1900    1700    1600    1300    300     700     300     1000    100     500     0       100     1200    0       300     0       100     
861    2002 3900    1600    1100    400     1000    1000    1500    0       300     900     0       100     1000    0       0       0       400     1100    100     
861    2003 7000    2000    5800    300     1600    4400    500     200     0       200     200     1200    1600    500     2300    0       100     400     300     
861    2004 3900    1800    1400    800     700     1100    1600    400     100     500     200     0       400     400     300     100     900     600     0       
861    2005 3200    2200    2400    400     1400    1100    300     300     100     300     300     800     700     400     0       200     0       100     0       
861    2006 5300    500     2300    300     700     1300    2600    0       300     100     200     400     1000    300     0       400     1200    1000    400     
861    2007 9900    7000    5300    3300    5100    1600    -999999 1200    1700    1500    2200    1400    400     800     400     100     0       100     100     
861    2008 -999999 -999999 -999999 600     900     1100    -999999 300     200     500     200     200     -999999 200     300     -999999 700     700     0       
861    2009 5500    2100    3400    500     1500    1700    1500    200     300     200     100     1200    300     400     1000    400     300     800     300     
861    2010 3900    2100    2700    600     1200    1800    500     0       300     400     400     400     300     900     600     100     0       400     100     
861    2011 5900    1500    3400    1000    1400    1100    1700    500     400     100     800     500     0       200     900     1000    600     100     800     
861    2012 7300    4000    3600    1600    2400    2500    1500    500     300     1700    300     400     800     700     1000    400     400     700     100     
861    2013 5300    1600    3000    500     1500    1300    1800    300     100     0       1200    300     500     200     600     200     1000    600     300     
861    2014 -999999 -999999 -999999 -999999 -999999 -999999 -999999 -999999 -999999 -999999 -999999 -999999 -999999 -999999 -999999 -999999 -999999 -999999 -999999 
861    2015 -999999 -999999 -999999 -999999 -999999 -999999 -999999 -999999 -999999 -999999 -999999 -999999 -999999 -999999 -999999 -999999 -999999 -999999 -999999 
861    2016 -999999 -999999 -999999 -999999 -999999 -999999 -999999 -999999 -999999 -999999 -999999 -999999 -999999 -999999 -999999 -999999 -999999 -999999 -999999 
861    2017 -999999 -999999 -999999 -999999 -999999 -999999 -999999 -999999 -999999 -999999 -999999 -999999 -999999 -999999 -999999 -999999 -999999 -999999 -999999 
861    2018 -999999 -999999 -999999 -999999 -999999 6700    -999999 -999999 -999999 -999999 -999999 1700    2000    2300    2400    -999999 2300    1600    1400    
861    2019 -999999 -999999 -999999 -999999 2600    -999999 -999999 1100    1800    1600    1000    0       -999999 -999999 -999999 -999999 -999999 -999999 -999999 
861    2020 -999999 -999999 -999999 -999999 -999999 -999999 -999999 500     -999999 -999999 -999999 300     400     100     -999999 -999999 -999999 -999999 -999999 
861    2021 -999999 -999999 -999999 -999999 -999999 -999999 500     -999999 -999999 -999999 -999999 -999999 -999999 -999999 -999999 400     100     0       200     
