EUROPEAN CLIMATE ASSESSMENT & DATASET (ECA&D), file created on: 20-01-2022
THESE DATA CAN BE USED FOR NON-COMMERCIAL RESEARCH AND EDUCATION PROVIDED THAT THE FOLLOWING SOURCE IS ACKNOWLEDGED: 

Klein Tank, A.M.G. and Coauthors, 2002. Daily dataset of 20th-century surface
air temperature and precipitation series for the European Climate Assessment.
Int. J. of Climatol., 22, 1441-1453.
Data and metadata available at http://www.ecad.eu

FILE FORMAT (MISSING VALUE CODE = -999999):

THIS FILE HOLDS DATA FOR STATION SWEDEN                                   ZINKGRUVAN                               (STAID:   5417)
LATITUDE: dd:mm:ss +58:48:36
LONGITUDE: ddd:mm:ss +015:07:48
ELEVATION: m  215

DATA IS FOR INDEX Days with TN > 90th percentile of daily min temp (warm nights) (TN90p) with unit 0.01 No of days

01-06 SOUID: Source identifier
08-11 YEAR : YYYY
13-20 ANNUAL DATA VALUES
21-28 WINTER HALF YEAR DATA VALUES
29-36 SUMMER HALF YEAR DATA VALUES
37-44 WINTER (DJF) DATA VALUES
45-52 SPRING (MAM) DATA VALUES
53-60 SUMMER (JJA) DATA VALUES
61-68 AUTUMN (SON) DATA VALUES
69-76 JANUARY DATA VALUES
etc. 
157-164 DECEMBER DATA VALUES

5417   1952 -999999 -999999 300     -999999 -999999 200     -999999 -999999 -999999 -999999 100     0       0       200     0       0       -999999 0       0       
5417   1953 4800    -999999 1300    800     1500    400     1500    300     500     800     300     400     300     100     0       200     900     400     600     
5417   1954 3400    2100    1900    600     700     700     1300    0       0       200     0       500     300     300     100     700     500     100     700     
5417   1955 2300    1600    900     1000    0       500     1200    300     0       0       0       0       0       300     200     400     500     300     300     
5417   1956 -999999 -999999 1200    -999999 300     600     500     -999999 -999999 0       0       300     500     100     0       300     200     0       800     
5417   1957 3200    1700    1400    1500    300     1000    600     400     300     0       200     100     100     400     500     100     400     100     600     
5417   1958 2500    1500    1200    900     200     1000    1000    200     100     100     0       100     200     400     400     100     500     400     0       
5417   1959 4900    2200    -999999 800     1500    -999999 1400    0       800     500     700     300     0       -999999 300     200     300     900     600     
5417   1960 3900    2700    1500    1300    400     800     1300    700     0       200     200     0       0       300     500     500     200     600     700     
5417   1961 5400    3900    1400    1900    1600    400     2200    100     1100    1200    300     100     300     100     0       600     1200    400     0       
5417   1962 900     2000    300     400     300     0       200     200     200     0       300     0       0       0       0       0       200     0       0       
5417   1963 -999999 200     -999999 0       -999999 -999999 -999999 0       0       0       0       -999999 -999999 -999999 -999999 -999999 -999999 100     100     
5417   1964 4000    -999999 2800    400     1500    900     700     200     100     0       900     600     200     200     500     400     0       300     -999999 
5417   1965 -999999 -999999 1300    -999999 300     400     1300    -999999 0       300     0       0       100     0       300     900     400     0       0       
5417   1966 2700    700     2300    300     700     1300    400     100     200     0       100     600     500     600     200     300     100     0       0       
5417   1967 3800    1200    1600    200     1300    1000    1100    100     100     900     200     200     100     300     600     200     300     600     200     
5417   1968 4800    1900    3800    400     1600    2000    1000    200     0       600     1000    0       700     300     1000    800     0       200     0       
5417   1969 3800    200     3200    0       500     2100    1200    0       0       0       400     100     400     800     900     600     600     0       0       
5417   1970 2300    600     1500    0       0       1100    700     0       0       0       0       0       700     300     100     400     100     200     500     
5417   1971 -999999 1800    -999999 1500    800     -999999 700     700     300     0       200     600     0       -999999 0       100     400     200     800     
5417   1972 3600    1700    1300    900     500     1000    200     0       100     200     200     100     300     700     0       0       0       200     1800    
5417   1973 2700    3300    1000    2500    1200    400     100     400     300     600     200     400     200     200     0       0       0       100     300     
5417   1974 -999999 1100    -999999 1000    -999999 300     -999999 200     500     0       -999999 -999999 100     200     0       -999999 0       300     800     
5417   1975 5000    2100    2200    1600    800     900     1800    700     100     200     200     400     200     100     600     700     800     300     700     
5417   1976 1900    2900    500     1400    500     400     300     200     500     400     0       100     300     100     0       0       0       300     0       
5417   1977 2200    700     600     0       700     200     1200    0       0       400     200     100     0       100     100     100     600     500     100     
5417   1978 3400    2000    1000    600     600     700     1600    300     200     300     200     100     500     100     100     0       100     1500    0       
5417   1979 2300    1900    1200    0       800     400     700     0       0       300     0       500     200     100     100     300     100     300     400     
5417   1980 2000    1000    1000    600     100     700     600     100     100     0       0       100     200     200     300     200     100     300     400     
5417   1981 -999999 1300    1100    800     300     600     -999999 200     200     100     200     0       300     0       300     300     -999999 0       0       
5417   1982 -999999 -999999 -999999 -999999 -999999 800     1800    -999999 -999999 -999999 -999999 100     200     300     300     600     300     900     400     
5417   1983 -999999 3400    -999999 1900    -999999 -999999 1400    1500    0       300     -999999 -999999 -999999 -999999 -999999 500     500     400     300     
5417   1984 -999999 1300    3500    400     1700    1800    600     100     0       0       700     1000    400     500     900     0       300     300     -999999 
5417   1985 -999999 -999999 -999999 -999999 500     -999999 500     0       0       0       100     400     -999999 -999999 500     100     400     0       500     
5417   1986 -999999 1000    2100    600     800     1300    -999999 100     0       0       0       800     400     800     100     0       200     -999999 -999999 
5417   1987 1500    -999999 800     -999999 500     300     400     0       -999999 0       300     200     0       -999999 100     0       300     100     200     
5417   1988 5900    1600    4600    1200    1500    2600    600     500     500     0       -999999 900     1100    1200    300     500     100     0       200     
5417   1989 9800    4600    4100    3400    2700    2100    1400    1700    1500    1100    900     700     600     1000    500     400     900     100     400     
5417   1990 9400    6000    4000    3500    3600    1800    700     1400    1700    1500    1000    1100    100     400     1300    100     300     300     200     
5417   1991 6100    2400    3400    1000    1700    2100    1100    300     500     800     900     0       0       1100    1000    400     0       700     400     
5417   1992 7500    4100    3900    2100    2900    1800    600     900     800     1300    300     1300    500     1100    200     500     0       100     500     
5417   1993 4300    2400    2100    1500    2600    200     300     700     300     800     900     900     100     100     0       100     200     0       200     
5417   1994 5500    900     3900    500     1300    2500    700     300     0       200     1000    100     0       1800    700     300     0       400     700     
5417   1995 6100    2500    3600    1600    1100    2600    1500    0       900     500     300     300     400     800     1400    400     1000    100     0       
5417   1996 4200    1100    3100    0       1000    2100    900     0       0       0       800     200     300     300     1500    0       300     600     200     
5417   1997 8500    3300    6000    1400    1700    4600    800     300     900     1000    300     400     800     1100    2700    700     0       100     200     
5417   1998 5300    2700    2500    2400    1300    300     1200    700     1500    200     600     500     200     100     0       1100    100     0       300     
5417   1999 7600    1600    5300    1100    2000    2000    2600    800     0       400     1400    200     300     1000    700     1700    0       900     200     
5417   2000 8800    2900    3000    1500    2400    900     2700    700     600     500     1100    800     400     200     300     200     1100    1400    1500    
5417   2001 6700    5100    4100    2300    1400    2500    1900    400     400     300     700     400     100     1400    1000    500     1100    300     100     
5417   2002 8900    3700    6700    2000    1800    4500    700     600     1300    300     900     600     500     1500    2500    700     0       0       0       
5417   2003 7700    1300    5100    700     1500    3500    1100    700     0       600     400     500     700     1800    1000    700     0       400     900     
5417   2004 5300    2300    3700    1200    2100    2000    500     0       300     700     500     900     200     0       1800    300     200     0       400     
5417   2005 6300    2000    3400    1700    1200    1600    2100    1200    100     100     800     300     400     800     400     700     300     1100    100     
5417   2006 12000   1700    7500    200     1100    4900    4000    100     0       100     200     800     800     2100    2000    1600    1100    1300    1900    
5417   2007 8000    6300    4700    2700    3100    2400    800     800     0       1200    1400    500     800     400     1200    400     300     100     900     
5417   2008 8700    4300    4700    3300    2600    2500    1000    900     1500    600     900     1100    800     1000    700     200     500     300     200     
5417   2009 6400    1500    4300    600     1400    2100    2300    300     100     100     1300    0       300     1000    800     900     0       1400    200     
5417   2010 5600    1800    5000    200     1700    3100    800     0       0       200     700     800     200     1600    1300    400     200     200     0       
5417   2011 9200    700     6500    100     2700    3200    2800    100     0       200     2000    500     600     1800    800     800     600     1400    400     
5417   2012 6600    4400    3500    900     2400    1900    1700    100     400     1500    400     500     0       1200    700     700     300     700     100     
5417   2013 7000    1100    4600    100     1800    2300    1800    0       0       0       500     1300    500     1100    700     500     900     400     1100    
5417   2014 10400   5000    5600    2600    2900    3400    2200    600     900     1100    1000    800     600     2100    700     400     800     1000    400     
5417   2015 7500    4100    2900    1500    1700    1200    2200    400     700     800     800     100     0       600     600     800     200     1200    1300    
5417   2016 8900    4100    6300    2300    2300    2800    1900    600     400     400     900     1000    900     1400    500     1600    0       300     900     
5417   2017 5300    2300    3300    1400    2200    1000    1400    300     200     600     800     800     300     200     500     700     400     300     200     
5417   2018 11900   1200    9500    500     3000    5300    3200    300     0       0       800     2200    1300    2600    1400    1200    900     1100    100     
5417   2019 10200   4000    5700    1500    2200    3400    2000    100     1300    500     1200    500     1200    1100    1100    600     500     900     1200    
5417   2020 12200   6400    5600    4400    1600    3700    2700    1800    1400    600     1000    0       1300    500     1900    900     700     1100    1000    
5417   2021 9300    4600    5600    1900    1600    4000    2400    100     800     900     100     600     1400    2400    200     900     800     700     400     
