EUROPEAN CLIMATE ASSESSMENT & DATASET (ECA&D), file created on: 20-01-2022
THESE DATA CAN BE USED FOR NON-COMMERCIAL RESEARCH AND EDUCATION PROVIDED THAT THE FOLLOWING SOURCE IS ACKNOWLEDGED: 

Klein Tank, A.M.G. and Coauthors, 2002. Daily dataset of 20th-century surface
air temperature and precipitation series for the European Climate Assessment.
Int. J. of Climatol., 22, 1441-1453.
Data and metadata available at http://www.ecad.eu

FILE FORMAT (MISSING VALUE CODE = -999999):

THIS FILE HOLDS DATA FOR STATION SWEDEN                                   KARLSTAD_AUT                             (STAID:   5468)
LATITUDE: dd:mm:ss +59:21:36
LONGITUDE: ddd:mm:ss +013:28:12
ELEVATION: m   46

DATA IS FOR INDEX Days with TN > 90th percentile of daily min temp (warm nights) (TN90p) with unit 0.01 No of days

01-06 SOUID: Source identifier
08-11 YEAR : YYYY
13-20 ANNUAL DATA VALUES
21-28 WINTER HALF YEAR DATA VALUES
29-36 SUMMER HALF YEAR DATA VALUES
37-44 WINTER (DJF) DATA VALUES
45-52 SPRING (MAM) DATA VALUES
53-60 SUMMER (JJA) DATA VALUES
61-68 AUTUMN (SON) DATA VALUES
69-76 JANUARY DATA VALUES
etc. 
157-164 DECEMBER DATA VALUES

5468   1900 2100    -999999 1500    -999999 200     1200    200     100     0       0       100     100     500     500     200     100     100     0       -999999 
5468   1901 3900    600     2900    -999999 1100    1600    1100    100     0       0       300     800     200     1200    200     200     900     0       0       
5468   1902 500     1300    100     400     0       0       100     400     0       0       0       0       0       0       0       100     0       0       0       
5468   1903 2500    1500    700     600     1500    0       300     200     400     900     300     300     0       0       0       100     200     0       100     
5468   1904 1600    500     900     300     0       800     300     200     0       0       0       0       100     200     500     100     100     100     300     
5468   1905 3400    1300    1800    1000    300     1600    0       300     400     100     0       200     900     700     0       0       0       0       800     
5468   1906 4200    1800    2600    1400    1600    1400    300     400     200     -999999 500     700     400     500     500     0       0       300     300     
5468   1907 1500    600     600     300     200     300     1000    0       0       0       0       200     100     200     0       100     700     200     0       
5468   1908 2300    1000    500     100     0       400     800     100     0       0       0       0       0       300     100     100     600     100     1000    
5468   1909 1200    1800    300     1100    0       300     700     100     0       0       0       0       100     200     0       0       700     0       100     
5468   1910 4000    2100    2300    1000    1500    1100    100     300     600     400     700     400     400     300     400     100     0       0       400     
5468   1911 -999999 -999999 -999999 -999999 -999999 -999999 -999999 -999999 -999999 -999999 -999999 -999999 -999999 -999999 -999999 -999999 -999999 -999999 -999999 
5468   1912 -999999 -999999 -999999 -999999 -999999 -999999 -999999 -999999 -999999 -999999 -999999 -999999 -999999 -999999 -999999 -999999 -999999 -999999 -999999 
5468   1913 -999999 -999999 -999999 -999999 -999999 -999999 -999999 -999999 -999999 -999999 -999999 -999999 -999999 -999999 -999999 -999999 -999999 -999999 -999999 
5468   1914 5800    -999999 3300    -999999 700     2400    300     100     1400    0       400     300     100     1900    400     200     0       100     900     
5468   1915 600     1000    600     900     100     200     300     0       0       0       100     0       100     0       100     300     0       0       0       
5468   1916 2600    900     700     900     300     400     800     700     200     0       0       300     0       400     0       0       0       800     200     
5468   1917 2800    1000    2600    200     100     2300    200     0       0       0       0       100     900     300     1100    200     0       0       200     
5468   1918 2200    700     900     600     600     400     500     200     200     100     100     400     0       200     200     0       400     100     300     
5468   1919 1900    1200    1500    600     600     900     100     200     100     100     100     400     100     800     0       100     0       0       0       
5468   1920 3100    900     1800    400     1400    900     400     0       400     500     900     0       400     500     0       0       0       400     0       
5468   1921 3800    1800    1900    100     2900    200     200     100     0       1300    1100    500     0       100     100     100     100     0       400     
5468   1922 900     700     100     600     100     0       0       0       200     0       0       100     0       0       0       0       0       0       600     
5468   1923 2300    1700    600     1600    100     600     200     1000    0       100     0       0       0       600     0       0       200     0       400     
5468   1924 3400    700     500     500     0       500     800     100     0       0       0       0       100     200     200     0       500     300     2000    
5468   1925 4900    4700    2800    3800    600     2200    200     1100    700     100     400     100     300     1300    600     100     0       100     100     
5468   1926 3500    600     2100    300     500     1400    1300    0       200     200     200     100     200     900     300     400     100     800     100     
5468   1927 4300    2600    2600    800     1100    2400    100     500     200     900     200     0       0       1300    1100    0       100     0       0       
5468   1928 1600    300     300     200     200     0       1100    0       200     0       200     0       0       0       0       100     300     700     100     
5468   1929 3300    1400    1000    100     800     200     1200    0       0       300     100     400     100     100     0       300     200     700     1100    
5468   1930 6800    3900    3300    2700    2100    1300    1000    1600    0       300     1000    800     400     700     200     200     400     400     800     
5468   1931 1800    1700    1000    900     300     700     600     0       100     0       0       300     0       600     100     0       0       600     100     
5468   1932 5400    2500    1800    1800    400     1500    300     1500    200     100     0       300     100     900     500     0       0       300     1500    
5468   1933 5000    3000    3600    2300    800     2800    600     600     200     400     400     0       1100    1200    500     400     200     0       0       
5468   1934 7500    1600    3400    1100    1700    1300    1300    400     700     300     600     800     100     700     500     700     500     100     2100    
5468   1935 5500    3500    3100    2700    1200    1800    1400    100     500     200     900     100     400     1000    400     300     500     600     500     
5468   1936 6300    2000    4400    800     900     3500    500     300     0       100     400     400     1300    1300    900     100     100     300     1100    
5468   1937 7600    2200    5900    1700    2600    2800    1600    600     0       100     1600    900     300     1400    1100    600     1000    0       0       
5468   1938 7200    2900    3000    600     2200    1700    1700    100     500     1300    700     200     0       700     1000    400     200     1100    1000    
5468   1939 5500    3500    3800    2200    700     2700    900     100     1100    0       500     200     500     500     1700    400     0       500     0       
5468   1940 3100    500     2500    0       500     2000    500     0       0       0       0       500     700     1000    300     0       0       500     100     
5468   1941 3300    600     2900    100     100     2800    200     0       0       0       0       100     500     1900    400     0       100     100     200     
5468   1942 3000    500     1500    200     300     900     800     0       0       100     200     0       100     200     600     400     300     100     1000    
5468   1943 5300    3000    3100    2100    1900    1500    600     200     900     500     1000    400     300     600     600     200     400     0       200     
5468   1944 2800    1300    1600    900     100     1400    300     700     0       0       0       100     0       500     900     100     200     0       300     
5468   1945 4300    1300    3300    500     1500    2300    200     0       200     600     800     100     100     900     1300    100     0       100     100     
5468   1946 3400    500     2200    400     1100    800     1000    200     100     0       700     400     100     600     100     300     0       700     200     
5468   1947 3900    1200    3400    500     300     2200    1100    300     0       0       100     200     800     1100    300     900     100     100     0       
5468   1948 3600    500     2300    100     1300    500     800     0       100     200     800     300     0       300     200     700     0       100     900     
5468   1949 5400    1900    3100    1800    1500    500     2000    400     500     0       700     800     0       400     100     1100    500     400     500     
5468   1950 -999999 -999999 -999999 -999999 -999999 -999999 -999999 -999999 -999999 -999999 -999999 -999999 -999999 -999999 -999999 -999999 -999999 -999999 -999999 
5468   1951 -999999 -999999 -999999 -999999 -999999 -999999 -999999 -999999 -999999 -999999 -999999 -999999 -999999 -999999 -999999 -999999 -999999 -999999 -999999 
5468   1952 -999999 -999999 -999999 -999999 -999999 -999999 -999999 -999999 -999999 -999999 -999999 -999999 -999999 -999999 -999999 -999999 -999999 -999999 -999999 
5468   1953 -999999 -999999 -999999 -999999 -999999 -999999 -999999 -999999 -999999 -999999 -999999 -999999 -999999 -999999 -999999 -999999 -999999 -999999 -999999 
5468   1954 -999999 -999999 -999999 -999999 -999999 -999999 -999999 -999999 -999999 -999999 -999999 -999999 -999999 -999999 -999999 -999999 -999999 -999999 -999999 
5468   1955 -999999 -999999 -999999 -999999 -999999 -999999 -999999 -999999 -999999 -999999 -999999 -999999 -999999 -999999 -999999 -999999 -999999 -999999 -999999 
5468   1956 -999999 -999999 -999999 -999999 -999999 -999999 -999999 -999999 -999999 -999999 -999999 -999999 -999999 -999999 -999999 -999999 -999999 -999999 -999999 
5468   1957 -999999 -999999 -999999 -999999 -999999 -999999 -999999 -999999 -999999 -999999 -999999 -999999 -999999 -999999 -999999 -999999 -999999 -999999 -999999 
5468   1958 -999999 -999999 -999999 -999999 -999999 -999999 -999999 -999999 -999999 -999999 -999999 -999999 -999999 -999999 -999999 -999999 -999999 -999999 -999999 
5468   1959 -999999 -999999 -999999 -999999 -999999 -999999 -999999 -999999 -999999 -999999 -999999 -999999 -999999 -999999 -999999 -999999 -999999 -999999 -999999 
5468   1960 -999999 -999999 -999999 -999999 -999999 -999999 -999999 -999999 -999999 -999999 -999999 -999999 -999999 -999999 -999999 -999999 -999999 -999999 -999999 
5468   1961 5200    -999999 1800    -999999 1600    700     2000    0       900     1000    300     300     600     100     0       500     1400    100     0       
5468   1962 1300    2100    200     600     200     0       500     500     100     0       200     0       0       0       0       0       500     0       0       
5468   1963 2900    500     2100    0       400     1300    800     0       0       0       0       400     100     500     700     400     400     0       400     
5468   1964 3500    1500    1800    1100    700     800     800     600     100     0       400     300     100     300     400     300     200     300     500     
5468   1965 2000    1600    1000    1000    300     300     900     500     0       100     200     0       0       0       300     500     400     0       0       
5468   1966 3100    800     1900    300     300     1300    1000    100     200     100     0       200     900     300     100     400     300     300     200     
5468   1967 4800    2100    2300    600     1700    1000    1500    100     300     900     600     200     100     400     500     500     600     400     200     
5468   1968 3100    1800    2400    200     1200    1200    700     0       0       600     500     100     600     200     400     600     0       100     0       
5468   1969 3300    100     2800    0       200     2000    1100    0       0       0       100     100     800     600     600     600     500     0       0       
5468   1970 1900    500     1200    0       200     700     800     0       0       0       0       200     500     100     100     300     100     400     200     
5468   1971 4000    1900    1600    1400    900     600     700     1000    200     0       300     600     100     500     0       100     400     200     600     
5468   1972 5000    1300    2800    600     800     2100    300     0       0       100     300     400     500     1200    400     0       100     200     1800    
5468   1973 3300    3300    1600    2400    800     1300    200     300     300     600     0       200     400     800     100     100     0       100     400     
5468   1974 5000    2200    1800    2100    500     900     1000    600     1100    0       400     100     300     0       600     400     0       600     900     
5468   1975 6800    2900    3600    2000    1400    1700    2000    900     200     300     300     800     200     300     1200    800     600     600     600     
5468   1976 2400    2500    1500    1000    800     1000    200     100     300     300     300     200     200     500     300     0       0       200     0       
5468   1977 4100    900     2200    200     900     1500    1300    200     0       500     0       400     600     500     400     300     500     500     200     
5468   1978 3200    2200    1200    700     1000    700     1000    300     200     500     100     400     400     0       300     0       100     900     0       
5468   1979 2600    1200    1600    0       600     900     600     0       0       200     200     200     700     0       200     300     200     100     500     
5468   1980 2800    800     2100    500     700     1200    500     0       0       0       600     100     600     400     200     200     0       300     400     
5468   1981 2600    1200    1900    800     900     700     600     200     200     100     200     600     100     200     400     400     100     100     0       
5468   1982 3600    700     1700    200     500     700     1900    0       200     300     100     100     0       400     300     800     200     900     300     
5468   1983 5700    3100    2500    1500    1900    600     1700    1200    0       500     800     600     0       500     100     500     600     600     300     
5468   1984 4100    1700    2600    500     1700    900     800     200     0       0       300     1400    300     100     500     0       400     400     500     
5468   1985 1300    1300    700     500     100     600     300     0       0       0       0       100     0       300     300     0       300     0       300     
5468   1986 1900    600     300     300     0       300     1100    0       0       0       0       0       100     200     0       0       0       1100    500     
5468   1987 800     1600    300     500     0       300     300     0       0       0       0       0       0       200     100     0       200     100     200     
5468   1988 4500    1500    3400    1200    1200    1800    400     700     300     0       400     800     800     900     100     400     0       0       100     
5468   1989 8400    4700    2300    3500    2200    1000    1400    1600    1800    1200    900     100     500     0       500     300     700     400     400     
5468   1990 9200    6700    3100    3900    3600    1200    500     1300    2200    1700    1500    400     100     200     900     0       400     100     400     
5468   1991 4900    2800    2000    1400    1800    900     600     400     600     900     800     100     0       300     600     200     0       400     600     
5468   1992 5800    3700    2300    2100    2200    1100    200     800     700     1200    500     500     600     400     100     200     0       0       800     
5468   1993 3500    2400    1600    1800    2100    100     100     800     200     600     800     700     100     0       0       0       0       100     200     
5468   1994 4700    800     2500    500     800     1700    900     300     0       200     600     0       0       1000    700     200     200     500     1000    
5468   1995 4900    3100    1900    2200    1100    700     1900    100     1100    200     500     400     200     100     400     300     1300    300     0       
5468   1996 2700    1700    1300    100     300     900     1100    0       100     0       100     200     100     0       800     100     400     600     300     
5468   1997 6100    3400    3700    1400    1700    2600    400     100     1000    1000    600     100     600     500     1500    400     0       0       300     
5468   1998 4000    2500    1500    2200    1000    100     800     600     1300    300     500     200     0       100     0       700     100     0       200     
5468   1999 6800    1500    4100    900     1700    1300    2700    700     0       500     1000    200     300     800     200     1600    100     1000    400     
5468   2000 9100    3100    2800    1700    2300    500     3500    700     600     300     1200    800     200     0       300     300     1400    1800    1500    
5468   2001 6000    6200    3000    2700    1400    1600    1700    800     400     300     800     300     100     600     900     300     1200    200     100     
5468   2002 7300    3500    5300    1700    2400    2800    500     600     1000    400     900     1100    500     1000    1300    500     0       0       0       
5468   2003 5600    900     3500    600     1100    2200    500     600     0       300     300     500     500     1200    500     500     0       0       1200    
5468   2004 5200    1800    3900    1400    2500    1400    500     100     100     400     1100    1000    100     100     1200    400     0       100     600     
5468   2005 6700    2200    3600    2000    1100    1700    2400    1300    100     100     700     300     100     1000    600     900     400     1100    100     
5468   2006 9400    1900    5200    300     1100    3100    3500    200     0       100     500     500     500     1400    1200    1100    1100    1300    1500    
5468   2007 6000    5700    2900    2300    1900    1800    700     600     200     1000    700     200     500     400     900     200     300     200     800     
5468   2008 -999999 4700    2700    3200    2400    1200    -999999 1200    1200    1000    800     600     400     500     300     100     -999999 -999999 -999999 
