EUROPEAN CLIMATE ASSESSMENT & DATASET (ECA&D), file created on: 20-01-2022
THESE DATA CAN BE USED FOR NON-COMMERCIAL RESEARCH AND EDUCATION PROVIDED THAT THE FOLLOWING SOURCE IS ACKNOWLEDGED: 

Klein Tank, A.M.G. and Coauthors, 2002. Daily dataset of 20th-century surface
air temperature and precipitation series for the European Climate Assessment.
Int. J. of Climatol., 22, 1441-1453.
Data and metadata available at http://www.ecad.eu

FILE FORMAT (MISSING VALUE CODE = -999999):

THIS FILE HOLDS DATA FOR STATION NORWAY                                   SVINOY                                   (STAID:   1050)
LATITUDE: dd:mm:ss +62:17:24
LONGITUDE: ddd:mm:ss +005:18:00
ELEVATION: m   38

DATA IS FOR INDEX Days with TN > 90th percentile of daily min temp (warm nights) (TN90p) with unit 0.01 No of days

01-06 SOUID: Source identifier
08-11 YEAR : YYYY
13-20 ANNUAL DATA VALUES
21-28 WINTER HALF YEAR DATA VALUES
29-36 SUMMER HALF YEAR DATA VALUES
37-44 WINTER (DJF) DATA VALUES
45-52 SPRING (MAM) DATA VALUES
53-60 SUMMER (JJA) DATA VALUES
61-68 AUTUMN (SON) DATA VALUES
69-76 JANUARY DATA VALUES
etc. 
157-164 DECEMBER DATA VALUES

1050   1955 -999999 -999999 -999999 -999999 -999999 -999999 1300    -999999 -999999 -999999 -999999 -999999 -999999 600     400     900     300     100     0       
1050   1956 2200    1000    800     300     300     200     1200    200     100     300     0       0       100     100     0       600     100     500     200     
1050   1957 3500    2500    500     1200    1100    0       800     700     300     700     400     0       0       0       0       100     200     500     600     
1050   1958 5000    1700    2500    1000    0       1400    3100    400     0       0       0       0       200     200     1000    1100    800     1200    100     
1050   1959 7500    3800    3500    600     2500    1800    2100    0       500     1200    900     400     300     400     1100    400     300     1400    600     
1050   1960 4000    3200    2600    1300    900     1000    1300    200     500     200     400     300     100     400     500     900     0       400     100     
1050   1961 6100    2100    2100    900     1900    300     2700    200     600     800     500     600     100     200     0       700     1100    900     400     
1050   1962 1000    2400    200     400     0       0       600     0       0       0       0       0       0       0       0       200     300     100     400     
1050   1963 2300    800     1600    400     200     900     1100    0       0       0       200     0       300     100     500     500     100     500     100     
1050   1964 2300    1700    1100    1000    1000    200     200     600     300     100     700     200     0       0       200     0       100     100     0       
1050   1965 3300    1000    2100    300     1500    300     1200    100     200     500     700     300     200     100     0       800     400     0       0       
1050   1966 2000    500     1700    100     400     1200    300     100     0       0       200     200     1100    0       100     100     100     100     0       
1050   1967 4600    1100    2700    600     700     1100    2000    300     300     300     100     300     0       500     600     1200    0       800     200     
1050   1968 4000    1500    2400    500     1000    900     1000    200     100     200     600     200     600     200     100     700     0       300     800     
1050   1969 5000    1800    3800    1500    600     3200    400     700     0       0       600     0       700     300     2200    0       400     0       100     
1050   1970 3300    600     1800    200     200     1300    1100    100     0       0       0       200     600     200     500     300     600     200     600     
1050   1971 4000    2900    1700    2100    400     1000    600     700     800     0       0       400     100     600     300     300     100     200     500     
1050   1972 4500    1700    2000    700     1700    1000    400     100     100     700     400     600     400     400     200     0       400     0       1200    
1050   1973 4700    4400    1500    2600    1500    1300    400     1300    100     1400    0       100     400     600     300     100     0       300     100     
1050   1974 7100    2600    4200    2000    2000    1700    1100    1200    700     300     400     1300    1100    100     500     800     0       300     400     
1050   1975 4500    2600    1200    1900    500     800     1600    500     1000    400     100     0       0       100     700     300     700     600     100     
1050   1976 4500    2000    2900    500     1400    1700    900     0       400     200     100     1100    700     800     200     0       300     600     100     
1050   1977 2900    1800    200     200     700     200     800     100     0       700     0       0       0       0       200     0       800     0       1100    
1050   1978 2500    2800    1200    1700    600     900     400     300     300     300     200     100     500     300     100     0       200     200     0       
1050   1979 500     400     200     0       0       100     400     0       0       0       0       0       100     0       0       100     300     0       0       
1050   1980 3100    600     2700    300     300     1700    700     0       300     0       300     0       600     500     600     700     0       0       100     
1050   1981 3200    1000    2300    700     1800    0       800     500     100     300     300     1200    0       0       0       800     0       0       0       
1050   1982 3500    1200    1300    900     700     700     800     300     600     300     200     200     300     200     200     200     500     100     400     
1050   1983 2300    2200    800     800     1000    500     300     300     100     800     100     100     100     400     0       100     0       200     100     
1050   1984 3100    600     600     400     100     400     1400    0       300     0       100     0       100     200     100     100     100     1200    900     
1050   1985 1900    2500    1300    1200    500     800     200     0       300     0       200     300     0       500     300     0       200     0       100     
1050   1986 1900    500     700     100     500     400     900     0       0       200     100     200     300     100     0       0       300     600     100     
1050   1987 3200    1300    1100    300     300     800     1200    0       200     100     200     0       0       800     0       100     800     300     700     
1050   1988 6100    3100    4000    1700    1400    2400    800     600     400     300     300     800     100     1100    1200    500     200     100     500     
1050   1989 6000    2400    3200    1800    2100    1200    800     800     500     300     1200    600     700     500     0       200     0       600     600     
1050   1990 7500    3700    3600    2200    2400    1500    1500    700     900     900     800     700     400     200     900     600     600     300     500     
1050   1991 6400    3700    2800    1500    2200    1700    900     800     200     1300    900     0       0       1100    600     200     200     500     600     
1050   1992 8100    4300    4500    2600    2400    2400    900     1300    700     1000    600     800     1600    700     100     700     0       200     400     
1050   1993 2200    1700    800     1200    1000    0       400     0       800     300     100     600     0       0       0       100     0       300     0       
1050   1994 3700    400     2700    0       300     2200    900     0       0       100     200     0       100     1300    800     300     100     500     300     
1050   1995 3600    1400    2100    500     700     600     1900    100     100     300     0       400     0       500     100     1100    500     300     200     
1050   1996 4200    1600    2800    800     1000    1700    500     600     0       0       1000    0       100     200     1400    100     400     0       400     
1050   1997 7500    2100    4900    1200    500     4300    1400    700     100     500     0       0       500     1700    2100    600     0       800     500     
1050   1998 6000    3300    2800    1900    1600    900     1300    700     700     600     600     400     300     300     300     900     0       400     800     
1050   1999 7600    2500    5300    1600    1600    2000    3100    500     300     500     1000    100     500     1000    500     2200    300     600     100     
1050   2000 7900    1700    2800    600     1600    200     4200    300     200     200     800     600     100     0       100     1200    1100    1900    1400    
1050   2001 6200    6000    2500    2800    600     1000    2600    800     600     200     400     0       100     200     700     1100    1200    300     600     
1050   2002 12300   4000    9900    2000    3800    6000    700     1000    400     500     1800    1500    2100    1700    2200    600     0       100     400     
1050   2003 10100   1800    7200    1000    1900    5100    2100    200     400     700     600     600     900     2800    1400    900     0       1200    400     
1050   2004 7400    3400    4400    1500    2600    1500    1500    400     700     700     1500    400     0       500     1000    1000    0       500     700     
1050   2005 6400    2700    2900    1500    1800    1300    2200    400     400     700     1000    100     100     1200    0       500     800     900     300     
1050   2006 13000   4000    7900    2300    900     4800    4000    900     1100    0       100     800     300     2000    2500    2200    1000    800     1300    
1050   2007 6000    5000    3100    1900    2500    1900    400     300     300     1300    1100    100     700     1200    0       0       100     300     600     
1050   2008 8800    2500    6400    1500    2400    3300    1600    0       900     600     1100    700     700     1200    1400    1300    200     100     600     
1050   2009 7800    2500    4800    1800    2900    2000    1200    800     400     400     1200    1300    600     500     900     300     0       900     500     
1050   2010 3300    1700    2300    500     600     1300    1400    0       0       300     300     0       0       700     600     700     700     0       0       
1050   2011 6600    1200    3100    400     1400    800     4000    400     0       100     800     500     400     0       400     1000    900     2100    0       
1050   2012 4100    5000    1700    800     1800    1100    300     500     300     1200    300     300     200     200     700     0       0       300     100     
1050   2013 3000    700     2000    400     600     700     1100    300     0       0       200     400     0       300     400     700     300     100     300     
1050   2014 12100   3800    6600    2500    2000    4000    3600    800     1400    900     900     200     1000    1600    1400    1500    500     1600    300     
1050   2015 8200    4200    3300    1400    1400    1500    3200    300     800     700     700     0       0       200     1300    1100    1400    700     1000    
1050   2016 8600    5100    4500    1700    2300    1500    2800    400     300     1300    700     300     0       1300    200     2000    500     300     1300    
1050   2017 8300    4900    4700    3600    1600    2200    2000    1400    900     500     600     500     900     900     400     1400    500     100     200     
1050   2018 6800    1000    4100    400     1800    1700    2500    200     0       0       900     900     0       1400    300     600     200     1700    600     
1050   2019 7900    4500    4900    2000    2500    2400    1200    200     1200    600     1700    200     600     1100    700     600     200     400     400     
1050   2020 -999999 3200    4300    -999999 1400    3400    -999999 -999999 600     800     400     200     1600    700     1100    300     700     -999999 -999999 
1050   2021 8900    -999999 5100    -999999 900     3700    2800    0       1100    700     200     0       900     2100    700     1200    900     700     400     
