EUROPEAN CLIMATE ASSESSMENT & DATASET (ECA&D), file created on: 20-01-2022
THESE DATA CAN BE USED FOR NON-COMMERCIAL RESEARCH AND EDUCATION PROVIDED THAT THE FOLLOWING SOURCE IS ACKNOWLEDGED: 

Klein Tank, A.M.G. and Coauthors, 2002. Daily dataset of 20th-century surface
air temperature and precipitation series for the European Climate Assessment.
Int. J. of Climatol., 22, 1441-1453.
Data and metadata available at http://www.ecad.eu

FILE FORMAT (MISSING VALUE CODE = -999999):

THIS FILE HOLDS DATA FOR STATION CZECH REPUBLIC                           ONDREJOV                                 (STAID:  11198)
LATITUDE: dd:mm:ss +49:54:25
LONGITUDE: ddd:mm:ss +014:47:04
ELEVATION: m  485

DATA IS FOR INDEX Days with TN > 90th percentile of daily min temp (warm nights) (TN90p) with unit 0.01 No of days

01-06 SOUID: Source identifier
08-11 YEAR : YYYY
13-20 ANNUAL DATA VALUES
21-28 WINTER HALF YEAR DATA VALUES
29-36 SUMMER HALF YEAR DATA VALUES
37-44 WINTER (DJF) DATA VALUES
45-52 SPRING (MAM) DATA VALUES
53-60 SUMMER (JJA) DATA VALUES
61-68 AUTUMN (SON) DATA VALUES
69-76 JANUARY DATA VALUES
etc. 
157-164 DECEMBER DATA VALUES

11198  1950 4100    -999999 2300    -999999 1000    1400    400     500     700     300     100     600     500     300     600     200     100     100     100     
11198  1951 3200    1200    1800    900     200     1000    1200    400     400     100     100     0       200     100     700     700     0       500     0       
11198  1952 2500    700     2100    200     1000    1000    300     200     0       0       900     100     0       400     600     100     100     100     0       
11198  1953 4300    1100    2300    500     1600    700     1300    200     300     400     400     800     300     300     100     400     800     100     200     
11198  1954 1100    1200    700     300     100     300     400     100     0       0       0       100     300     0       0       300     100     0       200     
11198  1955 1000    500     800     200     700     0       300     0       0       200     200     300     0       0       0       300     0       0       0       
11198  1956 1300    200     400     200     300     0       500     200     0       0       100     200     0       0       0       100     400     0       300     
11198  1957 2400    1500    900     800     500     700     600     200     300     300     200     0       100     600     0       0       200     400     100     
11198  1958 2100    1300    800     700     600     200     500     100     500     0       0       600     0       200     0       0       100     400     200     
11198  1959 2400    1700    1000    500     1000    700     200     200     100     700     200     100     0       400     300     0       100     100     200     
11198  1960 3000    1200    1300    700     500     900     600     300     200     300     100     100     300     0       600     200     200     200     500     
11198  1961 5400    2600    3000    1300    1900    1100    1300    100     700     900     900     100     100     300     700     900     300     100     300     
11198  1962 3500    1400    2200    1000    1000    900     900     700     0       0       900     100     700     0       200     300     200     400     0       
11198  1963 3200    600     2000    0       500     1000    1700    0       0       0       300     200     100     400     500     500     100     1100    0       
11198  1964 3500    1400    3000    200     600     2200    500     0       200     0       200     400     900     900     400     200     0       300     0       
11198  1965 1400    500     700     200     0       700     200     200     0       0       0       0       300     200     200     0       100     100     300     
11198  1966 6100    2200    2200    1800    1300    900     2200    100     1400    200     600     500     700     0       200     200     2000    0       200     
11198  1967 3200    3000    1300    700     500     900     1200    200     300     300     100     100     400     400     100     200     1000    0       100     
11198  1968 2900    2200    1100    800     1200    300     700     400     300     400     600     200     300     0       0       0       200     500     0       
11198  1969 2400    800     1500    0       1000    600     800     0       0       100     200     700     0       500     100     0       200     600     0       
11198  1970 2600    800     1400    0       100     1000    1300    0       0       0       100     0       500     300     200     300     200     800     200     
11198  1971 5300    2100    3000    900     1700    1500    300     600     100     200     400     1100    0       700     800     0       300     0       1100    
11198  1972 3700    2400    2300    1600    800     1800    600     0       500     500     100     200     200     1000    600     200     0       400     0       
11198  1973 2700    600     2400    100     800     1200    600     0       100     100     100     600     400     400     400     500     0       100     0       
11198  1974 5100    3000    1100    1600    1600    600     400     700     900     1300    300     0       0       0       600     200     0       200     900     
11198  1975 5000    2800    3000    2200    700     1600    1400    1100    200     400     0       300     400     300     900     1100    200     100     0       
11198  1976 4300    1200    2100    800     900     1200    1200    700     100     100     500     300     400     700     100     100     700     400     200     
11198  1977 5900    4100    1600    1800    1400    900     1800    300     1300    1200    100     100     600     100     200     500     600     700     200     
11198  1978 2700    2100    1200    200     1000    800     100     0       0       600     300     100     500     100     200     0       0       100     800     
11198  1979 3500    1000    1800    800     1000    900     600     0       0       100     200     700     900     0       0       0       400     200     1000    
11198  1980 2500    2300    500     1500    200     400     1000    100     400     200     0       0       100     0       300     100     200     700     400     
11198  1981 4400    2800    2300    600     2100    900     1200    0       200     1300    400     400     800     100     0       600     100     500     0       
11198  1982 3900    900     2500    300     200     1000    2100    300     0       0       0       200     700     300     0       1300    400     400     300     
11198  1983 5800    2700    3700    1600    1100    2600    600     1300    0       300     600     200     300     1300    1000    300     100     200     200     
11198  1984 1000    800     200     500     0       200     500     300     0       0       0       0       0       200     0       0       0       500     0       
11198  1985 3000    700     1300    100     900     400     700     100     0       100     100     700     100     100     200     100     500     100     900     
11198  1986 3700    2100    2700    1400    1600    1100    400     400     100     100     700     800     400     400     300     100     0       300     100     
11198  1987 3500    600     1800    300     400     800     1300    100     100     0       100     300     100     400     300     600     400     300     800     
11198  1988 3700    2800    1300    2100    700     400     800     1000    300     0       200     500     0       200     200     200     600     0       500     
11198  1989 6600    2600    2700    1400    1300    1100    2300    400     500     600     500     200     0       400     700     900     1100    300     1000    
11198  1990 5000    5000    1800    2900    1400    1100    400     800     1100    700     100     600     300     300     500     0       200     200     200     
11198  1991 3400    2500    1400    1200    1100    1100    200     900     100     900     200     0       100     800     200     100     100     0       0       
11198  1992 4300    1600    2300    1100    800     1800    500     700     400     400     100     300     300     100     1400    100     100     300     100     
11198  1993 4900    2300    2600    1600    1900    800     400     1500    0       300     800     800     400     200     200     200     100     100     300     
11198  1994 7900    2900    3900    1800    1200    2900    1600    1200    300     900     200     100     400     1500    1000    700     100     800     700     
11198  1995 6000    3400    3100    2200    1300    2000    1100    400     1100    300     600     400     200     1100    700     100     900     100     100     
11198  1996 2700    1400    1500    400     500     1000    900     300     0       0       400     100     600     100     300     0       300     600     0       
11198  1997 4000    1800    2100    600     1000    1000    900     0       600     300     0       700     300     0       700     400     200     300     500     
11198  1998 6100    3800    2700    2700    2200    1000    400     1100    1100    600     900     700     400     300     300     100     200     100     300     
11198  1999 4600    2000    2600    1300    1200    800     1300    900     100     400     300     500     0       600     200     1000    300     0       300     
11198  2000 8000    2300    4000    1500    2500    1600    2100    200     1000    500     1000    1000    900     200     500     400     1100    600     600     
11198  2001 5300    3800    2700    1500    1500    1800    1100    300     600     600     200     700     300     500     1000    0       1100    0       0       
11198  2002 7800    3700    4100    2400    1300    2700    1200    1000    1400    200     0       1100    800     500     1400    300     100     800     200     
11198  2003 6600    1700    5100    500     1800    3300    900     300     0       300     300     1200    1500    400     1400    300     100     500     300     
11198  2004 4100    2500    1500    1300    800     1200    1000    200     800     600     100     100     200     300     700     100     600     300     100     
11198  2005 4800    2500    2600    1300    1600    700     1300    1000    200     300     500     800     200     400     100     600     600     100     0       
11198  2006 6400    1000    3400    200     300     2500    2700    0       200     100     200     0       800     1600    100     700     800     1200    700     
11198  2007 6800    5300    3700    2700    2500    1800    200     1500    500     600     900     1000    800     400     600     0       100     100     300     
11198  2008 5100    2500    2000    2000    1000    1000    1000    800     900     300     200     500     600     300     100     300     0       700     400     
11198  2009 5300    1500    3000    500     2000    900     1900    0       100     300     1300    400     200     400     300     400     400     1100    400     
11198  2010 4300    2700    2800    700     900     2300    800     0       300     500     200     200     500     1400    400     100     0       700     0       
11198  2011 3800    2100    1900    1200    1100    800     400     900     300     200     800     100     200     0       600     200     200     0       300     
11198  2012 4200    1600    2600    900     1800    1200    300     400     200     500     500     800     400     300     500     100     0       200     300     
11198  2013 5400    1300    2700    1100    800     1800    1300    800     0       0       300     500     800     600     400     100     900     300     700     
11198  2014 9800    4200    4100    1900    2800    1800    3000    1000    200     1100    1200    500     500     1300    0       600     1100    1300    1000    
11198  2015 8600    4400    4500    1700    900     3600    1800    600     100     300     500     100     200     1500    1900    300     300     1200    1600    
11198  2016 -999999 4600    -999999 3100    -999999 1300    2300    800     700     0       600     -999999 300     700     300     1300    300     700     400     
11198  2017 4400    2600    2300    900     1300    1700    700     0       500     700     300     300     400     500     800     0       600     100     200     
11198  2018 11400   2600    7500    1600    3600    3400    2400    1400    0       300     1700    1600    900     1000    1500    800     600     1000    600     
11198  2019 -999999 4300    4700    1900    1600    3600    -999999 600     700     800     800     0       1600    1000    1000    300     -999999 700     800     
11198  2020 6500    -999999 2500    2400    1100    1400    1900    600     1000    700     200     200     200     200     1000    700     500     700     500     
11198  2021 -999999 2400    2600    1100    400     1700    1100    100     500     100     100     200     1200    400     100     600     300     200     -999999 
