EUROPEAN CLIMATE ASSESSMENT & DATASET (ECA&D), file created on: 20-01-2022
THESE DATA CAN BE USED FOR NON-COMMERCIAL RESEARCH AND EDUCATION PROVIDED THAT THE FOLLOWING SOURCE IS ACKNOWLEDGED: 

Klein Tank, A.M.G. and Coauthors, 2002. Daily dataset of 20th-century surface
air temperature and precipitation series for the European Climate Assessment.
Int. J. of Climatol., 22, 1441-1453.
Data and metadata available at http://www.ecad.eu

FILE FORMAT (MISSING VALUE CODE = -999999):

THIS FILE HOLDS DATA FOR STATION GERMANY                                  HELMSTEDT                                (STAID:   4209)
LATITUDE: dd:mm:ss +52:13:04
LONGITUDE: ddd:mm:ss +011:01:23
ELEVATION: m  140

DATA IS FOR INDEX Days with TN > 90th percentile of daily min temp (warm nights) (TN90p) with unit 0.01 No of days

01-06 SOUID: Source identifier
08-11 YEAR : YYYY
13-20 ANNUAL DATA VALUES
21-28 WINTER HALF YEAR DATA VALUES
29-36 SUMMER HALF YEAR DATA VALUES
37-44 WINTER (DJF) DATA VALUES
45-52 SPRING (MAM) DATA VALUES
53-60 SUMMER (JJA) DATA VALUES
61-68 AUTUMN (SON) DATA VALUES
69-76 JANUARY DATA VALUES
etc. 
157-164 DECEMBER DATA VALUES

4209   1947 -999999 -999999 5100    -999999 -999999 2300    1800    -999999 -999999 -999999 400     900     1200    600     500     1500    0       300     100     
4209   1948 6100    2000    3400    1200    1900    1300    1600    500     600     500     1000    400     500     400     400     700     300     600     200     
4209   1949 4500    2000    2600    1100    1000    900     1400    300     600     0       900     100     200     200     500     700     700     0       300     
4209   1950 4800    2800    2600    1400    1400    1600    600     400     700     700     0       700     700     300     600     300     200     100     100     
4209   1951 1900    700     1200    200     400     500     600     100     0       200     200     0       100     300     100     500     0       100     300     
4209   1952 3100    700     2600    500     1400    1300    200     0       200     100     1200    100     300     500     500     0       200     0       0       
4209   1953 5700    1200    2800    800     1300    1600    1600    200     600     200     300     800     900     500     200     100     900     600     400     
4209   1954 2800    1900    1400    400     100     400     2000    0       0       0       0       100     300     0       100     900     900     200     300     
4209   1955 2500    1700    1600    300     800     800     600     0       0       300     400     100     100     300     400     300     0       300     300     
4209   1956 1600    800     400     500     200     100     500     100     100     0       0       200     0       100     0       100     400     0       600     
4209   1957 4600    3300    1300    2100    900     1100    1100    500     1000    800     100     0       500     600     0       100     600     400     0       
4209   1958 2100    1700    1000    700     500     200     600     0       700     0       0       500     0       100     100     300     300     0       100     
4209   1959 3400    1900    1600    800     1400    1000    100     400     300     800     500     100     100     500     400     0       100     0       200     
4209   1960 3000    1200    1300    800     700     800     600     500     100     300     0       400     200     100     500     100     0       500     300     
4209   1961 5200    2900    2400    1600    1900    300     1400    100     1200    800     1000    100     0       200     100     1000    400     0       300     
4209   1962 1800    1100    800     700     300     200     900     400     0       0       200     100     200     0       0       300     400     200     0       
4209   1963 3100    700     2100    0       1000    1000    1100    0       0       100     500     400     200     500     300     200     100     800     0       
4209   1964 3600    1100    2800    200     800     1500    1000    0       200     0       300     500     600     500     400     500     0       500     100     
4209   1965 1300    900     900     200     400     600     100     100     0       200     100     100     300     300     0       100     0       0       100     
4209   1966 5500    1600    2700    1300    1300    1600    1200    200     1000    300     700     300     1100    400     100     100     1100    0       200     
4209   1967 3800    2600    1800    1200    700     1000    900     200     800     300     0       400     100     600     300     400     500     0       200     
4209   1968 3900    1400    2200    500     1400    1100    1100    300     0       400     800     200     400     200     500     100     800     200     0       
4209   1969 3300    1100    2600    100     700     1900    600     100     0       0       0       700     300     1200    400     0       100     500     0       
4209   1970 2700    600     1900    0       600     1100    800     0       0       0       200     400     800     0       300     200     0       600     200     
4209   1971 4400    1500    2100    700     1100    1200    700     300     200     200     0       900     200     400     600     0       300     400     900     
4209   1972 2500    1800    1500    1000    700     900     500     0       100     100     500     100     0       600     300     0       100     400     300     
4209   1973 2400    1400    1200    800     100     600     1000    100     400     100     0       0       100     400     100     600     100     300     200     
4209   1974 3600    2400    500     1500    600     300     300     700     600     500     100     0       0       0       300     100     0       200     1100    
4209   1975 3900    3000    2200    2700    500     1600    200     1400    200     100     300     100     300     400     900     200     0       0       0       
4209   1976 2800    800     1400    700     600     700     800     500     200     100     300     200     400     300     0       200     300     300     0       
4209   1977 4600    2500    1000    800     1300    600     1100    300     500     1100    200     0       500     0       100     200     400     500     800     
4209   1978 2900    3000    400     1000    1200    300     1100    100     100     1100    0       100     100     100     100     0       300     800     100     
4209   1979 2600    1500    1500    100     800     600     600     0       0       300     0       500     600     0       0       400     0       200     600     
4209   1980 2100    1100    600     700     200     400     800     0       100     200     0       0       200     100     100     200     100     500     600     
4209   1981 3300    2200    2100    900     1500    1000    500     0       300     700     300     500     300     500     200     300     0       200     0       
4209   1982 3000    400     2200    200     600     1100    1100    200     0       0       200     400     700     200     200     500     200     400     0       
4209   1983 6400    2500    2900    1200    1400    2000    1100    1200    0       700     500     200     300     1000    700     200     600     300     700     
4209   1984 6400    2500    4400    1600    700     3000    1600    700     200     0       100     600     300     900     1800    700     600     300     200     
4209   1985 3600    1200    2100    200     1700    300     800     0       0       100     800     800     100     0       200     200     600     0       800     
4209   1986 3000    1800    1700    1100    900     900     600     300     0       100     200     600     400     300     200     0       100     500     300     
4209   1987 4200    1100    2400    500     700     1300    1000    0       200     0       500     200     300     500     500     400     200     400     1000    
4209   1988 5200    3100    2200    2500    1300    600     1300    1200    300     0       400     900     0       200     400     300     700     300     500     
4209   1989 6400    3500    2900    1900    1400    1100    2100    1000    400     600     600     200     300     500     300     1000    900     200     400     
4209   1990 5900    4600    1600    2500    1200    1400    1200    1000    1100    1000    100     100     400     100     900     0       700     500     0       
4209   1991 4300    3000    2300    800     1500    1200    700     700     100     1000    400     100     100     700     400     600     100     0       100     
4209   1992 4600    1500    3100    1200    1100    2200    200     400     700     200     300     600     800     400     1000    0       0       200     0       
4209   1993 3700    1500    1900    800     2000    300     200     700     100     500     900     600     200     100     0       100     100     0       400     
4209   1994 6900    1800    3800    1100    1700    2700    1200    600     100     600     700     400     500     1500    700     0       200     1000    600     
4209   1995 5200    3000    3000    1700    1100    1800    1200    100     1000    100     700     300     0       1000    800     200     900     100     0       
4209   1996 2100    1000    1800    0       1100    600     400     0       0       0       700     400     500     0       100     100     100     200     0       
4209   1997 6200    2000    3500    1000    1400    2200    1100    0       1000    700     100     600     400     100     1700    600     300     200     500     
4209   1998 7400    4400    3000    3200    2300    700     1200    1000    1700    700     900     700     500     100     100     700     500     0       500     
4209   1999 7400    2600    4700    1500    1900    1600    2500    700     300     600     900     400     300     1000    300     1800    400     300     400     
4209   2000 7100    2900    3300    1800    1800    1300    1600    500     900     400     800     600     600     200     500     600     600     400     1000    
4209   2001 6200    3300    3100    1800    1200    2100    2000    300     500     500     300     400     100     700     1300    300     1500    200     100     
4209   2002 7600    4300    4600    2100    1700    3000    900     800     1200    500     300     900     900     500     1600    400     100     400     0       
4209   2003 7000    1300    5000    400     1600    3400    1600    400     0       400     400     800     1200    1100    1100    400     0       1200    0       
4209   2004 5200    2800    2300    1000    1200    1500    1100    0       1000    600     400     200     300     100     1100    200     600     300     400     
4209   2005 7200    2900    4500    1400    2400    1800    1900    1000    0       600     900     900     600     700     500     900     700     300     100     
4209   2006 10000   1600    5300    300     900     3100    4400    0       200     300     500     100     800     2200    100     1600    1600    1200    1400    
4209   2007 5200    6700    2300    3700    1200    1300    200     1500    800     200     400     600     700     300     300     0       0       200     200     
4209   2008 3100    2000    1200    1600    300     900     500     900     500     200     0       100     300     400     200     200     0       300     0       
4209   2009 3500    600     1800    0       1400    600     1500    0       0       300     1000    100     100     400     100     100     200     1200    0       
4209   2010 2700    1700    1800    0       500     1500    700     0       0       300     200     0       200     1200    100     100     100     500     0       
4209   2011 3800    1700    2100    800     1100    800     800     500     300     300     700     100     300     0       500     500     200     100     300     
4209   2012 4600    2100    2000    900     2000    800     800     200     400     900     600     500     200     300     300     100     700     0       400     
4209   2013 4300    1800    2200    1100    700     1200    1200    700     0       0       500     200     300     600     300     300     800     100     500     
4209   2014 6200    2700    3100    1300    1400    1400    2200    300     500     500     700     200     400     900     100     800     800     600     400     
4209   2015 4800    2200    1800    800     100     1600    1400    400     0       0       100     0       0       500     1100    100     100     1200    1300    
4209   2016 5300    3400    3700    2100    800     1700    1500    300     500     0       300     500     700     600     400     1200    100     200     500     
4209   2017 5000    2200    2000    1200    1500    800     1600    0       700     700     400     400     300     400     100     400     1100    100     400     
4209   2018 6600    2200    4900    900     2200    2200    1100    500     0       100     1200    900     800     600     800     600     200     300     600     
4209   2019 6700    3100    2900    1900    1100    2100    1900    400     900     700     300     100     1000    400     700     400     1200    300     300     
4209   2020 5800    3400    2700    1700    400     2100    1600    500     900     200     200     0       700     200     1200    400     600     600     300     
4209   2021 4600    2800    2200    1200    600     1400    1100    200     700     400     0       200     1000    300     100     600     300     200     600     
