EUROPEAN CLIMATE ASSESSMENT & DATASET (ECA&D), file created on: 20-01-2022
THESE DATA CAN BE USED FOR NON-COMMERCIAL RESEARCH AND EDUCATION PROVIDED THAT THE FOLLOWING SOURCE IS ACKNOWLEDGED: 

Klein Tank, A.M.G. and Coauthors, 2002. Daily dataset of 20th-century surface
air temperature and precipitation series for the European Climate Assessment.
Int. J. of Climatol., 22, 1441-1453.
Data and metadata available at http://www.ecad.eu

FILE FORMAT (MISSING VALUE CODE = -999999):

THIS FILE HOLDS DATA FOR STATION FINLAND                                  TUUSULA RUOTSINKYLA                      (STAID:   7027)
LATITUDE: dd:mm:ss +60:22:00
LONGITUDE: ddd:mm:ss +024:58:59
ELEVATION: m   49

DATA IS FOR INDEX Days with TN > 90th percentile of daily min temp (warm nights) (TN90p) with unit 0.01 No of days

01-06 SOUID: Source identifier
08-11 YEAR : YYYY
13-20 ANNUAL DATA VALUES
21-28 WINTER HALF YEAR DATA VALUES
29-36 SUMMER HALF YEAR DATA VALUES
37-44 WINTER (DJF) DATA VALUES
45-52 SPRING (MAM) DATA VALUES
53-60 SUMMER (JJA) DATA VALUES
61-68 AUTUMN (SON) DATA VALUES
69-76 JANUARY DATA VALUES
etc. 
157-164 DECEMBER DATA VALUES

7027   1959 3300    -999999 2500    -999999 900     1700    400     100     100     100     100     700     400     400     900     0       200     200     100     
7027   1960 3900    500     2700    100     300     2100    600     0       0       0       100     200     600     1000    500     300     100     200     900     
7027   1961 6100    3900    1800    2800    1300    1200    1600    500     1400    800     100     400     1000    100     100     100     1200    300     100     
7027   1962 3000    2700    800     1200    600     0       1100    900     200     0       600     0       0       0       0       200     500     400     200     
7027   1963 3800    1100    3400    200     1400    1100    1100    0       0       0       400     1000    0       500     600     900     100     100     200     
7027   1964 2600    900     1000    700     200     500     900     500     0       0       200     0       100     100     300     300     400     200     500     
7027   1965 3600    2000    2300    1100    500     1200    1200    600     0       300     200     0       300     0       900     900     300     0       100     
7027   1966 1800    600     700     200     300     500     800     0       100     100     100     100     100     400     0       0       600     200     100     
7027   1967 4600    1900    2100    100     1800    600     2100    0       0       1000    400     400     0       200     400     700     1100    300     100     
7027   1968 3300    2300    2400    100     1300    1200    800     0       0       800     200     300     600     0       600     700     0       100     0       
7027   1969 1100    100     600     0       100     200     800     0       0       0       0       100     0       0       200     300     100     400     0       
7027   1970 1900    700     1200    0       200     800     600     0       0       200     0       0       100     300     400     400     0       200     300     
7027   1971 3400    2100    1200    1600    800     700     300     1100    200     300     200     300     0       200     500     0       0       300     300     
7027   1972 5900    1100    3400    700     700     2600    400     0       400     100     300     300     400     1500    700     200     0       200     1800    
7027   1973 3600    3600    1800    2800    800     1500    100     500     500     600     0       200     500     800     200     100     0       0       200     
7027   1974 4100    1100    1500    1100    200     600     1400    100     800     0       100     100     100     400     100     700     200     500     1000    
7027   1975 5800    3500    2900    2200    1600    1100    1400    1100    100     600     400     600     100     600     400     800     100     500     500     
7027   1976 1300    1400    700     700     200     500     200     0       200     100     100     0       0       300     200     100     0       100     200     
7027   1977 3600    900     1900    400     900     1100    1000    200     0       400     200     300     600     200     300     300     500     200     400     
7027   1978 1500    1800    500     600     600     400     300     200     0       500     100     0       100     200     100     0       0       300     0       
7027   1979 3200    300     1700    0       800     800     1100    0       0       0       300     500     100     200     500     100     400     600     500     
7027   1980 1900    1600    1500    600     700     600     400     0       100     0       700     0       500     0       100     200     200     0       100     
7027   1981 1500    500     1200    300     300     600     400     200     0       0       100     200     200     300     100     300     100     0       0       
7027   1982 3800    700     1300    100     900     500     1800    0       100     500     200     200     100     200     200     400     100     1300    500     
7027   1983 5700    3000    3600    1400    2100    800     1500    900     0       200     900     1000    100     500     200     900     400     200     400     
7027   1984 4400    1100    2400    500     1500    800     1500    100     0       0       300     1200    300     0       500     100     700     700     500     
7027   1985 2300    1900    1200    500     0       1100    700     0       0       0       0       0       300     200     600     100     600     0       500     
7027   1986 3500    1500    1400    800     800     700     1500    300     0       100     400     300     500     100     100     0       200     1300    200     
7027   1987 1300    1900    600     200     800     0       500     0       0       200     200     400     0       0       0       0       400     100     0       
7027   1988 7200    2500    5100    2000    1100    3500    600     800     1200    0       500     600     1300    1700    500     500     100     0       0       
7027   1989 9500    4600    3500    2600    3600    1300    1600    1300    1300    1900    1500    200     700     300     300     500     400     700     400     
7027   1990 6700    4900    2400    2800    2600    800     400     700     1700    1000    800     800     200     200     400     0       400     0       500     
7027   1991 5300    2700    1800    1700    1000    1000    1500    700     500     600     400     0       0       300     700     400     400     700     600     
7027   1992 5900    3900    3000    1200    2300    1600    700     300     300     1600    500     200     700     600     300     700     0       0       700     
7027   1993 3600    2700    1500    2300    1600    300     0       1000    600     400     300     900     0       300     0       0       0       0       100     
7027   1994 4300    700     2400    300     1400    900     900     200     0       400     900     100     0       600     300     500     300     100     900     
7027   1995 7100    4000    3000    2500    1700    1800    2000    300     1300    1100    300     300     1300    100     400     600     1300    100     0       
7027   1996 2600    1400    500     0       400     100     1600    0       0       0       100     300     0       0       100     0       600     1000    500     
7027   1997 4700    3600    2600    1200    1300    2000    400     0       700     800     300     200     600     600     800     100     100     200     300     
7027   1998 5300    2600    2200    2200    700     900     1100    1200    700     100     400     200     700     200     0       700     400     0       700     
7027   1999 8700    2400    5500    1500    2200    3100    2300    700     100     500     1700    0       1500    1200    400     700     600     1000    300     
7027   2000 9200    3800    3100    1800    2100    1300    2700    800     700     400     1300    400     500     600     200     100     1200    1400    1600    
7027   2001 8300    5200    5900    2300    1700    3300    2500    400     300     300     1000    400     600     2100    600     1200    1300    0       100     
7027   2002 8000    4200    5200    2200    2200    3100    600     800     1300    700     600     900     800     1400    900     600     0       0       0       
7027   2003 6400    800     3900    200     1100    2700    1500    200     0       600     400     100     0       1800    900     700     100     700     900     
7027   2004 6100    2300    4400    1000    1700    2000    1600    0       100     500     400     800     0       700     1300    1200    300     100     700     
7027   2005 7100    1900    4100    1500    1100    2100    3000    700     100     0       600     500     300     1000    800     900     800     1300    100     
7027   2006 8900    2400    5200    300     700     3200    3200    200     0       0       100     600     800     1000    1400    1300    700     1200    1600    
7027   2007 10600   5900    5700    2400    3700    2800    1700    700     100     1600    1200    900     400     900     1500    800     800     100     1600    
7027   2008 10100   5700    4500    4100    2700    2500    1400    1100    1400    700     1100    900     500     900     1100    0       600     800     1000    
7027   2009 6900    3300    4100    1600    1400    2000    2500    400     200     300     700     400     800     600     600     1000    100     1400    400     
7027   2010 8400    2500    7300    500     2800    4100    1400    0       100     500     1100    1200    200     2600    1300    900     100     400     0       
7027   2011 11500   1400    6800    600     1500    4500    3200    400     200     300     900     300     1000    2300    1200    1100    800     1300    1700    
7027   2012 7300    5000    4500    2000    2400    2000    2500    200     100     900     800     700     100     1400    500     1000    400     1100    100     
7027   2013 9400    2100    6000    600     2100    3100    2000    400     100     0       400     1700    1700    800     600     800     600     600     1700    
7027   2014 11300   6700    5100    4400    2600    3300    1700    1000    1700    1100    600     900     600     1700    1000    300     700     700     1000    
7027   2015 9500    5900    2700    3200    2500    800     2500    800     1400    1300    1100    100     0       300     500     700     100     1700    1500    
7027   2016 9700    5800    6000    2900    3300    3200    1100    300     1100    1100    800     1400    1000    1400    800     600     100     400     700     
7027   2017 5600    2900    2600    1600    1500    1400    800     400     500     800     400     300     200     200     1000    500     0       300     1000    
7027   2018 10600   2300    7800    1800    2500    4100    3000    800     0       200     1100    1200    700     2100    1300    1400    800     800     200     
7027   2019 9900    3700    5300    1200    2300    3100    1900    0       1000    900     800     600     1200    800     1100    800     400     700     1600    
7027   2020 13400   7900    4800    5200    2600    2600    3600    1900    1700    1600    700     300     1700    400     500     1200    1100    1300    1000    
7027   2021 7500    4800    4300    1600    2000    2900    1600    200     400     800     500     700     1100    1200    600     200     1000    400     400     
