EUROPEAN CLIMATE ASSESSMENT & DATASET (ECA&D), file created on: 20-01-2022
THESE DATA CAN BE USED FOR NON-COMMERCIAL RESEARCH AND EDUCATION PROVIDED THAT THE FOLLOWING SOURCE IS ACKNOWLEDGED: 

Klein Tank, A.M.G. and Coauthors, 2002. Daily dataset of 20th-century surface
air temperature and precipitation series for the European Climate Assessment.
Int. J. of Climatol., 22, 1441-1453.
Data and metadata available at http://www.ecad.eu

FILE FORMAT (MISSING VALUE CODE = -999999):

THIS FILE HOLDS DATA FOR STATION GERMANY                                  INGELFINGEN                              (STAID:   4256)
LATITUDE: dd:mm:ss +49:17:52
LONGITUDE: ddd:mm:ss +009:39:11
ELEVATION: m  209

DATA IS FOR INDEX Days with TN > 90th percentile of daily min temp (warm nights) (TN90p) with unit 0.01 No of days

01-06 SOUID: Source identifier
08-11 YEAR : YYYY
13-20 ANNUAL DATA VALUES
21-28 WINTER HALF YEAR DATA VALUES
29-36 SUMMER HALF YEAR DATA VALUES
37-44 WINTER (DJF) DATA VALUES
45-52 SPRING (MAM) DATA VALUES
53-60 SUMMER (JJA) DATA VALUES
61-68 AUTUMN (SON) DATA VALUES
69-76 JANUARY DATA VALUES
etc. 
157-164 DECEMBER DATA VALUES

4256   1946 2300    -999999 1000    -999999 600     500     200     200     700     100     100     400     200     200     100     0       0       200     100     
4256   1947 3200    500     2300    200     800     1300    900     100     0       100     500     200     800     500     0       300     100     500     100     
4256   1948 3800    3000    1100    1800    1200    400     400     700     1000    600     300     300     300     0       100     100     100     200     100     
4256   1949 3500    1000    1800    600     700     600     1200    400     100     100     500     100     100     100     400     600     400     200     500     
4256   1950 4700    2300    2200    1500    800     1300    1400    300     700     200     200     400     300     500     500     300     600     500     200     
4256   1951 3600    2500    1200    1000    600     500     1500    600     200     400     100     100     0       0       500     500     200     800     200     
4256   1952 2800    1600    2300    500     1000    1300    200     200     100     100     700     200     400     700     200     100     0       100     0       
4256   1953 2900    500     1700    300     800     800     900     100     200     100     100     600     500     300     0       200     700     0       100     
4256   1954 2400    1200    800     300     400     400     900     200     0       200     200     0       400     0       0       200     300     400     500     
4256   1955 1900    1300    1100    500     300     700     500     0       0       100     100     100     200     400     100     200     200     100     400     
4256   1956 2400    1300    600     600     700     100     700     100     100     400     200     100     0       100     0       200     400     100     700     
4256   1957 3100    2800    1100    1200    1100    900     600     200     300     1100    0       0       200     700     0       200     300     100     0       
4256   1958 2600    1100    1400    700     600     700     500     100     600     0       0       600     100     100     500     100     100     300     100     
4256   1959 1700    1100    900     200     800     600     200     100     0       500     300     0       300     200     100     0       200     0       0       
4256   1960 3400    1300    1400    600     1100    700     700     200     400     500     300     300     200     0       500     100     300     300     300     
4256   1961 4100    2100    1700    1100    1500    100     1100    100     700     400     1000    100     100     0       0       500     600     0       600     
4256   1962 1900    2000    900     1300    600     300     300     700     0       100     300     200     100     100     100     100     100     100     0       
4256   1963 1700    200     800     0       400     200     1100    0       0       0       200     200     200     0       0       200     0       900     0       
4256   1964 3900    1400    2200    400     800     900     1600    0       400     100     400     300     200     700     0       600     0       1000    200     
4256   1965 1500    1600    400     500     200     300     200     300     0       100     0       100     200     100     0       0       0       200     500     
4256   1966 4900    2500    2100    2200    1000    1200    900     400     1300    100     700     200     700     200     300     0       900     0       100     
4256   1967 5400    3000    2200    1300    1300    1400    1400    500     700     800     200     300     300     700     400     300     1000    100     100     
4256   1968 4200    1900    2300    700     1000    1200    1400    200     400     100     600     300     700     300     200     200     900     300     0       
4256   1969 3400    1500    2500    200     1200    1300    700     200     0       100     400     700     100     700     500     100     100     500     0       
4256   1970 3500    1000    1900    100     700     1200    1100    0       100     300     400     0       500     200     500     300     200     600     400     
4256   1971 2900    1700    1900    900     1100    800     100     400     100     0       100     1000    0       400     400     0       100     0       400     
4256   1972 3100    1100    1900    800     900     1100    600     200     200     200     500     200     100     600     400     100     200     300     100     
4256   1973 2300    600     1900    100     700     1000    600     0       0       0       100     600     300     200     500     200     300     100     0       
4256   1974 5000    2700    1200    1200    1600    300     600     900     300     1100    200     300     100     0       200     400     0       200     1300    
4256   1975 4400    3200    2400    2800    600     1300    900     1100    400     200     300     100     400     300     600     700     200     0       100     
4256   1976 3600    1600    1400    1400    300     700     1300    1300    0       0       100     200     100     400     200     400     500     400     0       
4256   1977 5800    3100    1600    1300    1000    1000    2100    200     1100    900     100     0       400     100     500     500     1000    600     400     
4256   1978 3200    2800    1600    600     1200    700     500     0       200     600     300     300     400     200     100     300     0       200     600     
4256   1979 3500    1700    1700    800     1100    1000    800     0       200     700     100     300     700     200     100     300     200     300     400     
4256   1980 2800    2200    1200    1500    300     700     500     100     1000    200     0       100     300     0       400     400     0       100     200     
4256   1981 3600    1400    1700    200     1700    800     1100    0       0       1100    500     100     500     100     200     300     200     600     0       
4256   1982 3700    900     2600    100     400     1900    800     100     0       0       0       400     700     600     600     300     100     400     500     
4256   1983 5200    3000    2400    1600    1200    1900    800     1100    0       900     100     200     500     800     600     200     200     400     200     
4256   1984 2100    1100    900     400     100     800     1000    100     100     100     0       0       100     300     400     100     400     500     0       
4256   1985 3400    1200    2000    200     1200    800     400     0       200     100     400     700     200     400     200     100     200     100     800     
4256   1986 4400    1600    3200    1300    1600    1400    600     500     0       0       300     1300    900     100     400     200     100     300     300     
4256   1987 5300    1300    3400    700     900     1500    1800    200     200     200     600     100     100     800     600     1200    200     400     700     
4256   1988 5200    2600    2100    1800    1000    1000    1200    800     300     200     200     600     200     300     500     300     600     300     900     
4256   1989 6200    3400    3200    2000    1200    1900    1300    500     600     500     300     400     200     1000    700     600     400     300     700     
4256   1990 3600    2700    1200    1700    500     1000    1000    500     500     300     0       200     300     300     400     0       500     500     100     
4256   1991 4400    2800    2200    700     1100    1800    700     600     0       1100    0       0       300     900     600     400     100     200     200     
4256   1992 5700    1600    3500    1000    700     2800    1200    500     300     300     100     300     500     600     1700    300     400     500     200     
4256   1993 5200    2300    2800    1000    1900    900     1000    800     0       400     600     900     500     0       400     400     400     200     600     
4256   1994 11100   3900    5200    1800    2300    3900    2800    1000    200     1500    300     500     800     1900    1200    500     400     1900    900     
4256   1995 6900    4700    3800    2100    1300    2600    1700    400     800     300     500     500     200     1400    1000    200     1400    100     100     
4256   1996 2800    1900    1600    100     700     1200    900     0       0       300     300     100     700     0       500     0       500     400     0       
4256   1997 5200    2400    2400    600     1700    1200    1100    0       600     900     400     400     400     0       800     400     400     300     600     
4256   1998 6200    3400    3400    2000    2000    1600    1000    800     600     700     600     700     1100    300     200     500     400     100     200     
4256   1999 6500    1600    4500    600     1700    2600    1400    300     100     500     300     900     600     1100    900     700     300     400     400     
4256   2000 7000    2800    3600    1300    2200    2000    1300    300     600     800     600     800     900     300     800     200     600     500     600     
4256   2001 6700    3800    2500    1500    1800    1900    1500    500     400     1200    100     500     100     400     1400    0       1100    400     600     
4256   2002 -999999 4000    3600    2000    1200    2600    1900    400     1000    500     200     500     1100    500     1000    300     400     1200    -999999 
