EUROPEAN CLIMATE ASSESSMENT & DATASET (ECA&D), file created on: 20-01-2022
THESE DATA CAN BE USED FOR NON-COMMERCIAL RESEARCH AND EDUCATION PROVIDED THAT THE FOLLOWING SOURCE IS ACKNOWLEDGED: 

Klein Tank, A.M.G. and Coauthors, 2002. Daily dataset of 20th-century surface
air temperature and precipitation series for the European Climate Assessment.
Int. J. of Climatol., 22, 1441-1453.
Data and metadata available at http://www.ecad.eu

FILE FORMAT (MISSING VALUE CODE = -999999):

THIS FILE HOLDS DATA FOR STATION RUSSIAN FEDERATION                       ERSHOV                                   (STAID:   2276)
LATITUDE: dd:mm:ss +51:22:00
LONGITUDE: ddd:mm:ss +048:18:00
ELEVATION: m  110

DATA IS FOR INDEX Days with TN > 90th percentile of daily min temp (warm nights) (TN90p) with unit 0.01 No of days

01-06 SOUID: Source identifier
08-11 YEAR : YYYY
13-20 ANNUAL DATA VALUES
21-28 WINTER HALF YEAR DATA VALUES
29-36 SUMMER HALF YEAR DATA VALUES
37-44 WINTER (DJF) DATA VALUES
45-52 SPRING (MAM) DATA VALUES
53-60 SUMMER (JJA) DATA VALUES
61-68 AUTUMN (SON) DATA VALUES
69-76 JANUARY DATA VALUES
etc. 
157-164 DECEMBER DATA VALUES

2276   1936 -999999 -999999 -999999 -999999 -999999 -999999 -999999 200     0       0       -999999 -999999 -999999 -999999 -999999 -999999 -999999 900     500     
2276   1937 -999999 -999999 -999999 600     -999999 -999999 -999999 0       100     -999999 -999999 -999999 -999999 -999999 -999999 -999999 -999999 -999999 400     
2276   1938 -999999 -999999 -999999 600     -999999 -999999 -999999 0       200     200     -999999 -999999 -999999 -999999 -999999 -999999 -999999 -999999 0       
2276   1939 -999999 -999999 -999999 -999999 -999999 -999999 -999999 0       200     200     -999999 -999999 -999999 -999999 -999999 -999999 -999999 100     0       
2276   1940 -999999 -999999 -999999 0       -999999 -999999 -999999 0       0       100     -999999 -999999 -999999 -999999 -999999 -999999 -999999 900     400     
2276   1941 -999999 -999999 -999999 800     -999999 -999999 -999999 0       400     100     -999999 -999999 -999999 -999999 -999999 -999999 -999999 0       0       
2276   1942 -999999 -999999 -999999 200     -999999 -999999 -999999 200     0       0       -999999 -999999 -999999 -999999 -999999 -999999 -999999 0       100     
2276   1943 -999999 -999999 -999999 300     -999999 -999999 -999999 0       200     400     -999999 -999999 -999999 -999999 -999999 -999999 -999999 -999999 200     
2276   1944 -999999 -999999 -999999 1400    -999999 -999999 -999999 600     600     -999999 -999999 -999999 -999999 -999999 -999999 -999999 -999999 -999999 0       
2276   1945 -999999 -999999 -999999 0       -999999 -999999 -999999 0       0       0       -999999 -999999 -999999 -999999 -999999 -999999 -999999 0       200     
2276   1946 -999999 -999999 -999999 -999999 -999999 -999999 -999999 100     500     0       -999999 -999999 -999999 -999999 -999999 -999999 -999999 -999999 100     
2276   1947 -999999 -999999 -999999 400     -999999 -999999 -999999 100     200     500     -999999 -999999 -999999 -999999 -999999 -999999 -999999 400     800     
2276   1948 -999999 -999999 -999999 2000    -999999 -999999 -999999 900     300     0       -999999 -999999 -999999 -999999 -999999 -999999 -999999 400     100     
2276   1949 -999999 -999999 -999999 800     -999999 -999999 -999999 300     400     100     -999999 -999999 -999999 -999999 -999999 -999999 -999999 -999999 100     
2276   1950 -999999 -999999 -999999 500     -999999 -999999 -999999 0       400     200     -999999 -999999 -999999 -999999 -999999 -999999 -999999 -999999 200     
2276   1951 -999999 -999999 4400    -999999 1600    2500    -999999 -999999 0       500     1100    0       500     600     1400    800     0       0       400     
2276   1952 -999999 -999999 -999999 600     100     -999999 1400    200     0       0       0       100     400     300     700     600     300     500     0       
2276   1953 3300    -999999 2600    -999999 300     2000    600     100     0       0       0       300     100     500     1400    300     300     0       300     
2276   1954 -999999 -999999 -999999 -999999 0       -999999 2200    -999999 0       0       0       0       1200    1400    -999999 600     600     1000    400     
2276   1955 -999999 -999999 2300    -999999 600     1500    1000    400     -999999 100     0       500     500     400     600     300     700     0       200     
2276   1956 3200    1200    1500    500     300     1100    800     300     0       0       300     0       600     0       500     100     700     0       700     
2276   1957 7200    2200    5300    1500    1600    2200    2100    200     600     0       300     1300    700     600     900     1500    300     300     500     
2276   1958 3000    2900    500     1500    1200    100     400     300     700     800     0       400     0       100     0       0       100     300     300     
2276   1959 1400    1000    1100    600     600     300     200     300     0       0       300     300     0       200     100     200     0       0       0       
2276   1960 -999999 -999999 -999999 -999999 -999999 1400    400     -999999 -999999 -999999 -999999 -999999 700     300     400     100     200     100     1000    
2276   1961 -999999 -999999 -999999 -999999 -999999 -999999 -999999 -999999 -999999 -999999 -999999 -999999 -999999 -999999 -999999 -999999 -999999 -999999 -999999 
2276   1962 3900    -999999 1600    -999999 1400    700     500     600     700     700     100     600     100     500     100     200     0       300     0       
2276   1963 3600    1100    1200    600     200     300     2400    300     300     200     0       0       0       0       300     900     700     800     100     
2276   1964 1200    1700    300     200     0       0       -999999 100     0       0       0       0       0       0       0       300     0       200     600     
2276   1965 -999999 1800    -999999 1200    700     -999999 -999999 500     100     400     100     200     0       300     300     100     -999999 400     800     
2276   1966 -999999 -999999 3100    -999999 1700    2300    700     -999999 -999999 1200    100     400     100     900     1300    300     400     0       0       
2276   1967 4200    400     3200    0       2000    1200    600     0       0       0       1100    900     300     0       900     0       500     100     400     
2276   1968 1900    1300    1400    600     900     300     500     100     100     100     100     700     300     0       0       300     100     100     0       
2276   1969 2300    300     1500    100     200     700     1300    0       100     0       0       200     200     0       500     600     0       700     0       
2276   1970 2500    1400    1300    600     1100    200     600     100     500     100     400     600     0       100     100     100     0       500     0       
2276   1971 5700    1200    3200    600     100     1900    3000    600     0       100     0       0       300     1100    500     1300    500     1200    100     
2276   1972 5400    2100    4000    200     1200    2800    900     0       100     200     700     300     600     1000    1200    200     400     300     400     
2276   1973 4200    2500    1500    1400    1800    100     500     0       1000    400     1000    400     100     0       0       0       100     400     800     
2276   1974 -999999 -999999 -999999 -999999 -999999 -999999 -999999 -999999 -999999 700     -999999 600     0       300     100     200     1100    -999999 -999999 
2276   1975 6700    -999999 4300    -999999 2000    2200    1100    800     300     600     1200    200     1000    600     600     700     200     200     300     
2276   1976 1400    1600    500     1200    200     100     200     700     200     0       100     100     100     0       0       200     0       0       0       
2276   1977 5100    1100    3100    300     2200    1500    1000    0       300     800     800     600     800     400     300     200     200     600     100     
2276   1978 2700    2600    600     600     1500    0       700     300     200     1200    0       300     0       0       0       300     300     100     0       
2276   1979 2900    700     1500    200     400     900     600     100     100     100     100     200     200     100     600     300     300     0       800     
2276   1980 2400    1300    1000    1000    300     500     400     0       200     0       200     100     300     100     100     200     100     100     1000    
2276   1981 5200    2600    2000    2400    0       1800    1600    600     800     0       0       0       600     400     800     200     400     1000    400     
2276   1982 4100    2300    1900    700     1100    500     1200    300     0       200     800     100     0       400     100     500     600     100     1000    
2276   1983 6200    4600    2300    3300    2200    500     900     1100    1200    600     1100    500     0       300     200     200     300     400     300     
2276   1984 5200    2000    3200    1300    900     1600    1700    1000    0       0       0       900     400     1200    0       700     500     500     0       
2276   1985 2300    1300    1200    300     700     400     900     300     0       0       0       700     200     0       200     100     400     400     0       
2276   1986 3100    1100    2500    200     600     1700    600     200     0       100     500     0       700     300     700     300     300     0       0       
2276   1987 2800    600     2400    300     500     1700    200     0       300     0       0       500     1300    400     0       200     0       0       100     
2276   1988 4500    600     3500    500     200     2900    700     300     100     100     100     0       1200    1300    400     500     200     0       300     
2276   1989 3600    2000    900     1800    100     600     800     700     800     0       100     0       100     200     300     200     500     100     600     
2276   1990 6100    4600    1000    2300    2400    100     1500    700     1000    1700    500     200     100     0       0       200     600     700     400     
2276   1991 3100    2500    1500    1200    100     1400    700     700     100     0       0       100     800     600     0       0       700     0       100     
2276   1992 1900    1800    200     800     300     100     800     500     200     300     0       0       100     0       0       100     200     500     0       
2276   1993 2800    2200    900     1500    400     500     200     1200    300     0       0       400     0       300     200     0       200     0       200     
2276   1994 3600    1000    1600    800     200     500     2100    600     0       0       100     100     400     0       100     900     800     400     200     
2276   1995 8200    3600    4700    1400    2900    1800    2200    100     1100    1000    1500    400     1100    400     300     1000    600     600     100     
2276   1996 3700    1400    2800    200     600     1800    1100    0       100     0       100     500     700     700     400     400     100     600     100     
2276   1997 4600    2000    1900    800     800     1300    1300    300     400     500     200     100     1100    0       200     300     900     100     500     
2276   1998 6200    2500    3700    1000    800     3100    1400    200     300     500     0       300     1500    800     800     300     800     300     400     
2276   1999 6900    3800    2500    2500    700     1600    1800    900     1200    200     400     100     200     900     500     400     1100    300     700     
2276   2000 6000    4500    2200    2500    1800    800     700     700     1100    600     1200    0       100     300     400     200     500     0       900     
2276   2001 5900    4700    1800    3100    1500    1200    800     1700    500     1100    200     200     100     600     500     200     200     400     200     
2276   2002 9000    6300    2100    4000    1700    1600    1900    1500    2300    1700    0       0       100     1000    500     500     900     500     0       
2276   2003 2700    1900    800     500     300     300     1200    500     0       0       0       300     0       200     100     200     800     200     400     
2276   2004 8100    3700    3200    1200    2100    1800    2500    400     400     1500    400     200     700     400     700     800     700     1000    900     
2276   2005 5400    4000    3000    2200    1500    900     1300    900     400     100     600     800     200     400     300     700     400     200     400     
2276   2006 7000    1500    3400    800     900     2100    2000    300     100     100     700     100     1100    200     800     500     800     700     1600    
2276   2007 7600    6100    4200    4400    1100    2900    800     2400    400     200     200     700     700     100     2100    400     300     100     0       
2276   2008 5800    2600    2300    900     2300    1300    800     300     600     1300    700     300     400     200     700     0       200     600     500     
2276   2009 4100    1800    2300    700     600     1500    1500    200     0       300     100     200     700     800     0       500     300     700     300     
2276   2010 9200    1800    6500    700     1200    4700    2000    200     200     100     100     1000    1000    1700    2000    700     100     1200    900     
2276   2011 4300    2400    3100    1000    700     2200    1100    0       100     100     0       600     100     1500    600     300     600     200     200     
2276   2012 7500    1300    5000    400     1800    2900    1600    100     100     100     1300    400     1000    600     1300    400     800     400     1000    
2276   2013 6300    3100    2700    1500    1800    1000    2600    200     300     400     400     1000    500     100     400     300     1000    1300    400     
2276   2014 4300    3900    2100    1200    1300    1100    800     600     200     400     0       900     0       100     1000    100     400     300     300     
2276   2015 6800    2000    3900    1200    800     1900    2100    700     200     100     0       700     1500    300     100     1300    0       800     1100    
2276   2016 7100    4600    3500    2300    2600    2200    1100    300     900     1500    600     500     600     300     1300    200     500     400     0       
2276   2017 4200    2400    1400    1000    600     700     1500    200     800     500     0       100     0       200     500     600     600     300     400     
2276   2018 3400    1400    2500    500     400     1400    1500    100     0       0       100     300     400     700     300     700     600     200     0       
2276   2019 -999999 2000    -999999 500     1900    -999999 -999999 100     400     700     200     1000    600     -999999 -999999 -999999 -999999 -999999 -999999 
2276   2020 -999999 -999999 -999999 -999999 -999999 -999999 -999999 -999999 -999999 -999999 -999999 -999999 -999999 -999999 -999999 -999999 -999999 -999999 -999999 
2276   2021 -999999 -999999 -999999 -999999 -999999 -999999 -999999 -999999 -999999 -999999 -999999 -999999 -999999 -999999 -999999 -999999 -999999 -999999 -999999 
