EUROPEAN CLIMATE ASSESSMENT & DATASET (ECA&D), file created on: 20-01-2022
THESE DATA CAN BE USED FOR NON-COMMERCIAL RESEARCH AND EDUCATION PROVIDED THAT THE FOLLOWING SOURCE IS ACKNOWLEDGED: 

Klein Tank, A.M.G. and Coauthors, 2002. Daily dataset of 20th-century surface
air temperature and precipitation series for the European Climate Assessment.
Int. J. of Climatol., 22, 1441-1453.
Data and metadata available at http://www.ecad.eu

FILE FORMAT (MISSING VALUE CODE = -999999):

THIS FILE HOLDS DATA FOR STATION NETHERLANDS                              LEEUWARDEN                               (STAID:    603)
LATITUDE: dd:mm:ss +53:13:23
LONGITUDE: ddd:mm:ss +005:45:06
ELEVATION: m    0

DATA IS FOR INDEX Days with TN > 90th percentile of daily min temp (warm nights) (TN90p) with unit 0.01 No of days

01-06 SOUID: Source identifier
08-11 YEAR : YYYY
13-20 ANNUAL DATA VALUES
21-28 WINTER HALF YEAR DATA VALUES
29-36 SUMMER HALF YEAR DATA VALUES
37-44 WINTER (DJF) DATA VALUES
45-52 SPRING (MAM) DATA VALUES
53-60 SUMMER (JJA) DATA VALUES
61-68 AUTUMN (SON) DATA VALUES
69-76 JANUARY DATA VALUES
etc. 
157-164 DECEMBER DATA VALUES

603    1951 1800    -999999 1100    -999999 100     500     900     0       0       100     0       0       200     100     200     600     0       300     300     
603    1952 2400    1000    1900    600     900     1000    200     100     200     100     600     200     300     500     200     100     100     0       0       
603    1953 4800    700     2500    500     800     1700    1500    200     300     100     200     500     1200    400     100     100     600     800     300     
603    1954 3500    2000    1400    400     700     500     1700    100     0       200     0       500     400     100     0       400     1000    300     500     
603    1955 3300    1900    2200    500     500     1500    1000    0       0       100     300     100     0       400     1100    300     200     500     300     
603    1956 1600    1200    500     500     200     0       300     100     100     0       0       200     0       0       0       300     0       0       900     
603    1957 4500    3200    1300    2200    1500    700     1000    400     900     1000    300     200     500     100     100     100     500     400     0       
603    1958 2900    1500    1900    600     200     1000    1100    0       600     0       0       200     100     400     500     700     300     100     0       
603    1959 3400    1000    2700    300     1500    1500    100     200     100     300     800     400     300     300     900     0       100     0       0       
603    1960 2800    800     1500    500     700     700     800     400     100     200     300     200     400     100     200     300     200     300     100     
603    1961 4800    1800    3000    700     1600    800     1600    0       600     600     800     200     200     300     300     1200    300     100     200     
603    1962 800     1000    200     600     100     0       300     300     100     0       0       100     0       0       0       100     200     0       0       
603    1963 1600    200     1000    0       500     500     600     0       0       0       400     100     300     200     0       0       100     500     0       
603    1964 3200    900     2200    300     1400    500     700     100     200     0       700     700     100     100     300     300     0       400     300     
603    1965 1100    900     700     300     200     500     300     0       0       200     0       0       200     300     0       200     100     0       100     
603    1966 4200    1400    2700    1200    1600    1200    300     300     800     100     700     800     800     300     100     0       100     200     0       
603    1967 4000    2300    1400    1200    1100    600     900     400     800     800     0       300     0       300     300     500     400     0       200     
603    1968 4600    1300    2800    500     1300    1600    1400    300     0       400     800     100     600     200     800     300     800     300     0       
603    1969 3700    1400    2500    300     500     1400    1500    300     0       0       100     400     300     600     500     600     500     400     0       
603    1970 2300    900     1600    0       800     800     600     0       0       0       500     300     600     200     0       0       300     300     100     
603    1971 4200    1500    1400    900     600     700     1200    400     400     0       200     400     0       400     300     100     500     600     900     
603    1972 2900    2200    1800    1100    700     1100    600     0       200     0       500     200     100     900     100     0       100     500     300     
603    1973 2700    1700    1500    900     200     1300    500     200     400     200     0       0       300     800     200     200     0       300     100     
603    1974 3200    1600    600     1200    300     300     400     700     400     100     0       200     100     0       200     100     0       300     1100    
603    1975 4900    2900    2900    2400    400     2400    500     1200    100     200     200     0       300     600     1500    300     100     100     300     
603    1976 3000    1700    1700    1400    500     1200    200     1000    100     100     0       400     700     200     300     100     100     0       0       
603    1977 3600    1400    1100    600     1000    600     1200    200     400     700     100     200     300     100     200     200     500     500     200     
603    1978 4100    2400    1300    800     700     600     2100    100     500     600     0       100     400     100     100     600     600     900     100     
603    1979 3000    1600    2000    100     800     900     700     0       0       0       200     600     500     100     300     300     300     100     600     
603    1980 4600    1600    2800    900     400     1900    1700    0       300     300     100     0       300     500     1100    800     200     700     300     
603    1981 5400    3000    3400    800     2800    1500    600     100     400     1300    500     1000    600     300     600     400     0       200     0       
603    1982 5400    900     3400    500     1000    2200    1600    300     200     200     300     500     900     600     700     400     500     700     100     
603    1983 6100    3400    2800    1700    900     1900    1300    1600    0       500     300     100     700     700     500     500     400     400     400     
603    1984 2800    1900    800     900     200     600     1200    300     200     200     0       0       0       300     300     200     600     400     300     
603    1985 4000    1600    1800    400     1700    300     800     0       100     200     900     600     0       300     0       0       800     0       1100    
603    1986 2400    2200    1100    1400    600     400     700     300     0       0       100     500     200     200     0       100     200     400     400     
603    1987 4600    1300    2300    500     700     1500    1200    0       100     200     500     0       200     600     700     300     400     500     1100    
603    1988 6100    4200    2600    2900    2100    700     700     1100    700     400     300     1400    200     300     200     200     200     300     800     
603    1989 6000    3800    2300    2400    1900    700     1300    900     700     900     500     500     200     400     100     600     600     100     500     
603    1990 5600    4300    1300    2500    1700    600     1200    800     1200    1100    200     400     300     200     100     100     700     400     100     
603    1991 4800    2800    2800    400     2100    1600    800     100     200     1300    700     100     0       1200    400     400     200     200     0       
603    1992 5200    1500    3700    800     2100    1400    800     200     600     300     400     1400    500     500     400     500     0       300     100     
603    1993 3600    1500    2300    1000    2000    500     100     800     100     200     900     900     400     100     0       0       100     0       100     
603    1994 5900    1300    3700    600     1600    2500    900     300     200     600     500     500     500     1400    600     200     100     600     400     
603    1995 5900    2700    3100    2000    1000    1900    1400    200     1400    0       600     400     0       1000    900     200     1000    200     0       
603    1996 2700    1300    2100    100     800     1300    500     100     0       0       600     200     300     200     800     0       200     300     0       
603    1997 5800    1900    3400    900     1300    2400    800     0       900     500     200     600     400     700     1300    200     400     200     400     
603    1998 6500    3600    3300    2200    2600    700     900     500     1300    800     1000    800     400     100     200     800     100     0       500     
603    1999 6800    2500    4300    2000    2200    1300    1700    800     700     400     1300    500     100     400     800     1200    500     0       100     
603    2000 7200    2600    3200    1600    2000    900     1800    500     1000    500     900     600     600     0       300     800     700     300     1000    
603    2001 6600    2900    3200    1500    1400    2100    2400    200     300     400     700     300     400     800     900     100     1800    500     200     
603    2002 7900    5200    4600    2400    1900    2500    800     1000    1200    500     700     700     800     400     1300    700     100     0       500     
603    2003 6100    1700    4300    1200    2100    2400    700     600     100     400     900     800     500     1000    900     200     100     400     200     
603    2004 5800    2700    3000    1500    1900    1500    1000    400     900     700     1000    200     300     0       1200    300     400     300     100     
603    2005 7100    3000    3300    1300    1900    1300    2400    1100    100     1000    400     500     600     500     200     1100    800     500     300     
603    2006 11000   2500    6100    700     2100    2600    4400    100     300     500     500     1100    700     1600    300     1900    1400    1100    1500    
603    2007 9100    7700    4700    4400    2300    2600    1000    1700    1200    800     1100    400     1300    600     700     600     100     300     300     
603    2008 7100    2700    4600    1900    1900    2500    1100    1100    500     400     700     800     700     700     1100    600     200     300     0       
603    2009 6100    1200    3500    600     1300    1800    2200    0       600     100     800     400     400     500     900     500     500     1200    200     
603    2010 3800    2600    2400    300     900     1900    900     0       100     600     300     0       200     1300    400     200     400     300     0       
603    2011 7000    2000    4200    1000    2800    1000    1800    400     600     300     1600    900     400     0       600     700     600     500     400     
603    2012 6200    3500    3000    1800    1500    1700    1300    900     500     600     200     700     600     600     500     400     600     300     300     
603    2013 5500    2300    3300    1300    800     2200    1300    900     100     100     600     100     600     900     700     400     700     200     200     
603    2014 10100   3700    4900    2100    3300    1800    2700    1000    900     700     1700    900     200     1300    300     500     1400    800     400     
603    2015 6300    3400    1900    1000    500     1500    1700    300     300     200     100     200     0       500     1000    100     300     1300    2000    
603    2016 8300    5300    6000    3300    2100    2700    1600    500     800     400     600     1100    900     1000    800     1600    0       0       600     
603    2017 6500    2300    2800    1600    1700    1500    1800    0       1000    700     200     800     1000    300     200     300     1100    400     500     
603    2018 9100    2700    6500    1200    3300    2500    1800    700     0       0       1600    1700    900     800     800     700     800     300     800     
603    2019 8500    4300    4500    2300    2000    2900    1600    600     900     900     600     500     700     1300    900     500     800     300     500     
603    2020 8400    4400    4600    2600    1600    3100    1300    700     1400    700     300     600     1200    200     1700    600     300     400     300     
603    2021 -999999 2200    4100    1200    400     2900    -999999 100     800     300     0       100     1100    1300    500     1100    500     -999999 -999999 
