EUROPEAN CLIMATE ASSESSMENT & DATASET (ECA&D), file created on: 20-01-2022
THESE DATA CAN BE USED FOR NON-COMMERCIAL RESEARCH AND EDUCATION PROVIDED THAT THE FOLLOWING SOURCE IS ACKNOWLEDGED: 

Klein Tank, A.M.G. and Coauthors, 2002. Daily dataset of 20th-century surface
air temperature and precipitation series for the European Climate Assessment.
Int. J. of Climatol., 22, 1441-1453.
Data and metadata available at http://www.ecad.eu

FILE FORMAT (MISSING VALUE CODE = -999999):

THIS FILE HOLDS DATA FOR STATION GERMANY                                  TITISEE-NEUSTADT-LANGENORDNACH           (STAID:   4685)
LATITUDE: dd:mm:ss +47:56:25
LONGITUDE: ddd:mm:ss +008:11:39
ELEVATION: m  870

DATA IS FOR INDEX Days with TN > 90th percentile of daily min temp (warm nights) (TN90p) with unit 0.01 No of days

01-06 SOUID: Source identifier
08-11 YEAR : YYYY
13-20 ANNUAL DATA VALUES
21-28 WINTER HALF YEAR DATA VALUES
29-36 SUMMER HALF YEAR DATA VALUES
37-44 WINTER (DJF) DATA VALUES
45-52 SPRING (MAM) DATA VALUES
53-60 SUMMER (JJA) DATA VALUES
61-68 AUTUMN (SON) DATA VALUES
69-76 JANUARY DATA VALUES
etc. 
157-164 DECEMBER DATA VALUES

4685   1946 4100    -999999 2300    -999999 1100    1100    1100    200     500     200     200     700     400     400     300     300     300     500     100     
4685   1947 4900    2300    2600    400     2200    1300    900     200     100     1100    700     400     700     400     200     200     300     400     200     
4685   1948 4300    3100    1400    1700    1700    400     700     700     800     700     400     600     100     0       300     0       200     500     0       
4685   1949 4400    1200    2600    400     1100    1300    800     300     100     100     600     400     400     100     800     300     200     300     800     
4685   1950 4300    2200    2300    1700    600     1500    1200    200     700     0       200     400     400     500     600     200     500     500     100     
4685   1951 3600    1900    1700    500     800     600     1800    300     100     400     200     200     0       0       600     700     400     700     0       
4685   1952 4400    1800    2800    300     1900    1200    900     300     0       400     900     600     300     600     300     100     500     300     100     
4685   1953 3400    1100    2100    300     800     1000    1400    100     100     0       300     500     300     500     200     300     1000    100     0       
4685   1954 2100    1900    500     500     500     300     600     400     100     300     200     0       200     100     0       0       100     500     200     
4685   1955 3600    1800    1500    1000    700     800     400     500     300     200     300     200     200     600     0       200     0       200     900     
4685   1956 3400    2200    1400    1300    1300    600     500     400     0       700     400     200     300     300     0       200     200     100     600     
4685   1957 4200    2700    1900    1500    1500    800     900     400     500     900     600     0       500     300     0       500     200     200     100     
4685   1958 3900    1200    2500    800     1000    1000    900     100     600     0       0       1000    0       300     700     500     100     300     300     
4685   1959 2300    1600    1400    600     1200    700     100     300     0       600     400     200     400     200     100     100     0       0       0       
4685   1960 2800    900     1000    400     800     700     600     300     100     500     100     200     500     0       200     0       0       600     300     
4685   1961 5300    2000    2400    1200    1400    500     1500    300     600     200     900     300     200     0       300     700     800     0       1000    
4685   1962 2100    2700    1100    1800    500     400     400     700     100     100     300     100     300     0       100     300     100     0       0       
4685   1963 1800    100     900     0       600     200     1000    0       0       0       400     200     100     100     0       100     0       900     0       
4685   1964 3300    1300    1800    300     900     800     1300    0       300     100     400     400     300     500     0       200     100     1000    0       
4685   1965 2000    1600    700     300     500     400     300     300     0       200     0       300     400     0       0       0       0       300     500     
4685   1966 5500    1800    3000    1200    1600    1300    1600    100     600     300     1100    200     700     100     500     400     1100    100     300     
4685   1967 4800    3500    1800    1600    1200    1100    1000    600     700     700     300     200     300     600     200     200     600     200     200     
4685   1968 3500    1900    1800    900     1100    900     700     300     400     200     400     500     200     500     200     0       500     200     100     
4685   1969 4300    1600    2600    500     1500    1200    1200    300     100     400     500     600     100     800     300     300     100     800     0       
4685   1970 3800    1300    2200    400     300     1500    1200    200     200     0       300     0       800     200     500     400     100     700     400     
4685   1971 3000    1600    2000    800     800     1200    300     400     0       0       300     500     100     400     700     0       100     200     300     
4685   1972 4000    1100    3200    700     1300    1900    300     300     100     100     700     500     300     800     800     100     100     100     100     
4685   1973 3300    400     2800    200     400     2000    800     0       100     0       0       400     700     300     1000    400     200     200     0       
4685   1974 4800    1900    1800    700     1000    900     1100    400     300     800     100     100     0       300     600     700     0       400     1100    
4685   1975 4900    3100    2800    2300    1200    1200    1300    1000    200     400     500     300     600     200     400     800     0       500     0       
4685   1976 3600    1700    1800    1200    500     1100    800     1200    0       0       100     400     200     800     100     200     400     200     0       
4685   1977 3700    2700    400     1500    700     300     1000    200     1300    600     100     0       0       200     100     0       600     400     200     
4685   1978 1800    1600    600     500     400     300     200     0       300     100     200     100     300     0       0       0       100     100     600     
4685   1979 3800    2100    1500    1300    900     900     900     100     600     600     0       300     600     200     100     300     300     300     400     
4685   1980 3100    2200    1400    1300    400     1100    500     200     700     300     100     0       300     100     700     200     100     200     200     
4685   1981 4200    2100    2100    400     2200    1000    800     100     100     1400    700     100     400     200     400     300     300     200     0       
4685   1982 2800    800     1900    100     700     1200    400     100     0       200     100     400     500     400     300     200     100     100     400     
4685   1983 4100    2100    2000    1200    1300    1200    700     700     100     700     400     200     300     400     500     200     200     300     100     
4685   1984 2000    1000    600     400     200     500     900     200     100     100     0       100     200     100     200     0       500     400     100     
4685   1985 2400    1500    1100    500     700     500     200     100     300     100     200     400     0       500     0       0       100     100     600     
4685   1986 4100    1400    2800    1100    1400    900     1000    500     0       100     300     1000    600     0       300     600     200     200     300     
4685   1987 4800    1100    2800    500     600     1600    1900    100     100     200     400     0       200     900     500     800     700     400     500     
4685   1988 3900    2500    1700    1400    1000    300     1100    800     100     0       200     800     200     0       100     400     400     300     600     
4685   1989 5500    2800    2200    1600    900     1400    1100    300     700     500     200     200     200     800     400     400     400     300     1100    
4685   1990 5700    3700    2300    2000    1700    1500    1400    400     500     1000    0       700     300     500     700     100     900     400     200     
4685   1991 5700    3900    2400    1200    1600    1400    1500    1000    0       1400    200     0       200     700     500     800     500     200     200     
4685   1992 -999999 1600    -999999 600     -999999 -999999 500     200     200     300     -999999 -999999 -999999 -999999 800     0       0       500     300     
4685   1993 4600    2300    2400    1400    1300    1300    300     1100    0       400     400     500     400     500     400     200     100     0       600     
4685   1994 9300    3800    3800    1700    2600    2600    2400    800     300     2000    100     500     700     1000    900     600     400     1400    600     
4685   1995 4200    3700    2300    1600    1300    1300    400     300     700     300     900     100     400     500     400     0       300     100     200     
4685   1996 -999999 -999999 -999999 -999999 -999999 -999999 -999999 -999999 -999999 -999999 -999999 -999999 -999999 -999999 -999999 -999999 -999999 -999999 -999999 
4685   1997 -999999 -999999 -999999 -999999 -999999 -999999 -999999 -999999 -999999 -999999 -999999 -999999 -999999 -999999 -999999 -999999 -999999 -999999 -999999 
4685   1998 -999999 -999999 -999999 -999999 -999999 -999999 -999999 -999999 -999999 -999999 -999999 -999999 -999999 -999999 -999999 -999999 -999999 -999999 -999999 
4685   1999 -999999 -999999 -999999 -999999 -999999 -999999 -999999 -999999 -999999 -999999 -999999 -999999 -999999 -999999 -999999 -999999 -999999 -999999 -999999 
4685   2000 -999999 -999999 -999999 -999999 -999999 -999999 -999999 -999999 -999999 -999999 -999999 -999999 -999999 -999999 -999999 -999999 -999999 -999999 -999999 
4685   2001 -999999 -999999 -999999 -999999 -999999 -999999 -999999 -999999 -999999 -999999 -999999 -999999 -999999 -999999 -999999 -999999 -999999 -999999 -999999 
4685   2002 -999999 -999999 -999999 -999999 -999999 -999999 -999999 -999999 -999999 -999999 -999999 -999999 -999999 -999999 -999999 -999999 -999999 -999999 -999999 
4685   2003 -999999 -999999 -999999 -999999 -999999 -999999 -999999 -999999 -999999 -999999 -999999 -999999 -999999 -999999 -999999 -999999 -999999 -999999 -999999 
4685   2004 -999999 -999999 -999999 -999999 -999999 -999999 -999999 -999999 -999999 -999999 -999999 -999999 -999999 -999999 -999999 -999999 -999999 -999999 -999999 
4685   2005 -999999 -999999 -999999 -999999 -999999 -999999 -999999 -999999 -999999 -999999 -999999 -999999 -999999 -999999 -999999 -999999 -999999 -999999 -999999 
4685   2006 -999999 -999999 -999999 -999999 -999999 -999999 -999999 -999999 -999999 -999999 -999999 -999999 -999999 -999999 -999999 -999999 -999999 -999999 -999999 
4685   2007 -999999 -999999 3800    -999999 -999999 1700    600     -999999 -999999 -999999 1000    1100    900     500     300     0       300     300     400     
4685   2008 5300    2500    3000    1400    1700    1600    1000    500     500     500     400     800     700     500     400     200     700     100     0       
4685   2009 6500    1000    4800    0       1800    2200    2300    0       0       200     600     1000    300     900     1000    1000    600     700     200     
4685   2010 4500    2300    2900    400     1200    2300    700     100     100     600     300     300     600     1100    600     0       100     600     100     
4685   2011 6700    2500    3900    1100    1900    1600    1800    600     400     700     900     300     600     0       1000    1100    300     400     400     
4685   2012 6300    2100    3600    1200    1400    2100    1500    600     200     200     400     800     700     500     900     300     400     800     500     
4685   2013 6000    2600    3700    1200    1400    1800    2100    600     100     200     800     400     600     600     600     700     1000    400     0       
4685   2014 6400    2400    2900    800     1300    1100    2400    400     400     200     900     200     600     300     200     700     1000    700     800     
4685   2015 8500    3400    5200    1400    1600    3800    1800    600     0       300     500     800     1000    1500    1300    100     500     1200    700     
4685   2016 6600    4000    4000    2100    1900    1600    1600    800     600     200     800     900     900     300     400     700     400     500     100     
4685   2017 5900    2300    4000    800     1700    2800    600     200     500     600     400     700     1200    400     1200    100     300     200     100     
4685   2018 8200    2100    5300    1200    2800    2700    700     1000    100     400     1200    1200    1100    300     1300    200     200     300     900     
4685   2019 6900    2900    3300    1400    1200    2700    2000    300     200     1000    200     0       1100    1000    600     400     1000    600     500     
4685   2020 6600    4300    3100    2000    1700    1600    1500    400     1100    700     700     300     300     200     1100    500     400     600     300     
4685   2021 4500    2400    2400    1200    500     1800    500     200     700     200     100     200     1300    200     300     300     200     0       800     
