EUROPEAN CLIMATE ASSESSMENT & DATASET (ECA&D), file created on: 20-01-2022
THESE DATA CAN BE USED FOR NON-COMMERCIAL RESEARCH AND EDUCATION PROVIDED THAT THE FOLLOWING SOURCE IS ACKNOWLEDGED: 

Klein Tank, A.M.G. and Coauthors, 2002. Daily dataset of 20th-century surface
air temperature and precipitation series for the European Climate Assessment.
Int. J. of Climatol., 22, 1441-1453.
Data and metadata available at http://www.ecad.eu

FILE FORMAT (MISSING VALUE CODE = -999999):

THIS FILE HOLDS DATA FOR STATION SWEDEN                                   SABY                                     (STAID:   5331)
LATITUDE: dd:mm:ss +58:01:12
LONGITUDE: ddd:mm:ss +011:36:00
ELEVATION: m   10

DATA IS FOR INDEX Days with TN > 90th percentile of daily min temp (warm nights) (TN90p) with unit 0.01 No of days

01-06 SOUID: Source identifier
08-11 YEAR : YYYY
13-20 ANNUAL DATA VALUES
21-28 WINTER HALF YEAR DATA VALUES
29-36 SUMMER HALF YEAR DATA VALUES
37-44 WINTER (DJF) DATA VALUES
45-52 SPRING (MAM) DATA VALUES
53-60 SUMMER (JJA) DATA VALUES
61-68 AUTUMN (SON) DATA VALUES
69-76 JANUARY DATA VALUES
etc. 
157-164 DECEMBER DATA VALUES

5331   1961 6400    -999999 2500    -999999 2400    800     2000    100     1100    1500    500     400     300     100     400     800     1000    200     0       
5331   1962 1100    1700    300     500     300     0       300     300     200     0       300     0       0       0       0       0       300     0       0       
5331   1963 2500    300     1600    0       700     400     1200    0       0       0       100     600     0       100     300     500     600     100     200     
5331   1964 3500    1000    2600    300     1400    800     900     0       100     0       800     600     200     100     500     400     100     400     300     
5331   1965 1500    800     1000    300     100     500     900     0       0       0       100     0       200     0       300     400     500     0       0       
5331   1966 2000    500     1600    0       300     1100    500     0       0       0       100     200     800     200     100     200     300     0       100     
5331   1967 4600    1800    1200    100     1700    700     1800    0       0       1400    100     200     0       400     300     200     1200    400     400     
5331   1968 3400    2600    2400    600     1300    800     1100    100     100     400     700     200     300     300     200     700     200     200     0       
5331   1969 4100    400     3300    0       200     2300    1600    0       0       0       200     0       1000    800     500     800     700     100     0       
5331   1970 2700    800     2100    0       200     1400    800     0       0       0       0       200     800     200     400     500     200     100     300     
5331   1971 5600    1400    2100    1100    900     1100    1100    300     500     0       200     700     100     700     300     100     700     300     1700    
5331   1972 4000    2700    2700    1700    1000    1500    400     0       0       0       800     200     400     700     400     200     0       200     1100    
5331   1973 2500    2300    1100    1800    600     700     400     100     600     300     200     100     100     600     0       100     0       300     100     
5331   1974 3000    1300    1000    900     200     500     800     400     400     100     0       100     100     0       400     400     0       400     700     
5331   1975 6200    2700    3100    2000    900     2100    1100    1300    0       300     200     400     500     800     800     400     300     400     800     
5331   1976 3000    2600    1700    1800    600     1200    200     500     500     100     0       500     300     600     300     0       0       200     0       
5331   1977 2700    300     1300    0       400     900     1200    0       0       100     100     200     300     500     100     100     500     600     200     
5331   1978 4500    2000    2000    700     1000    1200    1800    400     100     200     300     500     500     100     600     0       300     1500    0       
5331   1979 1800    1800    1100    0       400     600     500     0       0       0       0       400     600     0       0       100     300     100     300     
5331   1980 2800    800     1600    300     400     1200    500     0       0       100     200     100     400     500     300     100     100     300     700     
5331   1981 2900    1500    2500    1000    1200    600     800     0       300     100     200     900     0       200     400     800     0       0       0       
5331   1982 -999999 -999999 2000    0       -999999 1600    1200    0       0       -999999 0       100     300     600     700     300     0       900     100     
5331   1983 4700    3300    1600    1900    1800    300     600     1800    0       500     1000    300     0       300     0       0       300     300     200     
5331   1984 -999999 -999999 1300    400     -999999 400     300     100     100     -999999 0       900     300     0       100     0       200     100     300     
5331   1985 1400    600     700     300     300     400     500     0       0       0       0       300     0       300     100     0       500     0       200     
5331   1986 2600    700     1300    200     200     1000    1000    0       0       0       0       200     100     800     100     100     0       900     400     
5331   1987 600     1300    400     400     100     300     100     0       0       0       100     0       0       0       300     0       100     0       100     
5331   1988 6100    1500    3800    1200    1400    2100    700     700     400     200     700     500     900     800     400     500     0       200     800     
5331   1989 10600   6700    3300    4900    3000    1200    1800    2000    2100    1600    800     600     400     500     300     700     700     400     500     
5331   1990 9000    7900    1900    4900    3400    400     700     2100    2300    1900    1200    300     100     0       300     0       200     500     100     
5331   1991 5600    1800    3600    700     1700    2200    500     300     300     400     1200    100     0       800     1400    100     0       400     600     
5331   1992 7100    4100    3200    2600    1400    2500    700     800     1200    1100    100     200     600     1000    900     400     0       300     500     
5331   1993 3100    2100    1600    1000    2200    200     200     300     200     800     800     600     100     0       100     0       200     0       0       
5331   1994 4100    700     2800    200     1300    1700    700     200     0       300     1000    0       0       1200    500     100     200     400     200     
5331   1995 5500    2100    2900    1300    1100    1100    2200    0       1100    200     500     400     200     300     600     900     1200    100     0       
5331   1996 2900    1400    2100    100     700     1200    900     0       100     0       600     100     100     0       1100    200     300     400     0       
5331   1997 7100    3000    4100    1200    2000    2500    1000    0       1200    1100    800     100     800     200     1500    700     200     100     400     
5331   1998 -999999 -999999 -999999 -999999 -999999 -999999 -999999 -999999 -999999 -999999 -999999 -999999 -999999 -999999 -999999 -999999 -999999 -999999 -999999 
5331   1999 6700    -999999 4000    -999999 1600    1400    2600    600     100     500     1000    100     400     600     400     1500    300     800     400     
5331   2000 9600    3700    4000    2200    2700    1200    2300    1000    800     400     1500    800     400     500     300     500     1100    700     1600    
5331   2001 6800    4200    3700    2300    1300    2000    2700    400     300     100     700     500     100     800     1100    500     1800    400     100     
5331   2002 10000   4700    7600    1900    2800    4300    1100    400     1400    600     900     1300    1000    1000    2300    1100    0       0       0       
5331   2003 7400    600     5700    500     900     4000    1300    500     0       100     300     500     1000    1700    1300    900     100     300     700     
5331   2004 6000    1900    4300    1000    2500    1800    900     0       300     500     1100    900     200     100     1500    500     100     300     500     
5331   2005 8400    2100    4900    1700    1300    2800    3000    1200    0       0       1000    300     500     1300    1000    800     700     1500    100     
5331   2006 10700   2500    5600    200     1000    3000    4500    100     0       100     300     600     500     1400    1100    1700    1400    1400    2100    
5331   2007 8300    7400    4800    3600    2500    3100    700     1200    300     1000    1100    400     1000    600     1500    200     300     200     500     
5331   2008 8300    4300    3700    3100    1700    2400    1600    1000    1600    700     700     300     500     800     1100    300     1000    300     0       
5331   2009 7000    1800    5300    300     1400    2800    2500    200     100     200     1100    100     300     1300    1200    1300    200     1000    0       
5331   2010 5700    1400    5000    0       1300    3400    1000    0       0       200     600     500     400     1400    1600    500     300     200     0       
5331   2011 8900    600     6200    0       2000    2900    3300    0       0       100     1600    300     500     1400    1000    1400    600     1300    700     
5331   2012 6800    4200    4100    1200    2400    1800    2100    200     300     1100    700     600     0       700     1100    1000    400     700     0       
5331   2013 7500    1200    4800    100     1800    2500    1700    100     0       0       600     1200    500     900     1100    500     600     600     1400    
5331   2014 11900   5800    6300    2900    3600    3900    2600    500     1000    1700    1200    700     700     2100    1100    500     1200    900     300     
5331   2015 8300    4100    3600    1200    1800    1700    2500    500     400     800     800     200     100     500     1100    900     500     1100    1400    
5331   2016 9100    4300    6700    2300    2300    3100    2000    400     500     400     1100    800     1300    900     900     1700    0       300     800     
5331   2017 8700    2800    5200    1600    2600    2500    2100    400     400     900     1000    700     1200    400     900     1000    700     400     700     
5331   2018 10500   2000    8200    900     2700    4100    3200    200     0       0       1100    1600    900     1300    1900    1400    800     1000    300     
5331   2019 9800    4200    5900    1500    2500    3100    2400    100     1100    900     1000    600     800     900     1400    1200    700     500     600     
5331   2020 13100   6100    5500    4200    1900    2800    3900    2000    1600    700     1100    100     1200    500     1100    1500    900     1500    900     
5331   2021 9100    4700    4900    1500    1400    3900    2800    100     500     800     300     300     1000    2200    700     400     1600    800     400     
