EUROPEAN CLIMATE ASSESSMENT & DATASET (ECA&D), file created on: 20-01-2022
THESE DATA CAN BE USED FOR NON-COMMERCIAL RESEARCH AND EDUCATION PROVIDED THAT THE FOLLOWING SOURCE IS ACKNOWLEDGED: 

Klein Tank, A.M.G. and Coauthors, 2002. Daily dataset of 20th-century surface
air temperature and precipitation series for the European Climate Assessment.
Int. J. of Climatol., 22, 1441-1453.
Data and metadata available at http://www.ecad.eu

FILE FORMAT (MISSING VALUE CODE = -999999):

THIS FILE HOLDS DATA FOR STATION GERMANY                                  STUTTGART-HOHENHEIM                      (STAID:   4671)
LATITUDE: dd:mm:ss +48:42:52
LONGITUDE: ddd:mm:ss +009:12:37
ELEVATION: m  401

DATA IS FOR INDEX Days with TN > 90th percentile of daily min temp (warm nights) (TN90p) with unit 0.01 No of days

01-06 SOUID: Source identifier
08-11 YEAR : YYYY
13-20 ANNUAL DATA VALUES
21-28 WINTER HALF YEAR DATA VALUES
29-36 SUMMER HALF YEAR DATA VALUES
37-44 WINTER (DJF) DATA VALUES
45-52 SPRING (MAM) DATA VALUES
53-60 SUMMER (JJA) DATA VALUES
61-68 AUTUMN (SON) DATA VALUES
69-76 JANUARY DATA VALUES
etc. 
157-164 DECEMBER DATA VALUES

4671   1900 5000    -999999 3000    -999999 600     2000    800     600     700     0       300     300     600     1000    400     400     300     100     300     
4671   1901 3000    1100    2000    700     600     900     1000    300     100     0       400     200     500     0       400     500     300     200     100     
4671   1902 4600    1700    2900    900     1400    1300    700     800     0       300     1000    100     500     500     300     500     200     0       400     
4671   1903 3800    2300    1600    1500    1000    400     1300    600     500     600     0       400     0       100     300     800     500     0       0       
4671   1904 4000    1100    2200    500     1300    900     1000    200     300     100     600     600     200     500     200     100     800     100     300     
4671   1905 3600    1400    3100    300     900     2200    300     0       0       200     400     300     600     800     800     200     0       100     200     
4671   1906 4600    1200    2300    900     1100    1100    1600    600     100     200     300     600     300     300     500     300     600     700     100     
4671   1907 2500    1500    1500    200     800     500     700     0       100     0       0       800     200     0       300     200     200     300     400     
4671   1908 3100    1300    2500    800     1000    1500    100     100     300     0       0       1000    1000    200     300     0       100     0       100     
4671   1909 3200    400     1800    300     1200    500     700     200     0       0       700     500     200     0       300     100     600     0       600     
4671   1910 2500    1800    1200    1200    700     500     400     200     400     0       300     400     300     100     100     0       300     100     300     
4671   1911 5000    1300    3500    500     700     2500    1300    0       200     400     100     200     0       900     1600    700     400     200     300     
4671   1912 4400    3100    1400    1600    2000    300     200     300     1000    900     200     900     200     100     0       0       200     0       600     
4671   1913 4500    2200    1500    900     1800    600     1600    100     200     1100    300     400     500     0       100     200     400     1000    200     
4671   1914 3900    2500    2200    500     1500    1000    700     0       300     600     600     300     100     500     400     300     200     200     400     
4671   1915 4600    1700    2000    900     1300    1000    200     400     100     400     100     800     600     200     200     100     100     0       1600    
4671   1916 4400    3900    900     3300    1000    400     1100    1500    200     500     200     300     0       0       400     0       600     500     200     
4671   1917 3600    1600    2800    500     1300    800     1200    300     0       0       0       1300    400     100     300     700     100     400     0       
4671   1918 4300    1600    1700    1000    1100    400     800     400     600     100     500     500     0       100     300     300     0       500     1000    
4671   1919 4100    3000    2000    2000    600     900     1300    300     700     500     100     0       700     0       200     1000    100     200     300     
4671   1920 4500    2300    1900    1200    2500    0       700     700     200     800     600     1100    0       0       0       200     400     100     400     
4671   1921 6900    3000    3400    2300    1100    1700    2000    1700    200     200     0       900     500     800     400     800     1000    200     200     
4671   1922 4100    2600    2300    900     1800    700     600     100     600     500     400     900     300     200     200     300     100     200     300     
4671   1923 3600    1800    1300    1200    1100    500     1100    200     700     300     200     600     0       300     200     0       1100    0       0       
4671   1924 3400    1800    1900    200     1700    300     1000    200     0       500     400     800     200     100     0       400     400     200     200     
4671   1925 3900    1600    1800    1000    500     1100    900     400     400     0       200     300     400     200     500     200     400     300     600     
4671   1926 6100    3900    2300    2700    1300    700     2000    500     1600    500     400     400     200     200     300     800     400     800     0       
4671   1927 3900    2000    2200    600     1100    900     1100    300     300     200     200     700     400     100     400     400     200     500     200     
4671   1928 4400    2500    2000    1800    500     1200    1000    1000    600     0       200     300     300     500     400     300     500     200     100     
4671   1929 5100    1000    3000    100     700     1500    2100    0       0       200     0       500     500     600     400     1000    600     500     800     
4671   1930 4700    2200    2900    1100    1000    1700    1700    300     0       0       800     200     600     500     600     200     300     1200    0       
4671   1931 3300    1600    2900    100     1400    1500    300     100     0       0       0       1400    900     300     300     0       0       300     0       
4671   1932 5000    900     4000    600     500     2200    1700    600     0       0       100     400     100     600     1500    1300    200     200     0       
4671   1933 3800    1500    1900    700     900     1100    1100    200     500     400     200     300     0       300     800     300     700     100     0       
4671   1934 4600    1100    2600    300     1400    600     1200    200     100     0       900     500     200     300     100     600     500     100     1100    
4671   1935 3500    2400    2500    1700    800     1500    500     100     500     100     200     500     600     400     500     300     0       200     100     
4671   1936 4600    1900    2300    1100    1200    1300    900     600     400     600     400     200     500     300     500     400     200     300     200     
4671   1937 2200    1300    1500    600     900     600     300     300     100     200     300     400     500     0       100     200     0       100     0       
4671   1938 2300    1000    500     500     400     200     1200    500     0       400     0       0       200     0       0       300     200     700     0       
4671   1939 3600    2200    1300    1100    700     400     1300    800     300     200     500     0       0       0       400     400     400     500     100     
4671   1940 1400    1600    400     300     800     0       400     0       200     400     300     100     0       0       0       0       200     200     0       
4671   1941 1800    1000    400     0       700     300     500     0       0       600     100     0       100     100     100     0       500     0       300     
4671   1942 2400    900     1000    300     400     300     1700    0       0       100     100     200     0       0       300     400     900     400     0       
4671   1943 2200    1900    1400    300     600     500     800     100     200     300     300     0       0       0       500     600     200     0       0       
4671   1944 2500    700     1700    500     500     1100    400     400     100     0       400     100     100     100     900     100     0       300     0       
4671   1945 -999999 1300    -999999 600     -999999 400     900     0       600     400     -999999 500     300     0       100     400     200     300     100     
4671   1946 2000    1200    800     600     600     300     600     200     300     100     100     400     100     100     100     0       200     400     0       
4671   1947 -999999 -999999 4100    -999999 1700    2400    1200    -999999 0       600     500     600     1000    600     800     600     100     500     100     
4671   1948 3300    2600    1000    1700    600     700     400     900     700     300     100     200     300     200     200     0       200     200     0       
4671   1949 4100    1000    2200    500     800     800     1500    400     100     100     600     100     100     100     600     700     600     200     500     
4671   1950 3600    2000    2200    1100    600     1400    1000    100     500     100     0       500     300     600     500     300     400     300     0       
4671   1951 3000    1500    1200    600     500     400     1500    500     100     200     100     200     100     0       300     500     300     700     0       
4671   1952 4000    1600    2800    300     1400    1600    600     200     100     300     800     300     300     600     700     100     300     200     100     
4671   1953 3100    1000    1500    300     1300    400     900     100     100     200     100     1000    100     200     100     0       800     100     300     
4671   1954 2600    1700    800     600     400     200     1300    300     0       200     200     0       100     0       100     400     300     600     400     
4671   1955 2600    1800    1100    600     600     500     800     200     0       300     100     200     100     200     200     300     100     400     500     
4671   1956 3000    1500    1100    900     800     200     700     400     0       100     400     300     200     0       0       200     400     100     900     
4671   1957 4900    4000    1500    2100    1700    900     1100    200     1000    1400    300     0       200     700     0       300     300     500     0       
4671   1958 3500    1600    2000    700     800     900     600     0       700     100     0       700     0       300     600     400     200     0       500     
4671   1959 4000    1800    2600    1000    1500    1300    500     400     100     600     400     500     300     400     600     400     100     0       200     
4671   1960 4300    1800    1900    1200    1100    1300    600     700     300     500     100     500     700     0       600     0       0       600     300     
4671   1961 6900    2300    3600    1100    2300    600     2400    200     600     600     1300    400     100     100     400     1300    900     200     800     
4671   1962 3500    3000    2300    1800    900     1100    500     1000    0       100     500     300     700     100     300     400     0       100     0       
4671   1963 3000    100     1600    0       700     600     1700    0       0       0       600     100     300     200     100     300     200     1200    0       
4671   1964 3800    1800    2500    300     900     1300    1200    0       300     100     500     300     500     600     200     400     0       800     100     
4671   1965 1800    1500    700     500     400     500     100     400     0       200     100     100     400     0       100     0       0       100     400     
4671   1966 5900    2800    2300    2700    1200    800     1600    500     1800    0       800     400     500     0       300     300     1300    0       0       
4671   1967 4600    3200    1400    1300    900     800     1400    400     900     600     0       300     300     300     200     300     1000    100     200     
4671   1968 3400    2000    1800    800     900     800     1100    200     400     100     700     100     300     400     100     200     600     300     0       
4671   1969 3400    1200    2300    100     1300    1200    800     100     0       200     300     800     100     900     200     0       100     700     0       
4671   1970 3600    900     1700    100     500     900     1800    0       100     0       500     0       400     100     400     300     600     900     300     
4671   1971 3800    2500    2500    1000    1300    1100    200     500     200     0       300     1000    0       600     500     100     100     0       500     
4671   1972 2500    1000    1700    800     800     1000    100     200     100     100     300     400     0       600     400     0       100     0       300     
4671   1973 3000    400     2700    300     900     1400    600     0       0       0       200     700     400     400     600     400     100     100     100     
4671   1974 4500    2500    1300    1300    1200    700     500     800     400     1000    100     100     0       0       700     400     0       100     900     
4671   1975 3800    2200    2400    1900    500     1500    700     900     100     200     200     100     600     300     600     600     100     0       100     
4671   1976 5000    1600    3000    1500    800     1800    1000    1200    200     0       400     400     700     1000    100     400     300     300     0       
4671   1977 4800    3100    1100    1300    1400    500     1400    100     1200    1200    100     100     100     100     300     400     500     500     200     
4671   1978 1600    1500    700     200     700     300     100     0       0       300     200     200     300     0       0       0       0       100     500     
4671   1979 3000    1100    1300    600     700     800     700     0       100     400     0       300     500     100     200     200     100     400     700     
4671   1980 2300    2000    900     1400    100     700     400     200     500     100     0       0       200     100     400     200     0       200     400     
4671   1981 3700    1800    1600    600     1700    800     1000    0       200     1000    500     200     500     100     200     100     200     700     0       
4671   1982 3800    1400    2200    300     600     1600    700     300     0       200     0       400     800     600     200     200     200     300     600     
4671   1983 5500    3300    2400    1800    1200    1900    900     1100    100     1000    200     0       200     900     800     300     300     300     300     
4671   1984 1700    1300    600     600     200     500     700     200     100     100     0       100     100     300     100     0       300     400     0       
4671   1985 3300    1000    1900    300     1000    600     600     100     200     0       200     800     200     200     200     300     200     100     800     
4671   1986 3400    1400    2500    1100    1300    1100    500     300     0       0       200     1100    800     0       300     100     100     300     200     
4671   1987 4200    1000    2700    400     600     1300    1400    100     100     200     400     0       200     700     400     1000    100     300     700     
4671   1988 4600    2400    1700    1900    1000    600     1100    800     400     100     300     600     0       200     400     200     600     300     700     
4671   1989 4500    3100    1700    1700    800     1200    700     400     600     500     0       300     0       600     600     200     300     200     800     
4671   1990 3100    2500    900     1600    500     800     800     400     400     400     0       100     100     300     400     0       400     400     200     
4671   1991 3900    2300    2000    900     700     1300    1000    700     0       600     0       100     200     600     500     600     300     100     200     
4671   1992 5300    1800    2800    900     1000    2300    900     400     300     500     300     200     400     600     1300    0       200     700     400     
4671   1993 5600    2800    3000    1700    1900    1000    700     1300    0       200     600     1100    500     100     400     300     200     200     700     
4671   1994 10100   3800    4300    1900    2000    3300    2700    900     300     1500    100     400     900     1300    1100    500     400     1800    900     
4671   1995 6600    4300    3700    2000    1400    2400    1500    400     700     100     700     600     200     1300    900     0       1400    100     200     
4671   1996 2300    1900    1300    200     600     900     800     0       0       200     300     100     600     0       300     0       400     400     0       
4671   1997 4900    2400    2200    800     1500    1100    1000    0       800     800     200     500     200     0       900     400     400     200     500     
4671   1998 5200    3200    2600    1900    1500    1300    900     900     500     700     400     400     700     100     500     500     300     100     100     
4671   1999 4900    1300    3100    500     1300    1700    1200    300     100     400     200     700     300     600     800     500     400     300     300     
4671   2000 6100    2700    2700    1300    1900    1400    1100    500     500     700     400     800     900     100     400     100     600     400     700     
4671   2001 6600    3700    2500    1800    1700    1600    1600    500     600     900     0       800     100     200     1300    100     1100    400     600     
4671   2002 7700    4600    3100    2500    1300    2300    1800    800     1100    600     300     400     1100    200     1000    100     600     1100    400     
4671   2003 7500    2700    6000    600     1800    4500    900     200     0       400     200     1200    2000    700     1800    100     400     400     100     
4671   2004 -999999 2400    2200    1300    900     1300    -999999 500     700     300     300     300     400     300     600     300     -999999 -999999 -999999 
