EUROPEAN CLIMATE ASSESSMENT & DATASET (ECA&D), file created on: 20-01-2022
THESE DATA CAN BE USED FOR NON-COMMERCIAL RESEARCH AND EDUCATION PROVIDED THAT THE FOLLOWING SOURCE IS ACKNOWLEDGED: 

Klein Tank, A.M.G. and Coauthors, 2002. Daily dataset of 20th-century surface
air temperature and precipitation series for the European Climate Assessment.
Int. J. of Climatol., 22, 1441-1453.
Data and metadata available at http://www.ecad.eu

FILE FORMAT (MISSING VALUE CODE = -999999):

THIS FILE HOLDS DATA FOR STATION GEORGIA                                  LAGODEKHI                                (STAID:  20165)
LATITUDE: dd:mm:ss +41:49:00
LONGITUDE: ddd:mm:ss +046:18:00
ELEVATION: m  429

DATA IS FOR INDEX Days with TN > 90th percentile of daily min temp (warm nights) (TN90p) with unit 0.01 No of days

01-06 SOUID: Source identifier
08-11 YEAR : YYYY
13-20 ANNUAL DATA VALUES
21-28 WINTER HALF YEAR DATA VALUES
29-36 SUMMER HALF YEAR DATA VALUES
37-44 WINTER (DJF) DATA VALUES
45-52 SPRING (MAM) DATA VALUES
53-60 SUMMER (JJA) DATA VALUES
61-68 AUTUMN (SON) DATA VALUES
69-76 JANUARY DATA VALUES
etc. 
157-164 DECEMBER DATA VALUES

20165  1955 4400    -999999 2100    -999999 800     900     1300    500     700     100     200     500     500     0       400     500     700     100     200     
20165  1956 2800    1700    1600    900     300     1300    500     400     300     0       300     0       200     200     900     0       400     100     0       
20165  1957 5900    1500    3400    400     1500    1200    2700    0       400     600     600     300     200     200     800     1300    1000    400     100     
20165  1958 4800    3800    1900    2100    1400    800     300     1300    700     300     200     900     600     0       200     0       300     0       300     
20165  1959 2400    1300    1400    1000    700     600     300     600     100     0       300     400     0       300     300     100     0       200     100     
20165  1960 4700    1600    2000    1400    500     900     1900    800     500     0       300     200     800     0       100     600     700     600     100     
20165  1961 6500    2300    4000    800     2000    2100    900     500     200     200     500     1300    1300    300     500     100     0       800     800     
20165  1962 6400    3700    2100    1900    1500    1000    1800    300     800     1000    100     400     200     300     500     600     500     700     1000    
20165  1963 5200    4600    1500    3300    600     200     1500    1200    1100    100     500     0       0       0       200     800     600     100     600     
20165  1964 2100    1800    1100    800     500     600     800     0       200     300     0       200     600     0       0       300     400     100     0       
20165  1965 1700    600     1000    0       300     500     500     0       0       100     100     100     200     100     200     300     100     100     400     
20165  1966 7700    4300    2300    3100    1000    1900    1200    1700    1000    1000    0       0       600     500     800     400     400     400     900     
20165  1967 2200    2100    400     1300    0       400     1300    400     0       0       0       0       200     0       200     0       500     800     100     
20165  1968 4000    1900    1800    400     1600    200     1600    100     200     200     0       1400    0       200     0       200     400     1000    300     
20165  1969 2600    1700    1800    300     900     900     100     0       0       0       100     800     400     100     400     0       100     0       700     
20165  1970 5300    3400    2000    2500    2200    400     700     900     900     800     1000    400     100     0       300     200     200     300     200     
20165  1971 2900    1400    1800    600     800     700     800     400     0       300     0       500     0       500     200     600     200     0       200     
20165  1972 3700    600     1900    300     1300    200     2100    0       100     100     900     300     100     0       100     500     1500    100     0       
20165  1973 2700    2600    900     400     1000    500     800     0       400     600     0       400     0       0       500     0       500     300     0       
20165  1974 2900    1500    900     0       1000    600     1300    0       0       700     0       300     500     100     0       0       1000    300     0       
20165  1975 5000    1500    4600    100     800     3300    800     100     0       100     400     300     1000    1500    800     600     100     100     0       
20165  1976 1700    300     1300    100     100     900     500     100     0       0       0       100     0       0       900     300     200     0       100     
20165  1977 2700    1500    1200    700     1000    600     500     0       600     600     300     100     0       100     500     200     0       300     0       
20165  1978 3000    1500    1300    600     700     600     900     200     400     600     0       100     200     300     100     600     300     0       200     
20165  1979 4300    2000    900     1400    800     100     2000    300     900     300     400     100     0       0       100     300     700     1000    200     
20165  1980 2600    2300    1500    300     1100    600     300     0       100     300     700     100     0       500     100     100     0       200     500     
20165  1981 2500    2100    400     1700    300     0       300     1000    200     200     100     0       0       0       0       300     0       0       700     
20165  1982 2500    1000    2000    900     1700    100     400     200     0       100     1100    500     0       100     0       300     100     0       100     
20165  1983 2700    600     1700    500     800     800     300     200     200     0       700     100     200     500     100     100     100     100     400     
20165  1984 2400    1200    1600    1000    400     800     600     600     0       0       300     100     100     700     0       400     200     0       0       
20165  1985 3200    1700    1400    1200    900     700     400     600     600     300     400     200     500     100     100     100     100     200     0       
20165  1986 4200    700     2600    400     400     1700    1500    100     300     0       400     0       100     700     900     500     600     400     200     
20165  1987 3800    2200    2000    1200    300     1700    300     700     300     0       0       300     700     400     600     0       200     100     500     
20165  1988 3100    1300    2000    800     900     1300    200     0       300     200     500     200     800     300     200     0       200     0       400     
20165  1989 7200    2000    4800    500     2100    3200    1400    0       100     1300    400     400     400     1600    1200    800     200     400     400     
20165  1990 5500    2200    2600    800     1100    1500    1700    0       400     800     200     100     600     700     200     800     200     700     800     
20165  1991 5300    2200    3600    1100    800     2500    1600    300     0       200     400     200     1000    1100    400     500     1100    0       100     
20165  1992 1400    1300    900     200     300     400     500     0       100     0       100     200     0       100     300     200     200     100     100     
20165  1993 -999999 1100    1500    400     800     600     -999999 300     0       400     400     0       100     200     300     500     100     -999999 400     
20165  1994 -999999 -999999 1000    600     1000    100     900     200     0       200     400     400     0       0       100     100     400     400     -999999 
20165  1995 -999999 -999999 2000    -999999 600     800     1100    -999999 100     100     200     300     300     0       500     700     200     200     500     
20165  1996 5000    1400    2800    1000    600     2100    700     200     300     0       0       600     100     1000    1000    100     400     200     1100    
20165  1997 3800    2000    2200    1400    900     1200    1200    300     0       0       500     400     300     200     700     100     1100    0       200     
20165  1998 9400    1800    7100    500     1900    4400    2300    0       300     200     1100    600     2000    900     1500    1000    500     800     500     
20165  1999 -999999 3700    3800    1800    900     3000    1500    600     700     600     100     200     400     600     2000    500     900     100     -999999 
20165  2000 -999999 -999999 -999999 -999999 -999999 4100    1200    -999999 -999999 -999999 -999999 0       600     1400    2100    1100    0       100     500     
20165  2001 7600    2900    3700    1800    1500    2400    1700    500     800     1000    300     200     900     1000    500     800     400     500     700     
20165  2002 5100    3700    1900    1600    1300    700     2200    300     600     1200    0       100     200     400     100     1100    900     200     0       
20165  2003 -999999 -999999 2700    -999999 800     1400    2200    -999999 -999999 0       200     600     100     300     1000    500     1400    300     400     
20165  2004 -999999 5100    3300    2300    1800    1700    2300    1000    900     1100    300     400     600     200     900     900     600     800     -999999 
20165  2005 8800    -999999 4400    -999999 600     3900    2400    200     100     100     500     0       600     1600    1700    0       700     1700    1600    
20165  2006 -999999 -999999 8700    -999999 1100    6100    4800    -999999 300     0       500     600     2200    900     3000    1500    2600    700     100     
20165  2007 10600   6100    5500    1800    2000    2800    3800    700     1000    1000    0       1000    800     300     1700    1700    1700    400     300     
20165  2008 10600   4800    6900    400     4700    3100    2600    0       100     2300    1800    600     300     1100    1700    1400    500     700     100     
20165  2009 8300    3700    2700    1800    1200    2100    2300    500     1200    700     100     400     1000    1100    0       100     1400    800     1000    
20165  2010 14300   6500    8100    3100    2600    4700    3700    1300    800     1200    400     1000    1700    1100    1900    2000    1300    400     1200    
20165  2011 5000    3700    3600    1900    400     3100    800     600     100     100     100     200     1000    1300    800     200     600     0       0       
20165  2012 11000   1200    5200    600     1800    2800    5000    500     100     0       1100    700     1000    300     1500    600     2500    1900    800     
20165  2013 10800   8700    6200    3400    3200    2900    2100    1000    1600    900     700     1600    900     1000    1000    1000    200     900     0       
20165  2014 12000   4100    8200    2000    4000    4200    1500    1400    600     1000    1000    2000    1200    400     2600    1000    500     0       300     
20165  2015 10400   2300    7400    1300    1300    5400    2300    200     800     500     200     600     2100    1400    1900    1200    800     300     400     
20165  2016 12400   5300    7500    2300    4200    4200    2000    900     1000    1900    1400    900     900     800     2500    1000    700     300     100     
20165  2017 11700   2800    7700    800     1700    4700    3900    400     300     1000    200     500     600     1300    2800    2300    700     900     700     
20165  2018 -999999 6500    7600    3300    4100    3900    2700    1100    1500    1600    600     1900    1100    1800    1000    1200    1100    400     -999999 
