EUROPEAN CLIMATE ASSESSMENT & DATASET (ECA&D), file created on: 20-01-2022
THESE DATA CAN BE USED FOR NON-COMMERCIAL RESEARCH AND EDUCATION PROVIDED THAT THE FOLLOWING SOURCE IS ACKNOWLEDGED: 

Klein Tank, A.M.G. and Coauthors, 2002. Daily dataset of 20th-century surface
air temperature and precipitation series for the European Climate Assessment.
Int. J. of Climatol., 22, 1441-1453.
Data and metadata available at http://www.ecad.eu

FILE FORMAT (MISSING VALUE CODE = -999999):

THIS FILE HOLDS DATA FOR STATION SWEDEN                                   LINKOEPING-MALMSLAETT                    (STAID:      5)
LATITUDE: dd:mm:ss +58:24:00
LONGITUDE: ddd:mm:ss +015:31:59
ELEVATION: m   93

DATA IS FOR INDEX Days with TN > 90th percentile of daily min temp (warm nights) (TN90p) with unit 0.01 No of days

01-06 SOUID: Source identifier
08-11 YEAR : YYYY
13-20 ANNUAL DATA VALUES
21-28 WINTER HALF YEAR DATA VALUES
29-36 SUMMER HALF YEAR DATA VALUES
37-44 WINTER (DJF) DATA VALUES
45-52 SPRING (MAM) DATA VALUES
53-60 SUMMER (JJA) DATA VALUES
61-68 AUTUMN (SON) DATA VALUES
69-76 JANUARY DATA VALUES
etc. 
157-164 DECEMBER DATA VALUES

5      1882 1000    -999999 400     -999999 200     100     200     300     200     100     100     0       0       0       100     200     0       0       0       
5      1883 600     0       500     0       200     300     100     0       0       0       0       200     0       300     0       0       0       100     0       
5      1884 1800    600     900     0       600     600     400     0       0       500     0       100     0       400     200     200     100     100     200     
5      1885 2600    1100    1700    800     700     1000    100     0       600     100     600     0       400     500     100     100     0       0       200     
5      1886 2900    500     2300    200     1200    700     900     0       0       300     600     300     300     300     100     700     0       200     100     
5      1887 3400    1300    1800    800     700     1100    500     300     400     300     300     100     100     700     300     300     0       200     400     
5      1888 1300    800     400     600     100     200     100     200     0       0       0       100     200     0       0       100     0       0       700     
5      1889 3300    900     2600    900     1100    1500    200     100     100     0       0       1100    1200    200     100     0       0       200     300     
5      1890 2500    1400    1100    800     900     400     700     400     100     400     200     300     300     0       100     200     200     300     0       
5      1891 4000    900     2300    300     600     1500    1200    100     200     100     0       500     600     800     100     300     900     0       400     
5      1892 3000    1600    1800    600     1000    500     1200    200     0       100     400     500     100     100     300     400     300     500     100     
5      1893 3500    1200    2600    200     1200    1500    200     0       100     200     700     300     200     600     700     100     0       100     500     
5      1894 5300    2000    2900    1200    2000    1600    800     600     100     700     1100    200     700     700     200     0       100     700     200     
5      1895 3500    1300    2600    200     1300    1000    1200    0       0       300     400     600     500     0       500     600     100     500     0       
5      1896 5800    2200    3600    1100    1000    3000    600     200     900     500     300     200     1600    1100    300     100     400     100     100     
5      1897 6600    1600    4100    1100    900     3000    1000    0       1000    0       300     600     800     1100    1100    200     400     400     700     
5      1898 4400    2800    1500    2000    300     800     1100    1100    200     0       0       300     400     200     200     400     400     300     900     
5      1899 5100    3300    2600    2000    1100    1800    1000    200     900     600     300     200     200     1500    100     300     100     600     100     
5      1900 3800    900     2500    200     600     1900    100     0       100     0       100     500     700     600     600     0       0       100     1100    
5      1901 6700    1300    5200    1100    800     3800    2100    0       0       100     400     300     800     2100    900     700     1400    0       0       
5      1902 1400    2400    100     800     200     100     200     800     0       200     0       0       0       100     0       0       0       200     100     
5      1903 5000    3500    1600    2100    2200    400     400     800     1200    1200    400     600     300     0       100     200     200     0       0       
5      1904 1700    300     1000    100     100     800     300     100     0       0       0       100     200     200     400     100     0       200     400     
5      1905 5500    2100    3200    1200    1600    2000    400     300     500     700     100     800     1100    800     100     300     0       100     700     
5      1906 6000    2200    3900    1800    1700    2000    1000    900     200     300     600     800     700     800     500     500     200     300     200     
5      1907 2600    1100    1000    500     500     500     1300    100     200     100     0       400     200     300     0       100     1100    100     0       
5      1908 3500    2000    1400    800     0       1300    500     400     400     0       0       0       600     300     400     100     300     100     900     
5      1909 2700    1600    1000    1200    0       600     1800    300     0       0       0       0       100     300     200     400     1400    0       0       
5      1910 3800    2400    2100    800     1000    900     500     300     500     200     500     300     500     100     300     400     100     0       600     
5      1911 2900    1100    1900    1000    600     1000    700     200     200     0       500     100     200     300     500     300     0       400     200     
5      1912 1600    1300    200     400     500     200     100     100     100     500     0       0       0       100     100     0       0       100     600     
5      1913 3700    1800    1400    1300    1000    600     1300    400     300     400     400     200     0       400     200     200     500     600     100     
5      1914 8200    3700    4600    2400    1900    2800    300     600     1700    200     900     800     100     2200    500     100     0       200     900     
5      1915 600     1300    400     1000    300     200     0       0       100     100     100     100     200     0       0       0       0       0       0       
5      1916 3200    700     1500    600     1300    300     900     500     100     100     800     400     0       300     0       0       100     800     100     
5      1917 2800    1000    2400    100     300     1700    600     0       0       0       0       300     800     200     700     400     0       200     200     
5      1918 3700    1300    1600    1000    900     700     1100    600     200     100     200     600     0       300     400     100     800     200     200     
5      1919 2200    1700    1600    600     400     900     500     300     100     100     200     100     300     600     0       400     100     0       0       
5      1920 3900    1300    2400    500     2600    500     300     100     400     700     1400    500     100     200     200     0       0       300     0       
5      1921 4600    2200    2400    500     3000    600     400     500     0       1400    900     700     200     200     200     200     200     0       100     
5      1922 1800    1000    800     600     700     300     100     0       500     200     100     400     100     100     100     0       0       100     200     
5      1923 2100    1000    900     900     100     800     300     700     0       0       100     0       0       800     0       0       300     0       200     
5      1924 3900    700     1700    400     500     900     1100    200     0       0       0       500     400     200     300     300     400     400     1200    
5      1925 5100    3800    2800    2900    600     2200    600     800     900     100     200     300     400     1400    400     100     400     100     0       
5      1926 4100    1300    2300    400     900     1600    1100    200     200     400     300     200     200     1000    400     200     0       900     100     
5      1927 3600    2500    1700    700     1000    1400    600     500     100     900     100     0       0       900     500     200     300     100     0       
5      1928 3000    700     1000    300     300     500     1800    100     200     0       300     0       0       400     100     200     900     700     100     
5      1929 4200    2300    1700    100     1400    600     800     0       0       600     100     700     200     200     200     300     100     400     1400    
5      1930 5800    3400    2900    2600    1600    1300    1300    1000    200     300     800     500     700     400     200     300     600     400     400     
5      1931 1900    1600    700     600     200     500     800     100     100     0       0       200     100     300     100     0       100     700     200     
5      1932 5700    2700    2600    1800    800     1600    400     1600    0       100     300     400     100     800     700     300     0       100     1300    
5      1933 5300    2900    3400    1900    1300    2300    1100    500     100     900     400     0       700     1300    300     700     400     0       0       
5      1934 9000    2500    3900    1700    2000    1200    2200    400     1300    400     600     1000    400     300     500     1100    600     500     1900    
5      1935 5200    4000    2600    2700    700     1600    1700    100     700     200     400     100     800     500     300     500     200     1000    400     
5      1936 5500    2200    4000    900     700     3300    200     500     0       100     400     200     1400    1200    700     100     0       100     800     
5      1937 6600    1700    4800    1500    2100    2500    1300    600     100     100     700     1300    400     1000    1100    300     700     300     0       
5      1938 6900    3500    2700    1000    2300    1400    1400    500     500     1500    500     300     200     400     800     500     400     500     800     
5      1939 5000    3300    3000    2300    500     2400    500     100     1400    100     400     0       700     400     1300    200     0       300     100     
5      1940 1800    400     1200    100     500     700     500     0       0       0       200     300     300     400     0       0       0       500     100     
5      1941 2800    600     2600    100     100     2400    200     0       0       0       0       100     600     1600    200     100     100     0       100     
5      1942 3100    400     1600    200     200     1300    700     100     0       100     100     0       0       300     1000    200     300     200     800     
5      1943 5500    3000    2600    2000    1600    800     1700    100     1100    500     800     300     200     300     300     700     900     100     200     
5      1944 3600    2000    2200    1000    300     1900    100     500     300     0       0       300     0       900     1000    0       100     0       500     
5      1945 4200    1600    2500    700     1700    1500    600     0       200     800     800     100     100     500     900     100     300     200     200     
5      1946 3200    1600    2000    800     1600    600     300     400     200     300     1100    200     100     400     100     100     0       200     100     
5      1947 3200    500     2500    300     800     1000    1100    200     0       0       400     400     400     400     200     700     400     0       100     
5      1948 2900    900     1400    200     800     300     800     0       100     300     300     200     100     100     100     600     100     100     900     
5      1949 5600    2800    2600    2500    1200    500     2200    700     900     100     800     300     100     400     0       1000    700     500     100     
5      1950 2800    2400    1500    400     1600    700     200     100     200     800     300     500     100     100     500     0       200     0       0       
5      1951 3100    200     2000    0       100     1200    1100    0       0       0       0       100     100     100     1000    700     0       400     700     
5      1952 1500    1800    800     1400    400     400     0       300     400     0       400     0       0       200     200     0       0       0       0       
5      1953 4500    800     1900    500     1200    1000    1200    0       500     300     400     500     500     300     200     0       1000    200     600     
5      1954 2200    2000    1300    600     500     600     600     0       0       200     100     200     200     400     0       400     200     0       500     
5      1955 2800    1000    1500    800     0       900     1300    300     0       0       0       0       0       400     500     600     500     200     300     
5      1956 2100    1300    900     600     300     300     600     300     0       0       0       300     300     0       0       300     300     0       600     
5      1957 3400    1900    1700    1400    600     1100    600     600     200     200     400     0       100     800     200     200     300     100     300     
5      1958 2200    1200    1300    700     400     900     400     200     200     100     100     200     300     500     100     100     100     200     100     
5      1959 5300    1800    2800    1000    1600    1400    1000    0       900     500     800     300     100     400     900     300     200     500     400     
5      1960 3600    1800    1700    1100    200     800     1300    700     0       0       100     100     100     300     400     700     200     400     600     
5      1961 5400    3300    2000    1700    1600    800     1900    200     900     1000    500     100     600     200     0       600     1000    300     0       
5      1962 1100    2000    200     700     200     0       200     500     200     0       200     0       0       0       0       0       100     100     0       
5      1963 2500    200     2000    0       200     1300    800     0       0       0       0       200     0       800     500     500     100     200     200     
5      1964 3500    700     2300    400     1200    800     600     100     100     0       800     400     300     100     400     300     100     200     700     
5      1965 3000    1700    1800    1100    400     700     1400    400     0       300     100     0       200     0       500     1000    400     0       100     
5      1966 2700    900     1900    400     800     1000    400     100     200     100     200     500     700     200     100     200     200     0       200     
5      1967 4100    2100    1400    500     1700    800     1000    100     200     1400    200     100     0       300     500     300     400     300     300     
5      1968 3700    2000    2400    500     1500    1100    900     200     0       800     700     0       400     100     600     600     100     200     0       
5      1969 3000    300     2400    0       400     1300    1300    0       0       0       200     200     200     600     500     700     600     0       0       
5      1970 2200    600     1000    0       100     500     900     0       0       0       100     0       200     300     0       400     200     300     700     
5      1971 4900    2400    2200    1900    1100    1000    800     800     400     0       300     800     0       900     100     100     500     200     800     
5      1972 5400    1600    3300    800     1000    2300    700     0       0       100     400     500     600     1400    300     100     100     500     1400    
5      1973 4300    3500    2400    2300    1200    1700    300     400     500     600     0       600     600     800     300     100     100     100     200     
5      1974 3100    1500    1000    1300    700     200     500     300     800     0       600     100     0       0       200     100     0       400     600     
5      1975 5700    2100    2900    1600    800     1700    1600    1000    0       100     200     500     400     200     1100    500     700     400     600     
5      1976 3100    2700    1700    1300    700     1200    500     300     400     300     300     100     400     700     100     100     0       400     0       
5      1977 2100    700     700     0       500     500     1000    0       0       300     200     0       300     100     100     0       700     300     100     
5      1978 4000    1800    1400    500     600     1100    1900    200     200     300     200     100     500     100     500     0       300     1600    0       
5      1979 3000    2000    2200    0       1100    800     600     0       0       100     0       1000    800     0       0       400     0       200     500     
5      1980 2400    800     1200    600     100     1000    500     0       100     0       0       100     500     200     300     100     100     300     700     
5      1981 2300    1600    1800    1000    700     800     500     100     200     200     100     400     300     300     200     500     0       0       0       
5      1982 3500    400     2100    0       1000    800     1600    0       0       400     300     300     200     200     400     700     100     800     100     
5      1983 4800    2900    2000    1500    1100    800     1200    1400    0       500     400     200     0       500     300     600     400     200     300     
5      1984 3400    1200    1900    600     1100    800     900     300     0       0       400     700     200     300     300     0       500     400     300     
5      1985 2200    1200    1400    300     500     900     400     0       0       0       200     300     0       300     600     0       400     0       400     
5      1986 3800    900     1800    500     800     900     1500    100     0       0       100     700     300     500     100     100     400     1000    500     
5      1987 1500    2100    900     600     600     400     300     0       100     100     300     200     0       100     300     0       200     100     100     
5      1988 4000    1100    2900    800     1000    1600    500     300     400     0       600     400     800     500     300     300     200     0       200     
5      1989 8500    4800    2800    3400    2000    1400    1500    1800    1400    1200    600     200     600     300     500     600     700     200     400     
5      1990 8600    6200    2600    4000    3000    900     700     1400    2200    1300    700     1000    200     200     500     0       300     400     400     
5      1991 5100    3000    2100    1400    1700    1000    900     400     600     900     800     0       0       400     600     300     100     500     500     
5      1992 5100    3500    2000    2100    2000    700     100     800     800     800     300     900     200     300     200     100     0       0       700     
5      1993 3800    2700    1400    1900    2000    100     300     700     500     800     800     400     0       0       100     100     200     0       200     
5      1994 3500    900     2000    500     700     1200    600     300     0       200     500     0       0       800     400     300     0       300     700     
5      1995 4300    2200    1900    1400    900     1100    1600    0       700     500     200     200     0       600     500     400     1000    200     0       
5      1996 2300    1200    1400    0       500     900     700     0       0       0       400     100     200     0       700     0       300     400     200     
5      1997 5600    3100    2800    1600    1300    1800    900     300     1100    800     300     200     200     300     1300    500     200     200     200     
5      1998 4100    2800    1500    2300    600     100     1000    800     1300    100     300     200     100     0       0       900     100     0       300     
5      1999 4700    1500    2400    900     1300    600     2100    600     0       500     700     100     200     300     100     1000    100     1000    100     
5      2000 6300    3000    1400    1400    1400    300     2000    700     600     500     500     400     200     0       100     200     1200    600     1300    
5      2001 4400    4100    2300    2000    1000    1100    1400    300     400     300     600     100     0       500     600     500     600     300     200     
5      2002 6300    3600    3500    2300    1400    2300    400     800     1300    400     400     600     400     900     1000    200     0       200     100     
5      2003 5200    1300    3000    800     1100    1700    900     700     0       300     200     600     400     900     400     500     0       400     800     
5      2004 3700    2000    2100    1100    1500    800     600     0       300     500     300     700     0       0       800     300     200     100     500     
5      2005 5000    2300    2400    1900    1100    900     1500    1200    200     100     700     300     200     200     500     500     100     900     100     
5      2006 6800    1200    3200    200     300     2000    2800    100     0       0       200     100     200     900     900     900     1000    900     1600    
5      2007 5700    5200    3200    2300    2200    1800    500     700     0       1000    800     400     500     200     1100    200     300     0       500     
5      2008 5700    3300    2000    2400    1700    700     1100    700     1200    600     800     300     200     200     300     200     600     300     300     
5      2009 3600    1700    2200    600     700     800     1700    200     100     200     400     100     0       400     400     900     0       800     100     
5      2010 4700    1200    4100    200     1600    2400    600     0       100     200     600     800     0       1300    1100    300     200     100     0       
5      2011 6800    800     4200    200     1700    2100    2500    100     100     300     1100    300     400     900     800     700     600     1200    300     
5      2012 3800    3400    1700    700     1600    700     1000    200     200     900     300     400     0       300     400     300     300     400     100     
5      2013 5000    900     2700    200     1400    1000    1600    100     0       0       400     1000    300     400     300     300     1000    300     900     
5      2014 6600    4500    2500    2700    1700    1000    1800    700     1100    500     600     600     200     500     300     300     500     1000    300     
5      2015 6300    3400    2500    1200    1700    900     1600    400     500     700     800     200     0       400     500     600     200     800     1200    
5      2016 5000    3300    2900    2000    1200    1100    1300    500     300     300     600     300     600     200     300     900     100     300     600     
5      2017 5400    2500    2800    1400    2100    800     1300    400     400     700     700     700     500     0       300     600     500     200     400     
5      2018 7000    1400    5200    700     1400    3000    2200    300     0       0       800     600     600     1200    1200    800     600     800     100     
5      2019 7400    3400    3500    1400    1500    1900    1800    200     1100    600     400     500     800     600     500     700     400     700     900     
5      2020 9300    5200    3000    3300    1700    1300    2700    1500    900     800     900     0       600     100     600     800     700     1200    1200    
5      2021 6100    4600    3200    2000    1000    2400    1500    200     600     700     0       300     800     1500    100     500     600     400     400     
