EUROPEAN CLIMATE ASSESSMENT & DATASET (ECA&D), file created on: 20-01-2022
THESE DATA CAN BE USED FOR NON-COMMERCIAL RESEARCH AND EDUCATION PROVIDED THAT THE FOLLOWING SOURCE IS ACKNOWLEDGED: 

Klein Tank, A.M.G. and Coauthors, 2002. Daily dataset of 20th-century surface
air temperature and precipitation series for the European Climate Assessment.
Int. J. of Climatol., 22, 1441-1453.
Data and metadata available at http://www.ecad.eu

FILE FORMAT (MISSING VALUE CODE = -999999):

THIS FILE HOLDS DATA FOR STATION RUSSIAN FEDERATION                       DZHAORE                                  (STAID:   8422)
LATITUDE: dd:mm:ss +52:40:00
LONGITUDE: ddd:mm:ss +141:16:59
ELEVATION: m    5

DATA IS FOR INDEX Days with TN > 90th percentile of daily min temp (warm nights) (TN90p) with unit 0.01 No of days

01-06 SOUID: Source identifier
08-11 YEAR : YYYY
13-20 ANNUAL DATA VALUES
21-28 WINTER HALF YEAR DATA VALUES
29-36 SUMMER HALF YEAR DATA VALUES
37-44 WINTER (DJF) DATA VALUES
45-52 SPRING (MAM) DATA VALUES
53-60 SUMMER (JJA) DATA VALUES
61-68 AUTUMN (SON) DATA VALUES
69-76 JANUARY DATA VALUES
etc. 
157-164 DECEMBER DATA VALUES

8422   1936 -999999 -999999 -999999 -999999 -999999 -999999 -999999 -999999 -999999 -999999 -999999 -999999 -999999 -999999 -999999 -999999 -999999 400     100     
8422   1937 2600    -999999 1500    100     600     600     900     0       0       300     300     0       0       500     100     600     200     100     500     
8422   1938 -999999 1700    2600    1200    300     2400    700     200     500     200     100     0       200     1100    1100    100     100     500     -999999 
8422   1939 3300    -999999 1800    -999999 1300    1000    500     200     200     800     200     300     100     400     500     300     0       200     100     
8422   1940 2900    1700    300     1200    300     300     100     800     300     300     0       0       0       0       300     0       0       100     1100    
8422   1941 1100    1300    700     1200    300     100     600     0       100     0       100     200     0       0       100     300     200     100     0       
8422   1942 -999999 400     -999999 100     -999999 300     -999999 0       100     0       100     0       0       0       300     100     700     600     500     
8422   1943 4700    3300    -999999 1300    800     800     1700    800     0       700     0       100     0       600     200     500     1200    0       600     
8422   1944 2100    2000    1600    600     200     1400    500     0       0       200     0       0       200     1100    100     200     100     200     0       
8422   1945 2400    1400    700     800     800     0       800     300     500     300     500     0       0       0       0       200     100     500     0       
8422   1946 -999999 700     -999999 0       200     1200    -999999 0       0       100     0       100     0       500     700     -999999 -999999 -999999 -999999 
8422   1947 -999999 -999999 -999999 -999999 600     200     -999999 -999999 -999999 300     100     200     0       100     100     200     200     -999999 -999999 
8422   1948 5200    -999999 3500    -999999 1000    2500    1100    200     400     100     400     500     200     800     1500    100     800     200     0       
8422   1949 3500    1300    2600    300     100     2000    900     200     100     0       100     0       1000    300     700     500     300     100     200     
8422   1950 3200    1700    1800    800     800     1400    400     100     500     500     300     0       100     700     600     100     100     200     0       
8422   1951 -999999 500     -999999 200     0       -999999 -999999 0       200     0       0       0       -999999 700     1200    0       -999999 300     500     
8422   1952 1700    1100    1300    500     200     1200    300     0       0       100     0       100     100     100     1000    0       300     0       0       
8422   1953 1900    900     900     200     400     500     700     200     0       400     0       0       0       0       500     400     300     0       100     
8422   1954 3200    1100    700     800     300     100     1400    100     600     0       200     100     0       100     0       300     700     400     700     
8422   1955 3500    2000    1700    800     300     1300    1200    0       100     100     100     100     200     700     400     200     600     400     600     
8422   1956 3400    2200    800     1200    300     200     1600    200     400     0       300     0       0       100     100     300     600     700     700     
8422   1957 2600    2800    1000    1500    100     500     1000    300     500     0       100     0       200     300     0       400     300     300     200     
8422   1958 2700    800     2000    200     100     900     1400    0       0       0       100     0       0       600     300     1000    300     100     300     
8422   1959 -999999 1000    -999999 300     700     -999999 -999999 0       0       300     300     100     100     -999999 800     600     -999999 -999999 -999999 
8422   1960 3100    -999999 2000    -999999 300     1900    700     0       100     300     0       0       0       500     1400    100     100     500     100     
8422   1961 4500    1100    2100    500     300     900     1900    0       400     0       200     100     0       300     600     900     600     400     1000    
8422   1962 4300    3200    2800    2000    1600    700     1000    900     100     200     900     500     200     400     100     700     300     0       0       
8422   1963 4600    1900    1800    1600    600     1100    1200    1200    400     0       400     200     200     500     400     100     600     500     100     
8422   1964 -999999 1400    900     200     1000    0       -999999 100     0       100     400     500     0       0       0       0       -999999 -999999 -999999 
8422   1965 1500    -999999 600     -999999 0       100     700     300     400     0       0       0       0       0       100     500     200     0       0       
8422   1966 2700    600     700     200     200     700     1400    100     100     200     0       0       300     300     100     0       1400    0       200     
8422   1967 2500    1900    1900    400     1000    800     200     0       200     100     0       900     200     200     400     200     0       0       300     
8422   1968 6800    2400    3200    1900    3000    500     1400    700     900     500     800     1700    500     0       0       200     100     1100    300     
8422   1969 1800    2200    400     800     400     0       900     500     0       200     100     100     0       0       0       200     500     200     0       
8422   1970 2700    1000    1800    300     700     1100    300     200     100     0       200     500     100     500     500     0       0       300     300     
8422   1971 3000    1700    500     1100    400     400     800     100     700     300     100     0       400     0       0       0       400     400     600     
8422   1972 -999999 2900    2200    700     2800    200     2200    0       100     1400    900     500     100     0       100     600     1000    600     -999999 
8422   1973 3000    -999999 1700    -999999 600     1100    900     100     0       400     200     0       0       0       1100    400     100     400     300     
8422   1974 4600    2700    2400    1900    900     1100    1000    1200    400     300     100     500     200     800     100     700     300     0       0       
8422   1975 5800    2200    2300    900     1600    1700    1600    800     100     1000    200     400     1400    100     200     0       800     800     0       
8422   1976 3500    3500    700     1500    700     300     600     800     700     400     300     0       0       300     0       100     100     400     400     
8422   1977 2000    1300    1300    700     400     600     700     100     200     100     200     100     0       300     300     400     0       300     0       
8422   1978 2300    800     1300    100     800     700     700     0       100     400     100     300     100     400     200     200     200     300     0       
8422   1979 1800    1000    600     500     400     200     200     300     200     0       200     200     100     0       100     0       100     100     500     
8422   1980 2900    1000    1000    800     100     900     100     300     0       0       0       100     500     200     200     0       0       100     1500    
8422   1981 2700    2000    1800    1900    1300    500     100     400     0       0       600     700     200     300     0       0       100     0       400     
8422   1982 2200    1500    1100    1400    600     500     0       100     900     0       400     200     100     0       400     0       0       0       100     
8422   1983 3800    400     3000    300     1100    1100    1400    200     0       100     800     200     0       500     600     900     0       500     0       
8422   1984 2700    1500    1600    600     800     1100    200     300     300     400     200     200     500     600     0       100     100     0       0       
8422   1985 3100    1200    900     900     800     300     900     0       900     200     400     200     0       100     200     0       300     600     200     
8422   1986 3400    1500    2500    500     400     1800    500     100     200     100     300     0       600     300     900     400     0       100     400     
8422   1987 1200    1000    500     400     700     200     300     0       0       500     100     100     100     0       100     100     200     0       0       
8422   1988 6400    1300    3900    600     500     3500    1400    200     400     500     0       0       1200    1400    900     400     700     300     400     
8422   1989 9600    4100    6200    1900    1500    5000    900     600     900     1200    100     200     2500    600     1900    900     0       0       700     
8422   1990 9600    3000    4600    800     4600    1900    2400    0       100     2200    1300    1100    100     1500    300     300     1000    1100    600     
8422   1991 -999999 -999999 -999999 3400    -999999 -999999 -999999 1800    1000    -999999 900     -999999 -999999 -999999 -999999 -999999 -999999 -999999 -999999 
8422   1992 -999999 -999999 -999999 -999999 -999999 -999999 100     -999999 -999999 -999999 -999999 -999999 -999999 0       100     0       0       100     400     
8422   1993 2000    1200    600     1100    100     100     800     500     200     0       0       100     0       100     0       400     300     100     300     
8422   1994 3900    2600    1000    1500    700     700     900     0       1200    700     0       0       200     0       500     300     400     200     400     
8422   1995 4800    2300    1600    1500    1100    600     1100    300     800     200     200     700     600     0       0       100     200     800     900     
8422   1996 2600    2700    1000    1700    600     200     900     700     100     0       400     200     100     100     0       200     200     500     100     
8422   1997 -999999 2000    -999999 900     1100    200     -999999 800     0       400     500     200     100     0       100     -999999 -999999 -999999 200     
8422   1998 2000    -999999 1100    300     900     500     500     0       100     300     600     0       100     300     100     0       300     200     0       
8422   1999 3100    900     1500    400     300     900     800     400     0       0       300     0       0       500     400     300     400     100     700     
8422   2000 4400    2300    3100    1600    1300    1300    900     700     200     200     100     1000    100     600     600     700     200     0       0       
8422   2001 2700    1300    1400    400     1100    800     200     400     0       700     300     100     200     100     500     200     0       0       200     
8422   2002 4200    1600    2100    1400    2000    300     700     1000    200     200     500     1300    300     0       0       0       400     300     0       
8422   2003 2000    1100    1200    100     600     600     600     100     0       300     300     0       300     0       300     300     200     100     100     
8422   2004 2300    1300    600     600     600     100     900     500     0       400     0       200     0       100     0       300     0       600     200     
8422   2005 4700    1800    1200    1100    100     900     1500    200     700     100     0       0       0       300     600     300     0       1200    1300    
8422   2006 4500    3100    3200    1800    600     2400    1000    500     0       100     200     300     300     400     1700    300     200     500     0       
8422   2007 -999999 1600    -999999 100     -999999 -999999 -999999 0       100     800     -999999 -999999 -999999 -999999 -999999 -999999 -999999 300     300     
8422   2008 4300    -999999 1800    700     1500    1200    700     100     300     1100    200     200     300     800     100     200     300     200     500     
8422   2009 5400    2700    2300    1500    2000    700     900     700     300     700     400     900     400     0       300     300     400     200     800     
8422   2010 5600    2400    2300    1800    100     2200    1300    800     200     0       0       100     1400    300     500     0       600     700     1000    
8422   2011 -999999 4000    -999999 2400    300     -999999 -999999 900     500     300     0       0       100     1300    -999999 -999999 600     600     500     
8422   2012 6900    2300    4500    1100    1500    2600    1800    600     0       0       700     800     1200    500     900     400     400     1000    400     
8422   2013 5800    2100    3400    700     700     2400    1700    200     100     0       600     100     400     700     1300    300     300     1100    700     
8422   2014 6700    3300    4400    1200    2500    1700    1600    0       500     700     500     1300    800     700     200     900     100     600     400     
8422   2015 5600    3000    2800    1700    1000    2000    800     600     700     600     200     200     200     1300    500     400     300     100     500     
8422   2016 2800    1800    1900    800     1500    900     100     300     0       600     400     500     300     400     200     100     0       0       0       
8422   2017 4400    1600    2300    1000    1300    1100    500     400     600     600     0       700     400     600     100     500     0       0       500     
8422   2018 3000    900     800     700     400     500     1400    100     100     200     100     100     200     200     100     100     500     800     500     
8422   2019 -999999 2500    -999999 900     1500    -999999 -999999 300     100     300     300     900     100     -999999 -999999 -999999 -999999 -999999 -999999 
