EUROPEAN CLIMATE ASSESSMENT & DATASET (ECA&D), file created on: 20-01-2022
THESE DATA CAN BE USED FOR NON-COMMERCIAL RESEARCH AND EDUCATION PROVIDED THAT THE FOLLOWING SOURCE IS ACKNOWLEDGED: 

Klein Tank, A.M.G. and Coauthors, 2002. Daily dataset of 20th-century surface
air temperature and precipitation series for the European Climate Assessment.
Int. J. of Climatol., 22, 1441-1453.
Data and metadata available at http://www.ecad.eu

FILE FORMAT (MISSING VALUE CODE = -999999):

THIS FILE HOLDS DATA FOR STATION LATVIA                                   DAUGAVPILS                               (STAID:   1001)
LATITUDE: dd:mm:ss +55:56:03
LONGITUDE: ddd:mm:ss +026:39:33
ELEVATION: m  125

DATA IS FOR INDEX Days with TN > 90th percentile of daily min temp (warm nights) (TN90p) with unit 0.01 No of days

01-06 SOUID: Source identifier
08-11 YEAR : YYYY
13-20 ANNUAL DATA VALUES
21-28 WINTER HALF YEAR DATA VALUES
29-36 SUMMER HALF YEAR DATA VALUES
37-44 WINTER (DJF) DATA VALUES
45-52 SPRING (MAM) DATA VALUES
53-60 SUMMER (JJA) DATA VALUES
61-68 AUTUMN (SON) DATA VALUES
69-76 JANUARY DATA VALUES
etc. 
157-164 DECEMBER DATA VALUES

1001   1947 -999999 -999999 2200    -999999 300     1300    800     -999999 0       100     100     100     300     500     500     700     100     0       500     
1001   1948 4900    1400    3300    1200    1500    1400    1200    300     400     100     900     500     800     200     400     500     200     500     100     
1001   1949 5000    1800    2100    1100    800     1000    1400    200     800     0       400     400     600     100     300     300     600     500     800     
1001   1950 4900    2800    2600    1500    1700    600     1000    0       700     200     1400    100     300     100     200     500     300     200     900     
1001   1951 2600    1500    1600    900     400     900     900     0       0       100     300     0       200     400     300     400     0       500     400     
1001   1952 1700    1100    1400    600     700     600     200     200     0       0       600     100     0       300     300     100     100     0       0       
1001   1953 4100    600     2200    100     900     1200    1500    0       100     400     300     200     400     600     200     500     900     100     400     
1001   1954 4700    1700    3100    500     800     1700    1600    100     0       200     100     500     600     600     500     800     400     400     500     
1001   1955 2600    1700    1600    900     100     400     1500    200     200     0       0       100     0       300     100     1100    200     200     200     
1001   1956 2900    700     1300    300     0       1100    1000    100     0       0       0       0       1100    0       0       200     800     0       700     
1001   1957 5400    3300    2100    2400    600     1500    1400    500     1200    100     400     100     300     600     600     100     700     600     200     
1001   1958 2800    1800    1200    500     400     600     1100    0       300     0       0       400     200     200     200     200     800     100     400     
1001   1959 2700    1900    1600    800     700     1000    500     300     100     200     400     100     100     400     500     100     300     100     100     
1001   1960 4200    500     2000    100     200     1600    900     0       0       0       100     100     200     1000    400     200     400     300     1500    
1001   1961 4700    3800    2100    2400    1200    1400    1100    500     400     700     300     200     1000    300     100     200     500     400     100     
1001   1962 3000    2200    1200    1300    700     400     600     1200    0       0       600     100     100     100     200     100     200     300     100     
1001   1963 3800    700     3100    100     1500    1300    900     0       0       100     0       1400    0       400     900     400     100     400     100     
1001   1964 2700    700     1900    200     100     1500    800     100     0       0       100     0       900     600     0       300     400     100     200     
1001   1965 1500    900     800     400     0       100     1000    200     0       0       0       0       0       0       100     700     300     0       200     
1001   1966 3700    1600    1600    900     700     1100    1200    100     600     400     0       300     200     500     400     200     1000    0       0       
1001   1967 5500    2000    2200    100     2100    300     2800    0       100     900     400     800     100     100     100     700     1200    900     200     
1001   1968 3200    3100    1700    400     1100    800     1100    100     100     600     300     200     200     100     500     400     300     400     0       
1001   1969 2200    700     1400    0       700     700     800     0       0       0       400     300     200     300     200     0       300     500     0       
1001   1970 2900    900     1600    0       300     1000    1200    0       0       100     100     100     300     300     400     400     100     700     400     
1001   1971 3800    2000    2200    1200    900     1200    400     700     100     0       600     300     100     300     800     100     300     0       500     
1001   1972 5700    1500    3700    1200    600     2900    300     0       700     0       500     100     700     1100    1100    200     0       100     1200    
1001   1973 3300    2400    1500    2100    500     1100    200     100     800     200     200     100     300     500     300     100     100     0       600     
1001   1974 4000    2500    900     2000    400     300     1100    100     1300    400     0       0       0       100     200     600     200     300     800     
1001   1975 4600    2500    2600    1800    1800    600     600     900     100     200     500     1100    400     100     100     400     200     0       600     
1001   1976 2800    1400    1300    1000    600     300     1100    200     200     200     400     0       0       300     0       600     0       500     400     
1001   1977 3500    1600    2400    800     900     1700    500     100     300     300     100     500     900     300     500     100     300     100     0       
1001   1978 2900    1400    500     100     900     400     1500    100     0       900     0       0       200     0       200     100     200     1200    0       
1001   1979 3400    1700    1800    100     900     800     900     100     0       200     200     500     300     0       500     300     300     300     700     
1001   1980 3100    1300    2000    700     300     1200    1000    0       0       0       300     0       400     700     100     500     300     200     600     
1001   1981 4200    1700    3300    900     900     2000    900     0       300     300     0       600     900     700     400     700     200     0       100     
1001   1982 3500    700     1300    100     700     800     1500    0       0       400     100     200     0       600     200     200     400     900     500     
1001   1983 6100    3200    3800    1600    2600    800     1200    1100    0       300     1000    1300    300     300     200     700     300     200     400     
1001   1984 3200    1300    1600    700     900     300     1300    300     0       100     400     400     100     100     100     500     600     200     400     
1001   1985 2900    1200    2100    400     600     1500    700     0       0       0       100     500     100     100     1300    0       700     0       100     
1001   1986 3400    1400    1400    300     1100    700     900     200     0       400     700     0       200     200     300     0       0       900     500     
1001   1987 1700    1800    1000    800     500     600     300     0       300     100     0       400     100     300     200     0       200     100     0       
1001   1988 4200    1800    2600    1400    700     1800    200     800     600     100     200     400     700     700     400     200     0       0       100     
1001   1989 7700    4600    2200    3100    2500    1200    600     1400    1600    1500    900     100     600     300     300     0       400     200     400     
1001   1990 5400    4900    900     3100    1600    400     300     1000    1700    1200    400     0       100     300     0       100     100     100     400     
1001   1991 4100    1600    2100    1000    1300    700     1200    500     100     400     900     0       100     100     500     500     200     500     300     
1001   1992 4000    2800    1800    1600    1100    1000    200     500     800     500     400     200     100     100     800     200     0       0       400     
1001   1993 3600    2200    900     1800    1000    300     600     1100    300     400     400     200     0       100     200     0       600     0       300     
1001   1994 4100    2200    2200    900     1700    500     1000    600     0       700     1000    0       0       200     300     700     100     200     300     
1001   1995 6500    3400    3200    1800    2400    1500    1100    200     1300    1300    600     500     1300    0       200     600     500     0       0       
1001   1996 3200    500     1600    0       1000    600     1400    0       0       0       300     700     200     100     300     0       500     900     200     
1001   1997 4400    3100    1900    1400    1000    1100    1000    100     1100    300     500     200     300     400     400     100     100     800     100     
1001   1998 5600    3300    2500    2200    1100    1200    600     900     1200    200     600     300     800     300     100     400     200     0       600     
1001   1999 6400    1600    3900    900     1500    2300    1700    300     0       500     900     100     1400    700     200     600     700     400     600     
1001   2000 6000    2900    1900    1500    1700    400     1700    300     600     300     1100    300     200     0       200     100     1100    500     1300    
1001   2001 7400    4000    5300    1800    2200    2900    1800    100     400     600     1200    400     300     1800    800     800     900     100     0       
1001   2002 5400    3400    2800    1900    1300    1800    400     500     1400    500     500     300     200     1000    600     200     0       200     0       
1001   2003 3100    900     1600    400     900     700     1100    400     0       300     100     500     100     500     100     300     0       800     0       
1001   2004 4300    1700    2200    300     1400    900     1300    0       300     600     300     500     0       200     700     500     500     300     400     
1001   2005 3200    2000    2000    1200    600     300     1400    800     0       0       500     100     100     0       200     1100    100     200     100     
1001   2006 5500    400     1900    100     0       1600    2100    0       0       0       0       0       300     600     700     300     700     1100    1800    
1001   2007 5400    5800    2100    3300    1400    1200    400     1500    0       700     0       700     100     200     900     200     200     0       900     
1001   2008 5400    4000    1800    3200    1200    800     900     1000    1300    600     600     0       0       200     600     400     400     100     200     
