EUROPEAN CLIMATE ASSESSMENT & DATASET (ECA&D), file created on: 20-01-2022
THESE DATA CAN BE USED FOR NON-COMMERCIAL RESEARCH AND EDUCATION PROVIDED THAT THE FOLLOWING SOURCE IS ACKNOWLEDGED: 

Klein Tank, A.M.G. and Coauthors, 2002. Daily dataset of 20th-century surface
air temperature and precipitation series for the European Climate Assessment.
Int. J. of Climatol., 22, 1441-1453.
Data and metadata available at http://www.ecad.eu

FILE FORMAT (MISSING VALUE CODE = -999999):

THIS FILE HOLDS DATA FOR STATION RUSSIAN FEDERATION                       MOGOCHA                                  (STAID:   3243)
LATITUDE: dd:mm:ss +53:45:00
LONGITUDE: ddd:mm:ss +119:43:59
ELEVATION: m  624

DATA IS FOR INDEX Days with TN > 90th percentile of daily min temp (warm nights) (TN90p) with unit 0.01 No of days

01-06 SOUID: Source identifier
08-11 YEAR : YYYY
13-20 ANNUAL DATA VALUES
21-28 WINTER HALF YEAR DATA VALUES
29-36 SUMMER HALF YEAR DATA VALUES
37-44 WINTER (DJF) DATA VALUES
45-52 SPRING (MAM) DATA VALUES
53-60 SUMMER (JJA) DATA VALUES
61-68 AUTUMN (SON) DATA VALUES
69-76 JANUARY DATA VALUES
etc. 
157-164 DECEMBER DATA VALUES

3243   1910 -999999 -999999 -999999 -999999 -999999 -999999 900     -999999 -999999 -999999 -999999 -999999 -999999 -999999 0       0       300     600     500     
3243   1911 -999999 -999999 -999999 -999999 -999999 500     800     -999999 -999999 -999999 -999999 0       0       0       500     0       200     600     0       
3243   1912 1900    1300    1100    500     200     900     200     300     200     0       100     100     400     200     300     0       100     100     100     
3243   1913 -999999 -999999 -999999 -999999 -999999 -999999 -999999 -999999 -999999 -999999 -999999 -999999 -999999 -999999 -999999 -999999 -999999 -999999 -999999 
3243   1914 -999999 -999999 -999999 -999999 -999999 800     -999999 -999999 -999999 -999999 -999999 500     300     0       500     700     -999999 -999999 -999999 
3243   1915 -999999 -999999 -999999 -999999 -999999 400     -999999 -999999 -999999 -999999 -999999 300     300     0       100     200     -999999 400     400     
3243   1916 -999999 -999999 -999999 -999999 -999999 -999999 -999999 -999999 -999999 -999999 -999999 600     600     0       100     -999999 200     300     300     
3243   1917 -999999 -999999 -999999 -999999 100     -999999 -999999 200     -999999 0       100     0       600     300     -999999 100     300     -999999 -999999 
3243   1918 1500    -999999 800     -999999 500     200     500     100     200     100     100     300     200     0       0       200     100     200     0       
3243   1919 -999999 500     -999999 100     -999999 500     -999999 0       100     100     0       -999999 0       500     0       400     -999999 -999999 -999999 
3243   1920 -999999 -999999 -999999 -999999 -999999 -999999 -999999 -999999 -999999 -999999 -999999 -999999 -999999 -999999 -999999 -999999 -999999 -999999 -999999 
3243   1921 -999999 -999999 -999999 -999999 -999999 -999999 -999999 -999999 -999999 -999999 -999999 -999999 -999999 -999999 -999999 -999999 -999999 -999999 -999999 
3243   1922 -999999 -999999 -999999 -999999 -999999 -999999 -999999 -999999 -999999 -999999 -999999 -999999 -999999 -999999 -999999 -999999 -999999 -999999 -999999 
3243   1923 -999999 -999999 -999999 -999999 -999999 -999999 -999999 -999999 -999999 -999999 -999999 -999999 -999999 -999999 -999999 -999999 -999999 -999999 -999999 
3243   1924 -999999 -999999 -999999 -999999 -999999 -999999 -999999 -999999 -999999 -999999 -999999 -999999 -999999 -999999 -999999 -999999 -999999 -999999 -999999 
3243   1925 -999999 -999999 -999999 -999999 -999999 400     1400    -999999 -999999 -999999 -999999 -999999 200     100     100     200     400     800     200     
3243   1926 3400    1900    2100    600     700     900     1100    400     0       100     100     500     300     200     400     600     300     200     300     
3243   1927 2800    1300    600     800     100     100     1800    400     100     0       100     0       0       100     0       400     900     500     300     
3243   1928 3000    2300    1600    600     400     1200    1000    300     0       300     100     0       500     100     600     300     600     100     100     
3243   1929 2500    1500    1100    700     500     600     700     100     500     100     200     200     100     300     200     100     300     300     100     
3243   1930 2600    1400    600     200     700     400     1100    0       100     600     0       100     300     0       100     100     500     500     300     
3243   1931 3600    1700    1900    300     400     1200    2000    0       0       400     0       0       400     500     300     700     500     800     0       
3243   1932 5400    2700    2600    800     1500    900     1900    400     400     600     200     700     500     400     0       800     400     700     300     
3243   1933 4700    1600    2300    400     600     1400    1700    100     0       100     200     300     700     500     200     400     600     700     900     
3243   1934 5200    3100    3000    1600    800     1600    1700    0       700     200     0       600     700     300     600     800     500     400     400     
3243   1935 2500    2100    1000    1000    400     800     300     0       600     200     200     0       0       300     500     0       300     0       400     
3243   1936 4400    2100    1800    1600    900     800     500     400     800     200     600     100     300     100     400     300     200     0       1000    
3243   1937 3600    1600    2300    1400    300     1600    1000    100     300     0       200     100     600     500     500     400     600     0       300     
3243   1938 4700    2400    2600    1200    1600    1100    1100    600     300     600     800     200     400     300     400     500     200     400     0       
3243   1939 4800    1200    3100    200     1400    1300    1100    100     100     400     400     600     700     300     300     800     100     200     800     
3243   1940 3300    2800    1000    1900    700     300     900     700     400     600     100     0       0       100     200     600     100     200     300     
3243   1941 2300    1000    1100    600     700     500     700     200     100     100     300     300     100     100     300     0       300     400     100     
3243   1942 2700    1400    900     600     400     400     700     200     300     100     200     100     200     200     0       200     400     100     700     
3243   1943 4300    2100    2500    1300    900     1100    1200    200     400     300     100     500     400     100     600     800     400     0       500     
3243   1944 -999999 2700    -999999 1400    1500    -999999 1400    500     400     900     500     100     200     -999999 300     900     200     300     500     
3243   1945 4300    1900    2200    900     800     1200    1600    0       400     500     300     0       200     600     400     700     700     200     300     
3243   1946 4300    1600    2200    500     600     1800    1200    0       200     200     400     0       400     600     800     0       700     500     500     
3243   1947 4500    2200    2800    700     800     1200    2100    0       200     300     300     200     400     100     700     1100    600     400     200     
3243   1948 6300    2600    3300    900     1600    2000    1900    400     300     700     700     200     500     1100    400     400     400     1100    100     
3243   1949 5100    2000    3600    500     1300    1600    1700    200     200     0       400     900     500     0       1100    700     900     100     100     
3243   1950 3400    1700    2400    200     1200    1500    500     100     0       500     500     200     100     300     1100    200     300     0       100     
3243   1951 4100    900     2700    500     800     1200    1400    400     0       100     300     400     300     200     700     800     300     300     300     
3243   1952 2300    1000    1600    300     600     900     700     0       0       100     200     300     400     300     200     200     300     200     100     
3243   1953 3900    1500    2600    700     1300    1500    500     300     300     300     300     700     1200    0       300     100     200     200     0       
3243   1954 2400    1000    600     500     300     300     900     100     400     100     0       200     100     200     0       100     700     100     400     
3243   1955 4800    2200    2600    1100    500     1600    1300    600     100     300     0       200     1000    0       600     800     100     400     700     
3243   1956 3400    1900    1400    1300    200     600     1800    100     500     100     100     0       100     300     200     700     300     800     200     
3243   1957 2800    1800    1000    600     300     800     1200    100     300     100     0       200     300     200     300     0       700     500     100     
3243   1958 3700    2400    1200    700     900     200     1600    300     300     500     200     200     100     0       100     600     400     600     400     
3243   1959 5700    2700    2900    700     1500    1500    2100    300     0       1000    300     200     200     100     1200    900     1000    200     300     
3243   1960 2100    1800    800     500     200     600     900     0       200     100     100     0       0       300     300     100     200     600     200     
3243   1961 4300    2200    1900    1000    1100    900     1100    300     500     400     400     300     200     0       700     300     400     400     400     
3243   1962 3700    1700    2600    700     1300    1100    700     100     200     200     300     800     200     800     100     400     100     200     300     
3243   1963 4800    3000    1100    2400    600     600     1200    1400    700     300     300     0       400     100     100     200     400     600     300     
3243   1964 2400    1800    1200    500     800     500     700     100     100     300     200     300     100     0       400     200     400     100     200     
3243   1965 2200    1200    1100    500     500     500     900     200     100     200     100     200     300     0       200     300     500     100     0       
3243   1966 2700    1100    1400    400     600     700     1000    300     100     100     0       500     300     200     200     200     800     0       0       
3243   1967 3500    1900    1500    600     1300    500     700     200     400     500     300     500     100     300     100     200     500     0       400     
3243   1968 5600    2900    3000    1500    2200    1100    900     400     700     900     900     400     400     400     300     600     100     200     300     
3243   1969 3600    1400    1800    900     500     1400    1000    600     0       200     200     100     0       500     900     100     300     600     100     
3243   1970 3900    2000    2600    700     900     1900    300     100     500     400     200     300     400     1000    500     200     0       100     200     
3243   1971 4500    1100    1500    600     1000    800     1500    100     300     400     100     500     300     300     200     100     500     900     800     
3243   1972 2000    2700    1400    900     700     300     900     0       100     400     300     0       0       100     200     800     100     0       0       
3243   1973 1900    100     1100    0       0       900     600     0       0       0       0       0       100     700     100     200     100     300     400     
3243   1974 3600    1300    2700    800     700     1500    1000    300     100     100     300     300     400     800     300     600     300     100     0       
3243   1975 5100    1900    2000    1000    1400    1100    1000    600     400     500     700     200     500     100     500     0       500     500     600     
3243   1976 3400    2500    1900    1400    1000    700     800     600     200     100     300     600     200     300     200     300     400     100     100     
3243   1977 2700    1400    1400    400     1000    900     500     100     200     500     100     400     300     200     400     0       300     200     0       
3243   1978 3300    1300    1800    700     1300    400     800     100     600     100     800     400     200     100     100     200     300     300     100     
3243   1979 3500    1800    1300    1000    1100    300     300     500     400     200     500     400     100     100     100     100     200     0       900     
3243   1980 3900    2400    1200    2200    300     800     800     700     600     0       100     200     300     400     100     100     100     600     700     
3243   1981 3600    1900    1700    1100    800     800     700     200     200     100     400     300     100     500     200     200     300     200     900     
3243   1982 4200    2200    1900    1400    1200    900     1200    200     300     300     500     400     100     300     500     100     500     600     400     
3243   1983 4600    2500    2100    900     900     400     2400    500     0       500     200     200     0       0       400     1300    300     800     400     
3243   1984 4200    2400    2800    1000    1400    1300    800     300     300     300     300     800     400     600     300     400     100     300     100     
3243   1985 3000    700     2200    100     1200    600     1000    0       0       200     700     300     400     100     100     600     200     200     200     
3243   1986 3300    2100    1500    1400    700     1100    200     600     600     300     100     300     700     200     200     0       100     100     100     
3243   1987 1800    700     1000    400     300     500     600     100     200     100     100     100     100     0       400     300     300     0       100     
3243   1988 5500    1100    3300    800     400     2100    1800    400     300     0       300     100     300     1100    700     800     500     500     500     
3243   1989 4600    2600    2300    800     1500    1500    800     200     100     800     300     400     1000    100     400     100     200     500     500     
3243   1990 6300    3200    2500    1200    1800    1500    1700    200     500     1300    0       500     600     500     400     500     700     500     600     
3243   1991 4300    3200    1800    1900    800     1100    800     900     400     100     400     300     400     300     400     0       300     500     300     
3243   1992 3700    2000    1900    1000    1000    600     1000    400     300     200     300     500     500     0       100     500     200     300     400     
3243   1993 4500    1900    3100    1100    1000    1600    1100    300     400     300     300     400     400     400     800     800     200     100     100     
3243   1994 5400    1500    2900    400     1400    1500    2100    0       300     800     500     100     700     400     400     800     1100    200     100     
3243   1995 4500    3200    800     1300    800     600     1500    500     700     600     100     100     500     0       100     0       600     900     400     
3243   1996 -999999 -999999 -999999 -999999 -999999 1000    1100    -999999 300     200     -999999 300     300     300     400     100     400     600     100     
3243   1997 5500    2000    3100    700     2000    1300    1500    300     300     300     900     800     500     500     300     100     1000    400     100     
3243   1998 7100    3800    3200    1500    1500    2100    1300    500     900     900     200     400     300     1100    700     500     700     100     800     
3243   1999 4100    3000    1700    2100    700     700     1200    600     700     100     300     300     100     400     200     400     600     200     200     
3243   2000 4400    1700    2900    600     1200    1700    1100    300     100     300     600     300     800     700     200     300     400     400     0       
3243   2001 6500    1500    3200    300     1400    2100    1700    100     200     400     500     500     500     1000    600     100     300     1300    1000    
3243   2002 5800    4500    3200    2000    2300    1600    800     300     700     900     900     500     100     1100    400     200     400     200     100     
3243   2003 4500    2100    1500    500     1700    700     1100    200     200     1000    700     0       200     400     100     100     800     200     600     
3243   2004 5700    3100    2200    1400    1400    800     2400    300     500     700     400     300     500     100     200     700     600     1100    300     
3243   2005 6800    3200    3000    1300    1200    1200    2400    700     300     200     700     300     500     500     200     800     500     1100    1000    
3243   2006 4100    3400    2700    1800    1100    1400    700     300     500     0       600     500     600     100     700     200     0       500     100     
3243   2007 5900    1500    3400    800     1300    1400    2000    400     300     200     200     900     300     300     800     900     500     600     500     
3243   2008 7200    3200    4100    1200    2300    2300    1900    0       700     900     400     1000    1200    600     500     400     1300    200     0       
3243   2009 4800    2200    2900    500     1600    1400    700     300     200     200     800     600     500     200     700     100     500     100     600     
3243   2010 6800    2200    3900    1300    1800    2000    1600    400     300     300     100     1400    1200    400     400     400     200     1000    700     
3243   2011 6400    4400    2700    2800    1400    1700    1100    1300    800     400     500     500     400     600     700     0       500     600     100     
3243   2012 5900    1800    3800    500     1700    1700    1800    100     300     200     500     1000    1000    700     0       600     400     800     300     
3243   2013 7200    2000    4200    600     1700    2300    1900    100     200     200     400     1100    700     500     1100    400     500     1000    1000    
3243   2014 5400    3800    2300    1500    1900    1100    1100    200     300     800     500     600     600     200     300     100     300     700     800     
3243   2015 4600    3600    1700    2000    1200    800     1300    300     900     600     500     100     300     100     400     300     500     500     100     
3243   2016 5200    2700    3200    900     1300    1100    1800    400     400     800     300     200     0       300     800     1600    100     100     200     
3243   2017 7500    2500    4700    1800    2300    2300    1200    600     1000    500     900     900     300     1000    1000    600     100     500     100     
3243   2018 6300    1700    3500    700     1200    2200    2100    400     200     400     300     500     900     1100    200     500     1000    600     200     
3243   2019 -999999 3500    -999999 1200    -999999 -999999 -999999 200     800     700     -999999 -999999 -999999 -999999 -999999 -999999 -999999 -999999 -999999 
