EUROPEAN CLIMATE ASSESSMENT & DATASET (ECA&D), file created on: 20-01-2022
THESE DATA CAN BE USED FOR NON-COMMERCIAL RESEARCH AND EDUCATION PROVIDED THAT THE FOLLOWING SOURCE IS ACKNOWLEDGED: 

Klein Tank, A.M.G. and Coauthors, 2002. Daily dataset of 20th-century surface
air temperature and precipitation series for the European Climate Assessment.
Int. J. of Climatol., 22, 1441-1453.
Data and metadata available at http://www.ecad.eu

FILE FORMAT (MISSING VALUE CODE = -999999):

THIS FILE HOLDS DATA FOR STATION GERMANY                                  TRIER-PETRISBERG                         (STAID:   2760)
LATITUDE: dd:mm:ss +49:44:57
LONGITUDE: ddd:mm:ss +006:39:33
ELEVATION: m  265

DATA IS FOR INDEX Days with TN > 90th percentile of daily min temp (warm nights) (TN90p) with unit 0.01 No of days

01-06 SOUID: Source identifier
08-11 YEAR : YYYY
13-20 ANNUAL DATA VALUES
21-28 WINTER HALF YEAR DATA VALUES
29-36 SUMMER HALF YEAR DATA VALUES
37-44 WINTER (DJF) DATA VALUES
45-52 SPRING (MAM) DATA VALUES
53-60 SUMMER (JJA) DATA VALUES
61-68 AUTUMN (SON) DATA VALUES
69-76 JANUARY DATA VALUES
etc. 
157-164 DECEMBER DATA VALUES

2760   1948 5300    -999999 2400    -999999 1400    1300    700     800     700     500     200     700     600     500     200     200     100     400     400     
2760   1949 4700    1600    2800    1100    1000    600     1900    400     300     0       1000    0       200     100     300     1200    600     100     500     
2760   1950 2700    2200    1400    1100    700     700     600     100     500     400     0       300     200     200     300     400     200     0       100     
2760   1951 2500    900     1100    600     200     300     1200    400     100     100     0       100     200     0       100     700     0       500     300     
2760   1952 3300    1100    2800    300     1400    1600    300     0       0       300     1000    100     100     900     600     100     200     0       0       
2760   1953 4000    500     1800    100     1300    700     1500    0       100     200     200     900     300     200     200     0       1200    300     400     
2760   1954 2800    2200    900     400     800     100     1400    0       0       300     200     300     100     0       0       300     500     600     500     
2760   1955 2800    2000    1500    600     500     1000    800     0       100     300     100     100     100     500     400     300     0       500     400     
2760   1956 2900    1300    1200    500     1100    100     600     100     0       300     300     500     0       100     0       300     300     0       1000    
2760   1957 4500    3500    1900    2000    1400    1400    700     200     800     1200    200     0       600     800     0       300     100     300     0       
2760   1958 2800    1300    1400    900     500     400     600     0       900     0       0       500     0       100     300     500     100     0       400     
2760   1959 3400    1700    2000    800     1700    1100    200     400     0       800     600     300     200     400     500     0       100     100     0       
2760   1960 4300    1600    1700    900     1400    800     800     500     400     500     200     700     300     0       500     0       100     700     400     
2760   1961 5400    2500    3000    1300    1600    400     1900    200     700     400     1100    100     0       100     300     1400    400     100     600     
2760   1962 3200    2100    1800    1600    700     800     700     900     100     0       500     200     400     200     200     300     200     200     0       
2760   1963 2300    600     1200    0       600     400     1300    0       0       200     200     200     200     200     0       400     100     800     0       
2760   1964 3600    1400    2200    400     900     1000    1200    0       400     100     300     500     500     400     100     400     0       800     100     
2760   1965 1800    1600    700     300     800     400     100     200     0       500     100     200     300     0       100     0       0       100     300     
2760   1966 5500    2500    2200    2200    1200    1100    1300    400     1500    200     400     600     700     0       400     100     1100    100     0       
2760   1967 3600    2600    1300    1000    800     500     1200    400     600     400     0       400     100     200     200     400     800     0       100     
2760   1968 3300    1600    1600    600     1300    500     1000    300     200     200     800     300     200     100     200     0       700     300     0       
2760   1969 2200    1400    1500    200     1000    600     400     200     0       200     300     500     0       600     0       100     0       300     0       
2760   1970 2900    600     1700    200     500     1000    1100    100     100     100     300     100     700     0       300     300     200     600     100     
2760   1971 3300    1300    2200    500     1500    700     300     300     100     0       300     1200    0       400     300     0       200     100     400     
2760   1972 3200    1400    1700    1100    500     1200    200     200     500     0       500     0       100     800     300     0       100     100     600     
2760   1973 2900    1000    2600    600     700     1500    700     0       0       200     100     400     500     300     700     600     0       100     0       
2760   1974 4000    2300    500     1400    800     300     700     900     500     800     0       0       0       0       300     200     0       500     800     
2760   1975 3500    2700    2100    1900    400     1500    500     900     200     300     100     0       300     200     1000    500     0       0       0       
2760   1976 4700    900     3300    900     400     2500    900     900     0       0       100     300     1100    1300    100     400     400     100     0       
2760   1977 4100    2300    500     800     1200    200     1400    300     500     1000    100     100     0       0       200     100     800     500     500     
2760   1978 2300    2700    700     900     600     600     100     0       400     500     0       100     300     200     100     0       0       100     600     
2760   1979 3300    1000    1400    700     700     700     800     0       100     200     200     300     700     0       0       200     400     200     1000    
2760   1980 2400    2500    700     1800    100     600     700     100     700     100     0       0       100     300     200     100     0       600     200     
2760   1981 5300    2600    2500    500     2600    1100    1200    100     200     1500    800     300     500     100     500     300     0       900     100     
2760   1982 4300    1600    2800    700     400     2100    1000    300     300     0       100     300     1000    900     200     300     200     500     200     
2760   1983 6300    2500    3400    1200    900     2900    900     1000    0       600     300     0       400     1600    900     200     400     300     600     
2760   1984 1800    1300    800     600     100     500     1200    0       0       0       100     0       0       400     100     200     500     500     0       
2760   1985 3600    1400    1700    300     1200    400     700     100     200     100     600     500     200     200     0       200     400     100     1000    
2760   1986 4200    1700    2400    1200    700     1500    1300    200     0       0       0       700     1100    100     300     200     400     700     500     
2760   1987 4500    2200    2600    800     800     1100    1400    100     200     300     500     0       300     300     500     1000    100     300     900     
2760   1988 5100    2500    2300    1900    1900    500     800     900     100     200     500     1200    0       200     300     100     500     200     900     
2760   1989 6500    3200    2700    1800    1700    1400    1600    600     300     700     300     700     0       900     500     300     1000    300     900     
2760   1990 5100    4300    2200    2200    1300    1700    700     500     800     800     0       500     200     100     1400    0       400     300     100     
2760   1991 4500    2600    2300    600     1400    1700    700     500     0       1300    100     0       100     1000    600     500     0       200     200     
2760   1992 5300    1600    3400    1100    1200    2400    500     400     500     300     100     800     600     400     1400    100     0       400     300     
2760   1993 4700    2100    2600    1300    2200    600     400     900     100     400     1100    700     400     100     100     200     200     0       500     
2760   1994 8200    2500    4000    1300    1400    3400    1800    700     100     1000    400     0       600     1800    1000    200     100     1500    800     
2760   1995 7200    4000    4000    2300    1200    2900    1500    400     1100    100     600     500     300     1400    1200    0       1100    400     100     
2760   1996 2500    1900    1500    400     500     900     600     100     200     0       300     200     500     0       400     100     100     400     200     
2760   1997 6300    2400    3100    900     1900    1900    1400    0       700     1000    300     600     500     0       1400    300     400     700     400     
2760   1998 5500    3800    2500    1700    2100    1000    700     800     500     1000    500     600     500     100     400     400     200     100     400     
2760   1999 6200    2300    3700    1300    2000    1400    1600    700     200     700     700     600     100     800     500     1000    400     200     300     
2760   2000 7800    2500    4000    1200    2700    1500    1400    400     500     700     600     1400    1100    0       400     500     300     600     1300    
2760   2001 6800    4500    2500    2500    2000    1500    1600    600     600     1100    0       900     100     500     900     100     1300    200     500     
2760   2002 6800    4400    2400    2200    1200    1900    1200    800     900     700     200     300     700     300     900     0       400     800     800     
2760   2003 6800    3200    4600    1300    2000    3300    800     500     0       700     700     600     1400    500     1400    0       100     700     200     
2760   2004 5000    2700    2300    1400    1000    1600    1100    300     900     500     400     100     300     200     1100    200     600     300     100     
2760   2005 7000    2900    3800    1100    2100    1500    2300    800     200     900     500     700     1000    400     100     1100    1000    200     100     
2760   2006 7900    2000    4800    400     1500    2300    3200    0       300     400     500     600     600     1700    0       1400    1000    800     600     
2760   2007 6300    5000    2800    3000    2000    1000    500     1500    900     200     900     900     600     300     100     0       300     200     400     
2760   2008 3800    2500    1700    1600    1200    800     500     800     400     400     0       800     300     300     200     100     0       400     100     
2760   2009 5500    700     3300    200     1800    1200    2100    0       100     100     1300    400     100     600     500     400     200     1500    300     
2760   2010 3400    2800    1700    600     900     1300    900     0       300     500     200     200     400     600     300     0       200     700     0       
2760   2011 5200    2200    2500    900     1400    1100    1600    600     300     400     700     300     600     0       500     400     600     600     200     
2760   2012 4600    2800    2000    1000    1900    700     500     500     300     600     300     1000    100     0       600     0       400     100     700     
2760   2013 4100    2000    1900    1200    900     1100    1400    500     0       300     600     0       200     500     400     200     900     300     200     
2760   2014 5300    3000    2700    1400    1500    1200    1200    800     400     400     800     300     500     600     100     400     600     200     200     
2760   2015 6200    1600    2900    700     700     2200    1500    400     100     100     300     300     200     1000    1000    100     100     1300    1300    
2760   2016 3900    3600    2200    2200    800     1000    1100    500     400     0       300     500     400     200     400     400     0       700     100     
2760   2017 5100    1900    2800    700     1300    1900    900     0       600     500     0       800     800     600     500     100     500     300     400     
2760   2018 7700    2500    4500    1400    2100    2200    1400    1000    0       300     700     1100    900     500     800     500     300     600     1000    
2760   2019 6000    3100    2600    1200    1400    1900    1700    100     100     1000    300     100     700     500     700     300     600     800     800     
2760   2020 7100    4400    2600    2600    1100    1700    1700    700     1100    400     600     100     200     100     1400    200     700     800     800     
2760   2021 3000    3400    1000    1900    0       800     500     200     900     0       0       0       800     0       0       200     300     0       600     
