EUROPEAN CLIMATE ASSESSMENT & DATASET (ECA&D), file created on: 20-01-2022
THESE DATA CAN BE USED FOR NON-COMMERCIAL RESEARCH AND EDUCATION PROVIDED THAT THE FOLLOWING SOURCE IS ACKNOWLEDGED: 

Klein Tank, A.M.G. and Coauthors, 2002. Daily dataset of 20th-century surface
air temperature and precipitation series for the European Climate Assessment.
Int. J. of Climatol., 22, 1441-1453.
Data and metadata available at http://www.ecad.eu

FILE FORMAT (MISSING VALUE CODE = -999999):

THIS FILE HOLDS DATA FOR STATION BELGIUM                                  BEAUVECHAIN                              (STAID:    943)
LATITUDE: dd:mm:ss +50:44:45
LONGITUDE: ddd:mm:ss +004:57:00
ELEVATION: m  127

DATA IS FOR INDEX Days with TN > 90th percentile of daily min temp (warm nights) (TN90p) with unit 0.01 No of days

01-06 SOUID: Source identifier
08-11 YEAR : YYYY
13-20 ANNUAL DATA VALUES
21-28 WINTER HALF YEAR DATA VALUES
29-36 SUMMER HALF YEAR DATA VALUES
37-44 WINTER (DJF) DATA VALUES
45-52 SPRING (MAM) DATA VALUES
53-60 SUMMER (JJA) DATA VALUES
61-68 AUTUMN (SON) DATA VALUES
69-76 JANUARY DATA VALUES
etc. 
157-164 DECEMBER DATA VALUES

943    1953 -999999 -999999 -999999 -999999 -999999 -999999 -999999 -999999 -999999 -999999 -999999 -999999 -999999 -999999 -999999 -999999 -999999 -999999 800     
943    1954 4200    -999999 1600    -999999 1800    700     1000    100     200     1100    100     600     400     0       300     200     400     400     400     
943    1955 4200    2200    2200    1100    1000    1300    800     200     500     300     700     0       0       600     700     200     0       600     400     
943    1956 3500    2000    1000    600     1300    0       1000    100     100     800     100     400     0       0       0       500     500     0       1000    
943    1957 5800    4800    1800    2300    2100    1400    1000    200     1100    2000    100     0       700     600     100     300     400     300     0       
943    1958 4100    2000    2400    900     800     1200    1000    100     800     400     0       400     200     100     900     800     200     0       200     
943    1959 4700    1400    3000    500     2300    1200    600     300     0       700     900     700     200     300     700     200     0       400     300     
943    1960 5300    2400    2400    1400    1500    1300    1200    700     400     600     600     300     600     0       700     200     300     700     200     
943    1961 7300    3100    4400    1400    2700    900     2000    100     1100    700     1600    400     100     200     600     1500    400     100     500     
943    1962 2100    1700    1000    1200    500     300     600     700     0       0       200     300     300     0       0       200     300     100     0       
943    1963 2900    800     1600    0       1200    700     1000    0       0       400     700     100     300     300     100     100     200     700     0       
943    1964 3800    1500    2600    600     1300    800     1000    0       600     0       400     900     100     400     300     500     0       500     100     
943    1965 1400    1100    500     300     400     300     400     200     0       300     0       100     100     0       200     100     300     0       100     
943    1966 5500    2200    2500    1800    1200    1300    1300    500     1200    100     800     300     900     0       400     100     800     400     0       
943    1967 3800    2500    1700    1100    600     800     1200    600     500     200     0       400     100     500     200     500     700     0       100     
943    1968 2700    1700    1100    600     1100    400     700     500     0       400     700     0       0       200     200     0       200     500     0       
943    1969 3500    1500    2000    600     1000    900     1000    600     0       200     300     500     100     800     0       300     400     300     0       
943    1970 4000    1100    2400    300     700     1500    1300    300     0       100     500     100     1100    300     100     300     500     500     200     
943    1971 2200    1500    1500    400     900     600     100     200     0       100     100     700     0       400     200     100     0       0       400     
943    1972 2700    900     1600    700     500     1300    300     200     100     200     300     0       100     900     300     0       0       300     300     
943    1973 1600    600     1500    300     200     900     400     0       0       0       0       200     400     200     300     400     0       0       100     
943    1974 3400    1500    900     1200    600     300     500     800     300     300     300     0       0       0       300     300     0       200     900     
943    1975 3500    2400    2200    1700    600     1500    600     700     100     500     100     0       200     200     1100    600     0       0       0       
943    1976 4500    1200    2900    1200    600     2000    700     1000    200     0       0       600     600     1300    100     300     400     0       0       
943    1977 3200    1500    400     800     500     100     1300    300     500     300     100     100     0       100     0       100     500     700     500     
943    1978 3500    2400    1600    700     1000    800     800     0       200     500     100     400     500     300     0       300     300     200     700     
943    1979 3300    1600    1300    800     800     400     1000    0       100     300     100     400     200     100     100     400     500     100     1000    
943    1980 2900    2400    1000    1600    300     600     1100    0       600     200     100     0       100     200     300     300     200     600     300     
943    1981 4100    2500    2200    500     2100    1300    500     0       200     1200    300     600     400     300     600     0       0       500     0       
943    1982 3000    1100    2200    400     900     1300    400     300     100     200     200     500     800     400     100     200     0       200     0       
943    1983 5200    1400    2800    1000    300     2700    800     1000    0       200     100     0       500     1500    700     0       300     500     400     
943    1984 2100    1400    900     600     0       800     1000    200     0       0       0       0       100     200     500     100     200     700     100     
943    1985 3600    1200    1900    300     1100    500     900     0       200     0       600     500     200     200     100     300     400     200     900     
943    1986 2900    1800    1200    1000    300     1100    1000    100     0       200     0       100     500     600     0       0       400     600     400     
943    1987 5000    2200    2500    800     1300    900     1500    200     200     400     500     400     200     200     500     700     400     400     900     
943    1988 6300    3400    2600    2300    1500    1100    1000    1100    300     300     400     800     200     300     600     300     400     300     1300    
943    1989 5800    3700    2200    2000    1900    800     1600    400     300     1000    100     800     100     500     200     500     900     200     800     
943    1990 6800    4300    2800    2200    1800    1900    1500    400     1000    1000    100     700     500     100     1300    100     900     500     200     
943    1991 3900    3700    1600    700     1900    1200    200     500     0       1600    300     0       100     700     400     100     0       100     100     
943    1992 5600    1200    3500    700     1900    1700    1000    300     300     400     400     1100    400     300     1000    300     0       700     400     
943    1993 6000    3000    3600    1800    2800    900     600     1200    200     500     1000    1300    600     300     0       400     200     0       300     
943    1994 7300    1800    3300    700     1700    2400    2100    200     200     900     600     200     200     1500    700     100     200     1800    700     
943    1995 9200    4800    4900    2400    2100    2900    2400    400     1300    400     700     1000    300     1400    1200    300     1500    600     100     
943    1996 4300    3200    2500    800     1200    1600    700     400     300     300     600     300     900     200     500     0       400     300     100     
943    1997 6600    3400    2900    1300    2400    1800    800     100     1100    1400    400     600     500     100     1200    100     100     600     400     
943    1998 6100    3500    3200    1900    2900    600     800     500     1000    900     1100    900     400     100     100     600     100     100     300     
943    1999 6800    1800    4400    1300    1700    1500    2500    800     200     300     900     500     100     900     500     1500    700     300     100     
943    2000 6800    2400    3700    900     2700    1000    1000    400     400     500     800     1400    500     100     400     500     300     200     1300    
943    2001 7200    3800    3500    2400    2500    1900    1400    600     500     900     500     1100    200     600     1100    0       1300    100     300     
943    2002 7400    4400    3200    2300    1800    1900    900     800     1200    700     500     600     600     400     900     200     200     500     800     
943    2003 7500    2900    5300    1300    2300    3600    700     400     100     900     900     500     1500    800     1300    300     0       400     400     
943    2004 6000    2300    3700    1200    2000    1800    1400    0       800     700     1100    200     300     300     1200    600     400     400     0       
943    2005 -999999 3100    -999999 1100    -999999 1900    2500    900     200     1200    -999999 -999999 1100    700     100     1100    900     500     100     
943    2006 9400    2100    5800    300     1800    2600    3900    0       200     400     400     1000    700     1700    200     1800    1100    1000    900     
943    2007 7100    5800    3800    3400    2100    1700    400     1600    900     300     1100    700     1100    300     300     300     0       100     400     
943    2008 6100    2100    3900    1400    2400    1600    900     600     400     600     300     1500    400     600     600     500     300     100     200     
943    2009 5400    900     3500    300     2100    1600    1600    0       100     200     1500    400     500     600     500     0       100     1500    0       
943    2010 4800    2600    3000    200     1100    2600    900     0       200     800     300     0       700     1300    600     100     300     500     0       
943    2011 -999999 2100    3900    1100    2000    1600    -999999 500     600     200     1200    600     900     0       700     500     -999999 -999999 -999999 
