EUROPEAN CLIMATE ASSESSMENT & DATASET (ECA&D), file created on: 20-01-2022
THESE DATA CAN BE USED FOR NON-COMMERCIAL RESEARCH AND EDUCATION PROVIDED THAT THE FOLLOWING SOURCE IS ACKNOWLEDGED: 

Klein Tank, A.M.G. and Coauthors, 2002. Daily dataset of 20th-century surface
air temperature and precipitation series for the European Climate Assessment.
Int. J. of Climatol., 22, 1441-1453.
Data and metadata available at http://www.ecad.eu

FILE FORMAT (MISSING VALUE CODE = -999999):

THIS FILE HOLDS DATA FOR STATION GERMANY                                  NEUNKIRCHEN-SEELSCHEID-KRAWINKEL         (STAID:   4456)
LATITUDE: dd:mm:ss +50:50:44
LONGITUDE: ddd:mm:ss +007:22:19
ELEVATION: m  195

DATA IS FOR INDEX Days with TN > 90th percentile of daily min temp (warm nights) (TN90p) with unit 0.01 No of days

01-06 SOUID: Source identifier
08-11 YEAR : YYYY
13-20 ANNUAL DATA VALUES
21-28 WINTER HALF YEAR DATA VALUES
29-36 SUMMER HALF YEAR DATA VALUES
37-44 WINTER (DJF) DATA VALUES
45-52 SPRING (MAM) DATA VALUES
53-60 SUMMER (JJA) DATA VALUES
61-68 AUTUMN (SON) DATA VALUES
69-76 JANUARY DATA VALUES
etc. 
157-164 DECEMBER DATA VALUES

4456   1947 3900    -999999 3400    -999999 700     2000    1200    0       0       100     0       600     900     500     600     800     0       400     0       
4456   1948 3300    1500    1800    1000    500     1100    400     500     500     100     100     300     500     500     100     300     100     0       300     
4456   1949 3600    600     2800    500     800     1000    1400    100     100     0       700     100     200     200     600     1000    300     100     200     
4456   1950 2700    1700    1500    900     800     1000    200     200     500     400     0       400     500     200     300     100     0       100     0       
4456   1951 1500    300     900     100     200     400     600     100     0       100     100     0       200     100     100     400     0       200     200     
4456   1952 2200    700     1800    200     1300    700     200     0       0       300     900     100     100     500     100     100     100     0       0       
4456   1953 3500    500     2000    200     1000    1100    900     100     100     200     200     600     300     400     400     100     500     300     300     
4456   1954 2600    1500    1200    300     1000    200     1100    0       0       400     200     400     200     0       0       400     100     600     300     
4456   1955 1900    1200    1100    300     500     700     500     0       0       200     300     0       200     100     400     100     0       400     200     
4456   1956 -999999 1000    -999999 300     900     -999999 -999999 0       100     300     200     400     -999999 -999999 -999999 -999999 -999999 -999999 -999999 
4456   1957 -999999 -999999 -999999 -999999 -999999 -999999 -999999 -999999 -999999 -999999 -999999 -999999 -999999 -999999 -999999 -999999 -999999 -999999 -999999 
4456   1958 -999999 -999999 -999999 -999999 -999999 -999999 -999999 -999999 -999999 -999999 -999999 -999999 -999999 -999999 -999999 -999999 -999999 -999999 -999999 
4456   1959 -999999 -999999 -999999 -999999 -999999 -999999 -999999 -999999 -999999 -999999 -999999 -999999 -999999 -999999 -999999 -999999 -999999 -999999 -999999 
4456   1960 -999999 -999999 -999999 -999999 -999999 -999999 -999999 -999999 -999999 -999999 -999999 -999999 -999999 -999999 -999999 -999999 -999999 -999999 -999999 
4456   1961 -999999 -999999 -999999 -999999 -999999 -999999 -999999 -999999 -999999 -999999 -999999 -999999 -999999 -999999 -999999 -999999 -999999 -999999 -999999 
4456   1962 -999999 -999999 -999999 -999999 -999999 -999999 900     -999999 -999999 -999999 -999999 -999999 -999999 -999999 0       300     400     200     0       
4456   1963 2100    700     1100    0       700     400     1000    0       0       100     300     300     0       200     200     100     100     800     0       
4456   1964 3600    1300    2300    300     800     1200    1000    0       300     100     400     300     500     400     300     400     0       600     300     
4456   1965 1200    1500    400     600     300     300     100     300     0       300     0       0       200     100     0       100     0       0       200     
4456   1966 5300    2300    2100    2200    1400    800     1100    400     1600    100     900     400     600     0       200     0       1000    100     0       
4456   1967 3100    2300    1400    900     700     600     900     300     600     300     0       400     200     300     100     400     500     0       0       
4456   1968 3300    1300    1700    400     1400    500     1000    300     100     400     1000    0       100     200     200     200     500     300     0       
4456   1969 4000    1100    3200    100     1400    1400    1100    100     0       200     600     600     200     800     400     600     200     300     0       
4456   1970 3100    800     1700    200     700     700     1300    100     100     100     200     400     600     0       100     400     400     500     200     
4456   1971 2400    1300    1600    400     1100    400     200     200     0       0       300     800     0       100     300     100     100     0       500     
4456   1972 2800    1200    1300    900     500     1000    500     0       400     200     300     0       200     800     0       0       100     400     400     
4456   1973 2800    1100    2500    400     500     1500    800     0       0       200     0       300     400     500     600     700     0       100     0       
4456   1974 4600    1800    1200    1400    700     500     900     900     500     300     400     0       0       0       500     300     0       600     1100    
4456   1975 4700    3600    2800    2600    600     1800    800     1300    200     400     200     0       300     200     1300    800     0       0       0       
4456   1976 5600    1300    3500    1300    700     2300    1300    1100    200     0       200     500     800     1200    300     500     600     200     0       
4456   1977 5000    3400    600     1600    1200    300     1500    300     1300    1000    200     0       300     0       0       100     700     700     400     
4456   1978 3100    3200    700     800     1200    500     300     0       400     1000    100     100     300     200     0       0       100     200     700     
4456   1979 3500    1000    1700    700     800     500     1100    0       0       0       300     500     500     0       0       400     500     200     1100    
4456   1980 3400    2500    1600    1700    200     1100    1200    0       600     100     100     0       200     300     600     400     100     700     300     
4456   1981 4400    2800    2300    600     2700    900     500     0       300     1400    700     600     400     200     300     100     0       400     0       
4456   1982 4300    1300    2900    800     900     1600    900     500     300     100     300     500     500     700     400     500     100     300     100     
4456   1983 6100    2300    3300    1200    1200    2500    900     1100    0       700     400     100     800     900     800     300     300     300     400     
4456   1984 1800    1100    1200    500     100     800     800     100     0       0       100     0       100     300     400     300     200     300     0       
4456   1985 4000    900     2000    200     1400    500     800     0       200     200     600     600     200     200     100     300     400     100     1100    
4456   1986 4100    1900    1900    1400    400     1500    1400    300     0       0       0       400     1000    400     100     0       600     800     500     
4456   1987 4800    2500    2500    800     900     1100    1500    100     200     300     500     100     300     400     400     800     300     400     1000    
4456   1988 5100    2800    2300    1900    1700    500     1300    900     0       200     400     1100    0       200     300     300     600     400     700     
4456   1989 5800    3000    2400    1200    1700    900     1900    300     200     800     400     500     100     400     400     600     1100    200     800     
4456   1990 5700    4900    2100    2600    1700    1400    800     500     1300    1000    100     600     200     300     900     0       700     100     0       
4456   1991 3800    2300    2100    400     1400    1400    400     400     0       1100    300     0       100     900     400     400     0       0       200     
4456   1992 -999999 -999999 -999999 1100    -999999 -999999 500     300     600     -999999 -999999 -999999 -999999 -999999 -999999 100     0       400     100     
4456   1993 3400    1700    2000    1000    1700    400     200     900     0       300     900     500     400     0       0       200     0       0       200     
4456   1994 6600    1200    3500    500     1300    2700    1600    200     100     700     600     0       700     1300    700     200     200     1200    700     
4456   1995 5100    3200    2900    1700    1000    2000    1100    300     700     100     600     300     200     1200    600     0       900     200     0       
4456   1996 1800    1200    1300    100     300     900     500     100     0       0       200     100     500     0       400     100     100     300     0       
4456   1997 5000    2700    1800    1200    1500    1300    600     200     1000    1100    100     300     300     0       1000    100     200     300     400     
4456   1998 5800    3600    2600    2000    2300    800     900     800     800     1100    700     500     300     200     300     600     300     0       200     
4456   1999 4800    1700    2900    900     1200    1100    1600    600     100     500     500     200     0       500     600     1100    400     100     200     
4456   2000 6100    2000    3100    1000    2100    900     1300    200     600     500     700     900     700     0       200     600     200     500     1000    
4456   2001 5300    3200    2300    1900    1200    1700    1200    300     600     600     200     400     200     600     900     0       1100    100     300     
4456   2002 5500    3900    1900    2200    1000    1400    600     800     1100    500     300     200     600     300     500     0       100     500     600     
4456   2003 6700    2500    4300    1200    1900    2700    1200    600     0       700     700     500     1100    500     1100    400     0       800     300     
4456   2004 5500    2800    3200    1200    2000    1500    1100    100     800     800     1100    100     300     300     900     500     400     200     0       
4456   2005 5200    2200    2700    500     2000    1200    1500    300     200     1100    400     500     700     200     300     600     700     200     0       
4456   2006 6700    1300    4400    0       1400    2200    2600    0       0       400     300     700     800     1400    0       1200    700     700     500     
4456   2007 4700    4100    2200    2500    1700    700     0       1300    700     200     900     600     400     200     100     0       0       0       300     
4456   2008 3300    1400    2100    1300    1200    1000    100     700     300     100     0       1100    500     400     100     0       0       100     0       
4456   2009 3600    400     2200    100     1300    1100    1000    0       100     200     1100    0       200     400     500     0       100     900     100     
4456   2010 3100    1800    1700    200     800     1500    700     0       100     600     200     0       300     1000    200     0       100     600     0       
4456   2011 4400    1900    2400    700     1600    900     1100    300     400     500     900     200     500     0       400     400     400     300     100     
4456   2012 4100    2000    2000    900     1600    800     400     400     400     400     500     700     100     200     500     0       400     0       500     
4456   2013 3700    1800    1700    1100    700     1000    1300    600     0       300     400     0       300     500     200     300     800     200     100     
4456   2014 4200    2100    2100    800     1400    800     1000    500     200     300     700     400     400     400     0       200     200     600     300     
4456   2015 4700    1300    1800    500     200     1600    1600    200     0       0       100     100     100     800     700     0       100     1500    1100    
4456   2016 4200    3500    3000    1900    1000    1700    500     400     400     0       200     800     500     700     500     300     0       200     200     
4456   2017 4200    1400    2100    800     1100    1200    800     0       600     400     0       700     600     200     400     200     400     200     500     
4456   2018 6900    1900    4400    1100    2600    1800    1400    600     0       200     900     1500    800     300     700     200     400     800     500     
4456   2019 4400    2400    2400    800     900     1800    1100    100     200     400     500     0       900     400     500     100     600     400     300     
4456   2020 5600    2600    2900    1500    500     2300    1300    600     600     100     300     100     600     200     1500    200     600     500     300     
4456   2021 3600    2400    1700    1300    100     1100    800     200     800     0       0       100     900     100     100     500     200     100     600     
