EUROPEAN CLIMATE ASSESSMENT & DATASET (ECA&D), file created on: 20-01-2022
THESE DATA CAN BE USED FOR NON-COMMERCIAL RESEARCH AND EDUCATION PROVIDED THAT THE FOLLOWING SOURCE IS ACKNOWLEDGED: 

Klein Tank, A.M.G. and Coauthors, 2002. Daily dataset of 20th-century surface
air temperature and precipitation series for the European Climate Assessment.
Int. J. of Climatol., 22, 1441-1453.
Data and metadata available at http://www.ecad.eu

FILE FORMAT (MISSING VALUE CODE = -999999):

THIS FILE HOLDS DATA FOR STATION GREENLAND [DENMARK]                      MITT. AASIAAT                            (STAID:   7980)
LATITUDE: dd:mm:ss +68:43:00
LONGITUDE: ddd:mm:ss -052:46:59
ELEVATION: m   23

DATA IS FOR INDEX Days with TN > 90th percentile of daily min temp (warm nights) (TN90p) with unit 0.01 No of days

01-06 SOUID: Source identifier
08-11 YEAR : YYYY
13-20 ANNUAL DATA VALUES
21-28 WINTER HALF YEAR DATA VALUES
29-36 SUMMER HALF YEAR DATA VALUES
37-44 WINTER (DJF) DATA VALUES
45-52 SPRING (MAM) DATA VALUES
53-60 SUMMER (JJA) DATA VALUES
61-68 AUTUMN (SON) DATA VALUES
69-76 JANUARY DATA VALUES
etc. 
157-164 DECEMBER DATA VALUES

7980   1958 -999999 -999999 -999999 -999999 -999999 1300    -999999 100     -999999 -999999 -999999 -999999 700     300     300     0       300     -999999 -999999 
7980   1959 2100    -999999 1600    -999999 900     500     400     200     0       0       100     800     400     100     0       200     100     100     100     
7980   1960 8700    1800    4400    1400    400     3500    3400    700     600     200     0       200     800     1000    1700    700     1800    900     100     
7980   1961 3900    3200    2400    500     500     1600    600     400     0       0       200     300     1000    600     0       300     200     100     800     
7980   1962 6000    3300    3100    1100    3400    1000    1100    300     0       1900    900     600     400     200     400     600     400     100     200     
7980   1963 4100    2800    1100    2000    900     400     600     900     900     300     600     0       0       0       400     100     200     300     400     
7980   1964 2200    2000    600     1500    100     200     600     600     500     0       100     0       100     0       100     300     200     100     200     
7980   1965 5600    2000    3700    1500    1200    2400    700     400     900     200     100     900     400     700     1300    300     300     100     0       
7980   1966 4700    700     2100    300     100     1300    2900    0       300     0       0       100     200     300     800     700     1800    400     100     
7980   1967 3600    3300    2100    1100    600     1100    700     1000    0       0       100     500     0       500     600     400     100     200     200     
7980   1968 4200    700     2400    400     1100    1000    1000    0       200     0       500     600     400     500     100     300     500     200     900     
7980   1969 4200    3900    1100    3000    800     300     1000    1000    1100    200     200     400     100     100     100     200     300     500     0       
7980   1970 2300    1500    700     500     600     0       700     0       500     200     400     0       0       0       0       300     300     100     500     
7980   1971 2200    1800    1100    900     600     900     300     400     0       500     0       100     400     500     0       100     0       200     0       
7980   1972 1100    300     500     100     200     200     500     0       100     0       0       200     0       0       200     100     400     0       100     
7980   1973 3300    1200    1700    400     1700    400     400     300     0       400     1100    200     0       0       400     0       100     300     500     
7980   1974 4700    2000    2500    700     1500    1700    1300    0       200     900     500     100     600     600     500     200     600     500     0       
7980   1975 2800    1200    2500    100     1000    1500    200     0       100     0       400     600     500     500     500     0       200     0       0       
7980   1976 -999999 500     -999999 200     300     -999999 1700    100     100     100     0       200     500     -999999 0       1100    100     500     900     
7980   1977 6900    3500    4400    1600    3300    2200    700     400     300     1300    800     1200    700     1200    300     200     100     400     0       
7980   1978 4200    900     1500    400     300     500     1100    0       400     0       300     0       0       100     400     700     300     100     1900    
7980   1979 4600    4100    1800    2800    2300    400     800     800     100     900     1200    200     0       100     300     0       800     0       200     
7980   1980 6900    4400    2400    2100    2200    1300    1400    1200    700     1500    100     600     0       500     800     400     600     400     100     
7980   1981 -999999 1500    -999999 300     900     -999999 -999999 200     0       200     400     300     -999999 -999999 -999999 -999999 -999999 300     600     
7980   1982 -999999 -999999 -999999 -999999 -999999 -999999 -999999 -999999 -999999 -999999 300     0       300     500     300     0       -999999 -999999 0       
7980   1983 -999999 -999999 -999999 -999999 400     500     -999999 0       0       0       300     100     400     100     0       0       0       300     100     
7980   1984 -999999 -999999 -999999 -999999 200     -999999 300     -999999 -999999 200     0       0       0       400     0       0       100     200     0       
7980   1985 5000    1300    2500    800     1200    900     1700    700     100     200     300     700     800     0       100     600     500     600     400     
7980   1986 -999999 4200    -999999 2600    1000    800     -999999 500     1700    500     100     400     0       100     700     800     0       0       0       
7980   1987 2900    -999999 1700    300     400     1400    800     300     0       300     100     0       400     100     900     200     400     200     0       
7980   1988 3300    1700    -999999 600     900     100     1600    0       600     500     100     300     0       0       100     200     600     800     100     
7980   1989 2500    1500    600     100     200     400     -999999 0       0       0       200     0       100     300     0       0       0       1000    900     
7980   1990 -999999 -999999 -999999 900     -999999 -999999 1200    0       0       -999999 100     200     700     600     100     200     0       1000    300     
7980   1991 -999999 1900    -999999 500     600     -999999 400     0       200     400     100     100     100     500     100     200     100     100     300     
7980   1992 1500    800     -999999 600     0       -999999 1200    300     0       0       0       0       0       0       0       100     900     200     0       
7980   1993 -999999 1100    -999999 0       700     -999999 -999999 0       0       0       0       -999999 700     -999999 100     1100    -999999 0       0       
7980   1994 -999999 -999999 -999999 -999999 1700    -999999 800     0       -999999 0       600     1100    -999999 300     100     100     200     500     0       
7980   1995 4900    700     -999999 0       1500    900     2200    0       0       0       700     800     400     400     100     1200    200     800     300     
7980   1996 -999999 -999999 -999999 500     -999999 -999999 200     100     100     -999999 -999999 -999999 -999999 200     100     100     0       100     700     
7980   1997 5300    1900    2500    1600    900     1500    1100    900     0       200     300     400     1500    0       0       300     300     500     900     
7980   1998 -999999 2300    3800    1500    1300    1800    1900    600     0       0       600     700     900     500     400     700     400     800     -999999 
7980   1999 4900    -999999 3000    -999999 900     2300    1000    400     100     300     600     0       500     1100    700     100     400     500     200     
7980   2000 -999999 1800    -999999 800     1700    -999999 2000    400     200     100     1400    200     1300    -999999 700     1100    100     800     500     
7980   2001 11600   2500    7400    900     2300    3900    4000    200     200     700     1200    400     1000    1200    1700    1900    1400    700     1000    
7980   2002 7300    3800    4300    1700    1500    1700    2600    600     100     0       300     1200    1100    300     300     1100    600     900     800     
7980   2003 10600   4900    5500    2000    3300    2700    2800    1200    0       1400    800     1100    1500    400     800     900     1200    700     600     
7980   2004 8300    3900    5300    1700    2800    2500    1900    800     300     300     600     1900    1200    300     1000    300     1100    500     0       
7980   2005 10500   4600    5600    1100    3600    3700    1600    200     900     1900    1100    600     1700    1100    900     200     400     1000    500     
7980   2006 8000    4100    4700    1000    3300    1900    2200    0       500     1700    600     1000    600     100     1200    1200    800     200     100     
7980   2007 8800    4300    4900    2400    1800    3700    900     800     1500    900     400     500     1200    1300    1200    300     400     200     100     
7980   2008 8300    1500    6600    200     2900    3700    1300    100     0       700     900     1300    1400    1600    700     700     300     300     300     
7980   2009 10300   2700    6500    2100    800     5000    1100    1100    700     0       100     700     1200    1800    2000    700     400     0       1600    
7980   2010 21500   7000    11000   4500    5600    5100    6000    1200    1700    2100    1600    1900    1600    1100    2400    2400    2000    1600    1900    
7980   2011 -999999 7700    -999999 3200    1000    -999999 1600    900     400     900     0       100     1400    -999999 -999999 800     200     600     0       
7980   2012 14400   1300    11200   200     2900    6900    3400    0       200     300     1100    1500    2600    2400    1900    1700    1300    400     1000    
7980   2013 -999999 -999999 -999999 -999999 -999999 -999999 -999999 -999999 -999999 -999999 -999999 -999999 -999999 -999999 -999999 -999999 -999999 -999999 -999999 
7980   2014 8800    -999999 5800    -999999 1000    4200    2200    800     500     500     200     300     1700    1300    1200    1100    500     600     100     
7980   2015 5600    1700    4300    200     500     3600    1300    100     0       400     0       100     900     1300    1400    600     400     300     100     
7980   2016 13000   3900    8000    1500    5600    3500    1800    900     500     1700    2100    1800    1300    1000    1200    600     600     600     700     
7980   2017 6100    2200    3700    900     1000    2300    1600    200     0       100     100     800     800     700     800     500     500     600     1000    
7980   2018 3500    2900    2000    1100    1400    900     900     100     0       700     400     300     500     0       400     400     100     400     200     
7980   2019 14600   2100    10700   400     4900    5300    4200    100     100     1200    1400    2300    2000    1600    1700    1700    1200    1300    0       
7980   2020 10800   3200    7200    100     4300    2700    2500    100     0       600     1900    1800    800     900     1000    800     1300    400     1200    
7980   2021 -999999 -999999 -999999 -999999 -999999 -999999 -999999 -999999 -999999 -999999 -999999 -999999 -999999 -999999 -999999 -999999 -999999 -999999 -999999 
