EUROPEAN CLIMATE ASSESSMENT & DATASET (ECA&D), file created on: 20-01-2022
THESE DATA CAN BE USED FOR NON-COMMERCIAL RESEARCH AND EDUCATION PROVIDED THAT THE FOLLOWING SOURCE IS ACKNOWLEDGED: 

Klein Tank, A.M.G. and Coauthors, 2002. Daily dataset of 20th-century surface
air temperature and precipitation series for the European Climate Assessment.
Int. J. of Climatol., 22, 1441-1453.
Data and metadata available at http://www.ecad.eu

FILE FORMAT (MISSING VALUE CODE = -999999):

THIS FILE HOLDS DATA FOR STATION KAZAKHSTAN                               KAZALINSK                                (STAID:   3039)
LATITUDE: dd:mm:ss +45:46:12
LONGITUDE: ddd:mm:ss +062:07:10
ELEVATION: m   66

DATA IS FOR INDEX Days with TN > 90th percentile of daily min temp (warm nights) (TN90p) with unit 0.01 No of days

01-06 SOUID: Source identifier
08-11 YEAR : YYYY
13-20 ANNUAL DATA VALUES
21-28 WINTER HALF YEAR DATA VALUES
29-36 SUMMER HALF YEAR DATA VALUES
37-44 WINTER (DJF) DATA VALUES
45-52 SPRING (MAM) DATA VALUES
53-60 SUMMER (JJA) DATA VALUES
61-68 AUTUMN (SON) DATA VALUES
69-76 JANUARY DATA VALUES
etc. 
157-164 DECEMBER DATA VALUES

3039   1914 4800    -999999 800     -999999 1000    400     700     1500    1200    600     300     100     300     0       100     0       300     400     0       
3039   1915 4500    2700    1600    800     1800    700     600     700     100     1200    500     100     100     0       600     300     100     200     600     
3039   1916 2000    1400    1100    1100    500     500     500     400     100     0       300     200     0       200     300     100     300     100     0       
3039   1917 1500    900     700     200     800     200     300     100     100     300     0       500     0       0       200     0       300     0       0       
3039   1918 -999999 -999999 800     300     -999999 700     100     300     0       -999999 0       0       300     0       400     100     0       0       0       
3039   1919 2500    400     1600    300     1100    600     300     0       300     100     600     400     200     0       400     0       200     100     200     
3039   1920 2700    1300    1800    800     700     1000    400     600     0       200     200     300     600     0       400     300     100     0       0       
3039   1921 2500    400     1300    300     100     900     800     200     100     0       100     0       500     200     200     300     300     200     400     
3039   1922 4100    1900    1400    600     2200    0       1000    100     100     800     600     800     0       0       0       0       400     600     700     
3039   1923 3100    2200    1100    1100    200     800     1300    100     300     100     0       100     600     100     100     200     800     300     400     
3039   1924 -999999 1600    -999999 400     200     -999999 800     0       0       100     0       100     200     -999999 300     200     200     400     100     
3039   1925 3400    1800    1200    400     1200    400     1100    300     0       800     200     200     200     200     0       400     600     100     400     
3039   1926 2300    2100    700     800     800     300     700     400     0       600     0       200     200     0       100     200     200     300     100     
3039   1927 -999999 900     -999999 300     -999999 1000    1400    200     0       100     -999999 600     100     300     600     300     900     200     0       
3039   1928 1400    1500    800     400     400     300     300     0       400     0       0       400     200     100     0       100     200     0       0       
3039   1929 1700    400     1300    0       1100    300     300     0       0       200     800     100     0       100     200     100     200     0       0       
3039   1930 3100    1000    1700    0       1000    1400    700     0       0       800     0       200     500     600     300     100     400     200     0       
3039   1931 1800    700     1400    0       200     800     800     0       0       100     100     0       100     500     200     500     300     0       0       
3039   1932 -999999 -999999 1200    -999999 1200    200     100     -999999 200     200     800     200     100     0       100     0       0       100     0       
3039   1933 1700    100     1500    0       900     400     400     0       0       0       400     500     100     0       300     200     100     100     0       
3039   1934 600     400     200     100     100     100     200     0       100     100     0       0       0       0       100     100     0       100     100     
3039   1935 4300    1600    1900    1100    1100    1200    1000    200     800     400     400     300     100     100     1000    0       900     100     0       
3039   1936 2600    1700    700     700     300     400     1000    200     500     0       200     100     300     0       100     0       900     100     200     
3039   1937 2900    1800    1800    500     400     1300    800     0       300     300     0       100     700     0       600     400     300     100     100     
3039   1938 3200    1100    1800    600     1300    500     900     300     200     100     400     800     0       0       500     100     200     600     0       
3039   1939 -999999 1900    -999999 500     1400    -999999 700     100     400     600     300     500     200     100     -999999 200     200     300     700     
3039   1940 3300    1700    900     1000    500     600     800     300     0       200     200     100     100     200     300     0       500     300     1100    
3039   1941 4500    3500    1600    2300    1100    600     700     400     800     400     500     200     200     100     300     300     300     100     900     
3039   1942 2300    1700    900     1200    400     600     500     300     0       100     0       300     200     200     200     0       400     100     500     
3039   1943 1700    1200    1200    600     400     900     200     100     0       100     200     100     100     400     400     0       200     0       100     
3039   1944 5100    3500    1800    1800    2600    500     300     500     1200    1500    200     900     100     400     0       200     100     0       0       
3039   1945 2300    100     1500    0       200     1200    900     0       0       0       100     100     300     0       900     100     700     100     0       
3039   1946 2100    2200    700     1200    300     100     500     100     1100    200     100     0       0       0       100     500     0       0       0       
3039   1947 3400    900     1300    300     1100    400     1400    200     100     600     300     200     0       100     300     400     200     800     200     
3039   1948 4300    2600    1800    1600    1000    700     900     1200    200     0       0       1000    200     200     300     100     600     200     300     
3039   1949 1500    1700    700     700     400     500     100     300     100     200     100     100     300     0       200     0       100     0       100     
3039   1950 1400    600     600     400     400     300     300     0       300     100     100     200     0       0       300     0       300     0       100     
3039   1951 2100    500     1100    200     400     400     300     100     0       0       200     200     0       100     300     300     0       0       900     
3039   1952 4000    1500    2900    1100    1100    1600    1100    200     0       400     100     600     300     800     500     600     500     0       0       
3039   1953 2700    2100    700     1200    600     400     300     200     1000    400     100     100     0       100     300     100     100     100     200     
3039   1954 1600    500     900     300     200     600     700     0       100     0       200     0       0       200     400     100     300     300     0       
3039   1955 3700    1800    1700    1100    100     1400    700     400     700     100     0       0       400     200     800     300     100     300     400     
3039   1956 2200    1600    700     1000    500     400     400     300     300     200     200     100     0       300     100     0       200     200     300     
3039   1957 1800    900     600     400     200     100     1000    100     0       100     0       100     100     0       0       400     500     100     400     
3039   1958 3700    3900    600     2400    900     500     200     500     1500    900     0       0       200     100     200     100     0       100     100     
3039   1959 1500    400     1200    300     400     500     400     100     100     0       300     100     200     0       300     300     100     0       0       
3039   1960 2900    800     2000    700     300     1400    500     400     300     0       300     0       400     200     800     300     100     100     0       
3039   1961 4000    1000    2600    600     2000    700     700     500     100     200     700     1100    600     0       100     100     200     400     0       
3039   1962 4500    2400    1800    400     1600    1100    1300    0       400     1400    0       200     300     700     100     500     800     0       100     
3039   1963 5000    3300    1000    2100    700     500     1700    1100    900     400     100     200     0       300     200     200     600     900     100     
3039   1964 1900    1600    1200    100     900     200     700     0       0       0       100     800     100     0       100     100     200     400     100     
3039   1965 3400    2000    1300    900     1100    500     700     700     100     500     300     300     100     100     300     200     200     300     300     
3039   1966 4600    3500    1800    2300    800     1600    200     1000    1000    700     100     0       400     300     900     100     100     0       0       
3039   1967 3000    600     2100    300     1300    800     500     300     0       200     900     200     200     200     400     200     300     0       100     
3039   1968 2100    1500    600     400     1200    100     400     300     0       800     0       400     0       0       100     100     200     100     100     
3039   1969 2800    400     1600    100     300     800     1200    0       0       0       200     100     300     0       500     500     500     200     500     
3039   1970 3200    2100    1800    1200    1000    600     900     100     600     200     500     300     0       200     400     400     400     100     0       
3039   1971 4400    900     1600    200     600     900     1300    200     0       200     200     200     300     400     200     300     300     700     1400    
3039   1972 1700    2400    1000    1400    600     200     500     0       0       0       300     300     100     0       100     200     200     100     400     
3039   1973 2200    1000    1400    600     800     600     400     0       200     100     600     100     200     200     200     100     0       300     200     
3039   1974 3300    1000    2100    200     1000    1400    900     0       0       500     200     300     700     400     300     200     400     300     0       
3039   1975 3500    1600    1600    300     1200    500     900     300     0       600     600     0       100     300     100     500     300     100     600     
3039   1976 3600    2100    2500    1700    500     1700    300     1000    100     0       0       500     200     300     1200    300     0       0       0       
3039   1977 5300    900     3100    300     1800    1400    1500    0       300     600     700     500     700     400     300     500     300     700     300     
3039   1978 3000    1700    1600    600     400     800     800     200     100     100     100     200     400     400     0       500     100     200     700     
3039   1979 4900    1900    1700    1400    400     900     1600    200     500     200     0       200     0       500     400     600     900     100     1300    
3039   1980 2300    2400    900     1300    600     300     1000    0       0       100     200     300     100     100     100     100     100     800     400     
3039   1981 5000    3200    2300    1700    900     1700    900     500     800     600     300     0       200     900     600     300     0       600     200     
3039   1982 3200    1000    2200    200     1300    700     1200    0       0       200     600     500     0       400     300     400     700     100     0       
3039   1983 7300    3300    3200    2200    1700    1400    1300    500     1700    300     1000    400     400     600     400     400     100     800     700     
3039   1984 4600    2000    2900    800     700     2400    1400    100     0       300     100     300     500     1200    700     100     700     600     0       
3039   1985 4100    2700    2300    1400    800     1200    500     300     1100    0       600     200     600     300     300     300     200     0       200     
3039   1986 2600    1200    1300    1000    500     300     1000    700     100     0       100     400     100     0       200     500     200     300     0       
3039   1987 3600    1500    2100    1000    500     1600    200     600     400     0       0       500     600     500     500     0       100     100     300     
3039   1988 4300    1100    2900    400     1000    1600    1100    100     0       500     500     0       800     600     200     800     200     100     500     
3039   1989 6000    2400    1700    1900    500     1100    1600    600     800     200     0       300     100     800     200     300     900     400     1400    
3039   1990 4700    4400    2400    2000    1500    1500    900     300     300     1100    200     200     1100    100     300     500     200     200     200     
3039   1991 4000    1100    2400    700     400     1800    900     500     0       0       300     100     1000    700     100     200     400     300     400     
3039   1992 2300    1800    1000    1100    300     400     900     600     100     0       0       300     200     200     0       300     300     300     0       
3039   1993 3600    2100    2000    1100    1000    1100    400     1000    100     400     600     0       300     400     400     300     100     0       0       
3039   1994 3400    400     2100    300     600     1100    1400    100     200     0       300     300     600     100     400     400     200     800     0       
3039   1995 5600    1800    3400    400     1900    1900    1300    100     300     400     1100    400     900     500     500     0       400     900     100     
3039   1996 2900    1500    2200    200     500     1500    700     0       100     0       100     400     600     900     0       200     300     200     100     
3039   1997 6800    1900    3400    500     2800    1100    2300    400     0       900     1200    700     400     500     200     400     1900    0       200     
3039   1998 4400    2200    3100    300     400     2200    1100    0       100     0       300     100     700     200     1300    500     300     300     600     
3039   1999 7700    4000    2900    3100    1300    1600    1800    1200    1300    300     600     400     300     200     1100    300     1300    200     500     
3039   2000 5100    3900    2600    1800    1500    1500    300     400     900     600     800     100     300     200     1000    200     100     0       500     
3039   2001 5900    3200    2000    1200    3300    600     900     500     200     1900    500     900     200     200     200     0       300     600     400     
3039   2002 7900    7200    1300    4200    2200    1000    900     1700    2100    2100    100     0       100     300     600     200     300     400     0       
3039   2003 4800    1600    2500    800     600     1200    1900    200     600     100     300     200     0       0       1200    800     500     600     300     
3039   2004 6500    4200    2400    1900    2000    1300    1600    700     900     1200    200     600     500     300     500     300     500     800     0       
3039   2005 8100    3800    4800    1100    3200    1900    1300    1000    100     1400    1000    800     700     800     400     1100    200     0       600     
3039   2006 7400    2900    3200    1400    2500    1600    2100    0       800     1300    800     400     800     100     700     400     600     1100    400     
3039   2007 6600    5700    2800    3700    1200    1700    400     1700    1600    300     600     300     600     200     900     200     200     0       0       
3039   2008 -999999 2300    3000    100     3400    1400    -999999 0       100     2000    600     800     300     300     800     200     -999999 200     300     
3039   2009 -999999 -999999 1700    900     1500    1000    -999999 100     500     1200    200     100     700     100     200     400     -999999 -999999 -999999 
