EUROPEAN CLIMATE ASSESSMENT & DATASET (ECA&D), file created on: 20-01-2022
THESE DATA CAN BE USED FOR NON-COMMERCIAL RESEARCH AND EDUCATION PROVIDED THAT THE FOLLOWING SOURCE IS ACKNOWLEDGED: 

Klein Tank, A.M.G. and Coauthors, 2002. Daily dataset of 20th-century surface
air temperature and precipitation series for the European Climate Assessment.
Int. J. of Climatol., 22, 1441-1453.
Data and metadata available at http://www.ecad.eu

FILE FORMAT (MISSING VALUE CODE = -999999):

THIS FILE HOLDS DATA FOR STATION ITALY                                    CASTELFRANCO_EMILIA                      (STAID:  17574)
LATITUDE: dd:mm:ss +44:37:51
LONGITUDE: ddd:mm:ss +011:01:45
ELEVATION: m   32

DATA IS FOR INDEX Days with TN > 90th percentile of daily min temp (warm nights) (TN90p) with unit 0.01 No of days

01-06 SOUID: Source identifier
08-11 YEAR : YYYY
13-20 ANNUAL DATA VALUES
21-28 WINTER HALF YEAR DATA VALUES
29-36 SUMMER HALF YEAR DATA VALUES
37-44 WINTER (DJF) DATA VALUES
45-52 SPRING (MAM) DATA VALUES
53-60 SUMMER (JJA) DATA VALUES
61-68 AUTUMN (SON) DATA VALUES
69-76 JANUARY DATA VALUES
etc. 
157-164 DECEMBER DATA VALUES

17574  1951 1700    -999999 900     -999999 200     300     1000    0       200     200     0       0       300     0       0       600     100     300     0       
17574  1952 1400    400     1100    0       300     700     300     0       0       0       300     0       300     200     200     100     200     0       100     
17574  1953 3100    300     600     100     300     0       1400    0       0       0       200     100     0       0       0       300     1100    0       1400    
17574  1954 2100    2700    300     1400    300     100     800     0       0       200     100     0       0       100     0       100     100     600     900     
17574  1955 2000    3100    0       2400    0       0       400     1100    400     0       0       0       0       0       0       0       0       400     100     
17574  1956 1200    800     600     400     400     200     100     300     0       0       100     300     0       100     100     0       0       100     200     
17574  1957 2500    900     1200    300     600     1100    300     0       100     500     100     0       200     800     100     0       0       300     400     
17574  1958 3400    1400    1200    1100    500     600     1100    200     500     0       0       500     100     100     400     100     100     900     500     
17574  1959 2100    1900    400     500     600     0       800     0       0       400     200     0       0       0       0       200     100     500     700     
17574  1960 1600    1500    200     800     100     200     400     0       100     100     0       0       100     0       100     0       0       400     800     
17574  1961 2700    1400    1500    900     800     400     1000    0       100     100     500     200     300     0       100     400     200     400     400     
17574  1962 3300    1300    2700    700     600     1400    1000    300     0       0       400     200     500     0       900     700     0       300     0       
17574  1963 3100    600     600     300     0       500     1900    300     0       0       0       0       0       100     400     100     0       1800    400     
17574  1964 2400    2400    1100    500     500     500     500     0       100     100     200     200     200     200     100     200     100     200     800     
17574  1965 500     1100    500     800     0       500     0       0       0       0       0       0       500     0       0       0       0       0       0       
17574  1966 1900    0       1200    0       300     600     1000    0       0       0       200     100     600     0       0       300     700     0       0       
17574  1967 5800    1700    -999999 100     2500    1600    -999999 0       100     900     500     1100    200     900     500     -999999 800     300     100     
17574  1968 4500    -999999 2200    -999999 1900    900     500     100     -999999 600     1200    100     200     700     0       0       100     400     0       
17574  1969 -999999 700     1500    0       1400    300     700     0       0       200     300     900     -999999 300     0       0       100     600     0       
17574  1970 -999999 -999999 -999999 400     300     -999999 1400    400     0       200     100     0       200     300     200     700     300     400     200     
17574  1971 2800    1000    2300    200     1500    900     400     0       0       100     900     500     0       300     600     0       100     300     0       
17574  1972 -999999 2400    -999999 2000    200     -999999 100     900     1100    0       100     100     -999999 100     600     0       100     0       400     
17574  1973 2300    -999999 1500    1000    300     700     500     600     0       0       0       300     0       500     200     500     0       0       200     
17574  1974 4000    2400    1200    2000    500     1100    -999999 700     1100    400     0       100     100     100     900     0       0       -999999 200     
17574  1975 4100    2000    1200    1500    300     300     1200    1200    100     100     0       200     0       300     0       700     200     300     1000    
17574  1976 2500    1600    -999999 1100    600     -999999 800     0       100     0       400     200     500     200     0       200     400     200     300     
17574  1977 8300    3700    2900    2400    1600    1700    2300    1100    1000    700     600     300     600     900     200     300     1000    1000    600     
17574  1978 8600    5800    4000    2300    2900    1700    1200    1500    200     1500    900     500     1000    200     500     900     200     100     1100    
17574  1979 11000   5100    5800    3400    3300    3300    1500    600     1700    1400    300     1600    2000    600     700     600     900     0       600     
17574  1980 1100    1700    600     700     100     500     400     0       100     100     0       0       0       0       500     100     300     0       0       
17574  1981 400     500     200     0       200     200     0       0       0       200     0       0       200     0       0       0       0       0       0       
17574  1982 300     0       200     0       100     100     0       0       0       0       0       100     0       100     0       0       0       0       100     
17574  1983 2200    400     1500    400     500     700     400     300     0       0       400     100     0       600     100     300     0       100     300     
17574  1984 1700    500     100     400     0       100     800     0       100     0       0       0       100     0       0       0       300     500     700     
17574  1985 1000    1600    400     700     200     200     100     0       0       100     0       100     0       0       200     100     0       0       -999999 
17574  1986 1300    -999999 800     -999999 800     0       500     0       0       0       100     700     0       0       0       0       0       500     0       
17574  1987 -999999 500     1000    0       0       100     -999999 0       0       0       0       0       0       100     0       900     -999999 -999999 -999999 
17574  1988 -999999 -999999 3000    -999999 500     2200    1500    -999999 -999999 0       100     400     0       900     1300    300     1200    -999999 -999999 
17574  1989 -999999 -999999 -999999 -999999 -999999 1400    -999999 0       500     400     400     -999999 600     100     700     400     100     -999999 600     
17574  1990 5700    -999999 -999999 2300    1800    600     -999999 500     1200    600     300     900     400     100     100     -999999 1200    0       200     
17574  1991 3100    3200    1200    900     1100    900     400     700     0       1100    0       0       0       300     600     300     0       100     0       
17574  1992 2700    400     1300    200     200     1100    500     100     100     100     0       100     100     100     900     100     0       400     700     
17574  1993 -999999 -999999 2000    -999999 500     1400    1000    -999999 0       200     0       300     300     400     700     300     400     300     400     
17574  1994 10000   4600    4000    1700    2600    2800    2400    900     400     2200    100     300     300     900     1600    800     300     1300    900     
17574  1995 1100    2600    300     1000    200     100     300     100     0       0       0       200     0       100     0       0       300     0       400     
17574  1996 3900    1500    1300    1100    300     1100    700     600     100     100     200     0       900     200     0       0       0       700     1100    
17574  1997 4500    2800    1800    1800    300     900     2300    400     300     300     0       0       700     0       200     900     700     700     300     
17574  1998 -999999 -999999 -999999 -999999 -999999 2200    500     600     -999999 0       200     300     900     700     600     400     0       100     200     
17574  1999 -999999 1200    -999999 800     1000    1000    -999999 500     100     300     200     500     300     200     500     -999999 -999999 -999999 -999999 
17574  2000 6900    -999999 3800    -999999 2500    1100    -999999 100     300     200     1100    1200    200     100     800     400     800     600     1100    
17574  2001 -999999 -999999 -999999 -999999 1900    -999999 -999999 -999999 -999999 1200    100     600     300     -999999 -999999 -999999 -999999 -999999 -999999 
17574  2002 -999999 -999999 -999999 -999999 -999999 -999999 -999999 -999999 -999999 -999999 -999999 -999999 -999999 -999999 -999999 -999999 -999999 -999999 -999999 
17574  2003 -999999 -999999 -999999 -999999 -999999 -999999 -999999 -999999 -999999 -999999 -999999 -999999 -999999 -999999 -999999 -999999 -999999 -999999 -999999 
17574  2004 4400    -999999 1000    -999999 300     800     2200    100     0       200     100     0       0       500     300     100     1400    700     1000    
17574  2005 -999999 -999999 -999999 1200    -999999 1100    1100    200     0       -999999 -999999 -999999 800     300     0       100     600     400     0       
17574  2006 1200    1000    0       0       0       0       600     0       0       0       0       0       0       0       0       0       0       600     600     
17574  2007 1400    2300    200     1700    100     100     100     800     300     0       100     0       0       0       100     0       0       100     0       
17574  2008 2200    800     0       600     100     0       900     500     100     100     0       0       0       0       0       0       500     400     600     
17574  2009 2200    1900    200     1000    100     100     1500    200     200     0       100     0       0       0       100     0       0       1500    100     
17574  2010 900     1700    0       100     100     0       700     0       0       100     0       0       0       0       0       0       100     600     100     
17574  2011 1600    1700    0       800     200     0       500     200     500     200     0       0       0       0       0       0       0       500     200     
17574  2012 1000    800     100     300     100     0       700     0       100     0       100     0       0       0       0       0       0       700     100     
17574  2013 2500    900     500     100     200     300     1700    0       0       100     100     0       300     0       0       100     1100    500     300     
17574  2014 4800    3600    0       2000    0       0       2100    1000    700     0       0       0       0       0       0       0       600     1500    1000    
17574  2015 1100    3200    300     1100    0       300     400     100     0       0       0       0       0       200     100     0       100     300     300     
17574  2016 1300    1200    300     800     300     0       500     200     300     0       300     0       0       0       0       0       100     400     0       
17574  2017 800     800     400     200     200     300     100     0       200     100     100     0       100     100     100     0       0       100     0       
17574  2018 2200    600     100     500     100     0       1500    500     0       0       0       100     0       0       0       0       200     1300    100     
17574  2019 -999999 1600    -999999 100     100     -999999 -999999 0       0       0       100     0       -999999 -999999 -999999 -999999 -999999 -999999 -999999 
17574  2020 -999999 -999999 -999999 -999999 -999999 0       -999999 100     -999999 -999999 -999999 0       0       0       0       0       200     -999999 -999999 
17574  2021 1200    -999999 0       -999999 0       0       600     0       500     0       0       0       0       0       0       0       0       600     100     
