EUROPEAN CLIMATE ASSESSMENT & DATASET (ECA&D), file created on: 20-01-2022
THESE DATA CAN BE USED FOR NON-COMMERCIAL RESEARCH AND EDUCATION PROVIDED THAT THE FOLLOWING SOURCE IS ACKNOWLEDGED: 

Klein Tank, A.M.G. and Coauthors, 2002. Daily dataset of 20th-century surface
air temperature and precipitation series for the European Climate Assessment.
Int. J. of Climatol., 22, 1441-1453.
Data and metadata available at http://www.ecad.eu

FILE FORMAT (MISSING VALUE CODE = -999999):

THIS FILE HOLDS DATA FOR STATION GERMANY                                  SCHALLSTADT-MENGEN                       (STAID:   4599)
LATITUDE: dd:mm:ss +47:57:39
LONGITUDE: ddd:mm:ss +007:42:45
ELEVATION: m  215

DATA IS FOR INDEX Days with TN > 90th percentile of daily min temp (warm nights) (TN90p) with unit 0.01 No of days

01-06 SOUID: Source identifier
08-11 YEAR : YYYY
13-20 ANNUAL DATA VALUES
21-28 WINTER HALF YEAR DATA VALUES
29-36 SUMMER HALF YEAR DATA VALUES
37-44 WINTER (DJF) DATA VALUES
45-52 SPRING (MAM) DATA VALUES
53-60 SUMMER (JJA) DATA VALUES
61-68 AUTUMN (SON) DATA VALUES
69-76 JANUARY DATA VALUES
etc. 
157-164 DECEMBER DATA VALUES

4599   1881 5600    -999999 3800    -999999 900     3100    1300    200     0       300     300     300     500     1900    700     100     0       1200    100     
4599   1882 3900    2500    1200    800     1100    400     1200    200     500     500     200     400     400     0       0       200     100     900     500     
4599   1883 4100    2100    2400    1100    800     1500    1000    300     300     0       200     600     400     700     400     100     100     800     200     
4599   1884 6200    2900    3700    1200    1800    2100    800     400     600     800     300     700     100     1200    800     600     0       200     500     
4599   1885 5200    2000    3300    1400    1500    1800    900     100     800     400     700     400     1400    300     100     400     0       500     100     
4599   1886 5300    1500    4000    200     2100    1600    1300    100     0       800     900     400     300     600     700     1100    100     100     200     
4599   1887 2300    400     2200    200     400     1400    400     0       0       0       200     200     300     600     500     400     0       0       100     
4599   1888 3400    700     2400    500     1100    1400    500     300     100     200     400     500     900     0       500     100     100     300     0       
4599   1889 3600    600     3100    200     800     1900    600     0       200     0       0       800     1000    400     500     400     0       200     100     
4599   1890 3200    1500    1700    1000    900     700     700     900     0       300     0       600     0       200     500     400     100     200     0       
4599   1891 2800    700     1200    0       700     600     900     0       0       400     0       300     400     200     0       300     500     100     600     
4599   1892 3200    1700    2500    900     600     1100    1200    200     100     200     0       400     300     0       800     1000    0       200     0       
4599   1893 4300    1300    2400    400     1400    1200    1200    0       400     700     400     300     200     500     500     500     500     200     100     
4599   1894 2700    1800    1300    800     700     700     600     300     400     300     400     0       0       300     400     200     100     300     0       
4599   1895 3900    600     2200    100     800     400     2400    100     0       100     600     100     200     100     100     1100    100     1200    200     
4599   1896 1800    2400    900     300     900     500     300     0       100     800     100     0       400     100     0       300     0       0       0       
4599   1897 3300    1600    1500    600     1500    700     300     0       600     1000    500     0       500     200     0       300     0       0       200     
4599   1898 3400    1000    1900    800     700     1000    900     400     200     200     400     100     200     0       800     400     200     300     200     
4599   1899 -999999 2500    1000    2000    100     600     -999999 900     900     0       100     0       0       300     300     300     -999999 600     200     
4599   1900 4500    -999999 2300    1500    200     1300    1400    800     500     0       100     100     300     800     200     800     500     100     300     
4599   1901 1900    1000    1600    400     600     400     800     100     0       0       300     300     300     0       100     600     200     0       0       
4599   1902 -999999 800     -999999 400     1400    -999999 600     400     0       200     1200    0       -999999 300     100     300     100     200     100     
4599   1903 -999999 -999999 1400    -999999 400     400     1000    -999999 600     0       0       400     100     100     200     600     400     0       200     
4599   1904 3900    1200    2500    600     1700    900     600     200     200     200     600     900     400     400     100     100     400     100     300     
4599   1905 1900    800     1700    300     400     1100    300     0       0       0       400     0       200     700     200     200     0       100     100     
4599   1906 4200    1600    1800    1300    1000    800     1100    800     400     200     200     600     200     200     400     200     400     500     100     
4599   1907 2500    1100    1300    200     700     600     600     0       100     0       100     600     300     0       300     0       300     300     500     
4599   1908 3000    1600    2400    1000    1100    1300    0       0       500     0       100     1000    1000    200     100     0       0       0       100     
4599   1909 -999999 500     -999999 400     800     -999999 300     300     0       100     400     300     200     -999999 200     0       200     100     400     
4599   1910 1600    1400    600     1100    300     300     100     300     400     0       200     100     100     100     100     0       0       100     200     
4599   1911 3000    700     1800    600     300     1200    900     0       400     0       200     100     0       500     700     300     200     400     200     
4599   1912 3100    2200    900     1000    1400    100     100     100     700     600     100     700     100     0       0       0       100     0       700     
4599   1913 3200    1800    900     1000    1500    100     1300    200     100     700     400     400     100     0       0       0       300     1000    0       
4599   1914 2600    2300    1000    300     1400    200     300     0       300     700     500     200     0       100     100     100     0       200     400     
4599   1915 4100    1600    1600    1300    700     1000    0       700     200     100     100     500     500     300     200     0       0       0       1500    
4599   1916 3400    3000    700     2900    500     300     900     900     500     100     0       400     100     0       200     0       400     500     300     
4599   1917 1900    1600    1300    700     600     500     400     400     0       0       0       600     200     200     100     200     100     100     0       
4599   1918 3600    1300    1100    1100    500     400     800     500     600     0       200     300     0       200     200     200     0       600     800     
4599   1919 -999999 2800    -999999 1800    700     700     -999999 300     700     400     100     200     400     0       300     -999999 0       200     500     
4599   1920 3100    1900    1300    1400    1400    200     200     700     200     300     400     700     200     0       0       0       0       200     400     
4599   1921 3100    1800    900     1600    200     500     800     1200    0       0       0       200     0       300     200     200     400     200     400     
4599   1922 -999999 -999999 -999999 -999999 -999999 -999999 -999999 -999999 -999999 -999999 -999999 -999999 -999999 -999999 -999999 -999999 -999999 -999999 -999999 
4599   1923 -999999 -999999 -999999 -999999 -999999 -999999 -999999 -999999 -999999 -999999 -999999 -999999 -999999 -999999 -999999 -999999 -999999 -999999 -999999 
4599   1924 -999999 -999999 -999999 -999999 -999999 -999999 -999999 -999999 -999999 -999999 -999999 -999999 -999999 -999999 -999999 -999999 -999999 -999999 -999999 
4599   1925 -999999 -999999 -999999 -999999 -999999 -999999 -999999 -999999 -999999 -999999 -999999 -999999 -999999 -999999 -999999 -999999 -999999 -999999 -999999 
4599   1926 -999999 -999999 -999999 -999999 -999999 -999999 -999999 -999999 -999999 -999999 -999999 -999999 -999999 -999999 -999999 -999999 -999999 -999999 -999999 
4599   1927 -999999 -999999 -999999 -999999 -999999 -999999 -999999 -999999 -999999 -999999 -999999 -999999 -999999 -999999 -999999 -999999 -999999 -999999 -999999 
4599   1928 -999999 -999999 -999999 -999999 -999999 -999999 -999999 -999999 -999999 -999999 -999999 -999999 -999999 -999999 -999999 -999999 -999999 -999999 -999999 
4599   1929 -999999 -999999 -999999 -999999 -999999 -999999 -999999 -999999 -999999 -999999 -999999 -999999 -999999 -999999 -999999 -999999 -999999 -999999 -999999 
4599   1930 -999999 -999999 -999999 -999999 -999999 -999999 -999999 -999999 -999999 -999999 -999999 -999999 -999999 -999999 -999999 -999999 -999999 -999999 -999999 
4599   1931 -999999 -999999 -999999 -999999 -999999 -999999 -999999 -999999 -999999 -999999 -999999 -999999 -999999 -999999 -999999 -999999 -999999 -999999 -999999 
4599   1932 -999999 -999999 -999999 -999999 -999999 -999999 -999999 -999999 -999999 -999999 -999999 -999999 -999999 -999999 -999999 -999999 -999999 -999999 -999999 
4599   1933 -999999 -999999 -999999 -999999 -999999 -999999 -999999 -999999 -999999 -999999 -999999 -999999 -999999 -999999 -999999 -999999 -999999 -999999 -999999 
4599   1934 -999999 -999999 -999999 -999999 -999999 -999999 -999999 -999999 -999999 -999999 -999999 -999999 -999999 -999999 -999999 -999999 -999999 -999999 -999999 
4599   1935 -999999 -999999 -999999 -999999 -999999 -999999 -999999 -999999 -999999 -999999 -999999 -999999 -999999 -999999 -999999 -999999 -999999 -999999 -999999 
4599   1936 -999999 -999999 -999999 -999999 -999999 -999999 -999999 -999999 -999999 -999999 -999999 -999999 -999999 -999999 -999999 -999999 -999999 -999999 -999999 
4599   1937 -999999 -999999 -999999 -999999 -999999 -999999 -999999 -999999 -999999 -999999 -999999 -999999 -999999 -999999 -999999 -999999 -999999 -999999 -999999 
4599   1938 -999999 -999999 -999999 -999999 -999999 -999999 -999999 -999999 -999999 -999999 -999999 -999999 -999999 -999999 -999999 -999999 -999999 -999999 -999999 
4599   1939 -999999 -999999 -999999 -999999 -999999 -999999 -999999 -999999 -999999 -999999 -999999 -999999 -999999 -999999 -999999 -999999 -999999 -999999 -999999 
4599   1940 -999999 -999999 -999999 -999999 -999999 -999999 -999999 -999999 -999999 -999999 -999999 -999999 -999999 -999999 -999999 -999999 -999999 -999999 -999999 
4599   1941 -999999 -999999 -999999 -999999 -999999 -999999 -999999 -999999 -999999 -999999 -999999 -999999 -999999 -999999 -999999 -999999 -999999 -999999 -999999 
4599   1942 -999999 -999999 -999999 -999999 -999999 -999999 -999999 -999999 -999999 -999999 -999999 -999999 -999999 -999999 -999999 -999999 -999999 -999999 -999999 
4599   1943 -999999 -999999 -999999 -999999 -999999 -999999 -999999 -999999 -999999 -999999 -999999 -999999 -999999 -999999 -999999 -999999 -999999 -999999 -999999 
4599   1944 -999999 -999999 -999999 -999999 -999999 -999999 -999999 -999999 -999999 -999999 -999999 -999999 -999999 -999999 -999999 -999999 -999999 -999999 -999999 
4599   1945 -999999 -999999 -999999 -999999 -999999 -999999 -999999 -999999 -999999 -999999 -999999 -999999 -999999 -999999 -999999 -999999 -999999 -999999 -999999 
4599   1946 -999999 -999999 -999999 -999999 -999999 -999999 -999999 -999999 -999999 -999999 -999999 -999999 -999999 -999999 -999999 -999999 -999999 -999999 -999999 
4599   1947 4000    -999999 2600    -999999 1100    1500    1100    200     0       400     500     200     700     400     400     400     100     600     100     
4599   1948 3500    2700    1100    1700    900     500     400     800     800     300     200     400     200     0       300     0       100     300     100     
4599   1949 4300    1100    2400    600     900     800     1500    500     0       100     700     100     300     100     400     800     400     300     600     
4599   1950 3200    2200    1800    1400    300     1500    500     400     400     100     0       200     200     800     500     100     200     200     100     
4599   1951 1800    1200    800     600     400     200     700     400     100     200     100     100     200     0       0       400     0       300     0       
4599   1952 3300    1100    2000    300     1000    1400    600     300     0       500     200     300     500     500     400     100     300     200     0       
4599   1953 2400    700     1600    0       800     1000    600     0       0       200     100     500     200     800     0       0       500     100     0       
4599   1954 2100    1000    900     300     300     300     900     300     0       100     200     0       200     100     0       400     0       500     300     
4599   1955 2100    1300    900     400     1000    200     200     100     0       400     200     400     200     0       0       100     0       100     600     
4599   1956 2600    1300    1200    1000    1000    200     400     300     100     200     500     300     0       200     0       200     100     100     600     
4599   1957 3700    2800    1300    1500    1300    700     700     300     600     1100    200     0       300     300     100     400     300     0       100     
4599   1958 3300    1300    1800    1000    600     800     600     200     700     0       0       600     100     300     400     400     100     100     400     
4599   1959 2600    1500    1400    800     800     900     200     400     0       500     100     200     200     500     200     200     0       0       300     
4599   1960 3200    1300    1100    700     900     800     700     200     200     600     100     200     200     0       600     0       100     600     400     
4599   1961 4600    2400    1600    1300    1200    200     1500    300     600     400     500     300     100     100     0       600     700     200     800     
4599   1962 2600    2600    1700    1600    600     900     300     800     0       100     300     200     400     100     400     300     0       0       0       
4599   1963 1700    0       900     0       600     300     800     0       0       0       500     100     100     100     100     0       200     600     0       
4599   1964 1600    1100    800     200     400     300     700     0       200     100     100     200     100     200     0       200     0       500     0       
4599   1965 1700    1100    600     300     300     600     0       300     0       300     0       0       600     0       0       0       0       0       500     
4599   1966 4600    1800    1900    1700    1100    800     1300    300     900     100     700     300     700     0       100     100     1200    0       200     
4599   1967 3300    2900    1000    1400    500     500     900     300     900     300     0       200     300     100     100     300     600     0       200     
4599   1968 2800    1400    1200    800     1000    200     900     200     400     0       700     300     200     0       0       0       600     300     100     
4599   1969 2700    1700    1300    300     1000    800     700     200     0       500     200     300     0       500     300     0       0       700     0       
4599   1970 2700    900     1400    200     500     600     1100    0       200     0       500     0       200     100     300     300     200     600     300     
4599   1971 2500    1600    1400    800     800     600     400     400     100     0       300     500     0       200     400     0       400     0       200     
4599   1972 1500    700     1200    300     800     400     200     0       100     0       600     200     100     100     200     0       0       200     0       
4599   1973 1600    200     1400    0       400     900     300     0       0       0       100     300     500     100     300     100     0       200     0       
4599   1974 2900    1600    500     800     600     100     600     600     200     600     0       0       0       100     0       400     0       200     800     
4599   1975 3000    2300    1500    1800    500     600     900     900     100     300     200     0       200     100     300     700     0       200     0       
4599   1976 3900    1100    2300    900     800     1000    1000    900     0       0       300     500     200     700     100     500     300     200     200     
4599   1977 4500    2900    900     1500    1100    400     1500    100     1200    900     200     0       0       100     300     300     600     600     200     
4599   1978 1800    1700    1000    300     300     700     200     0       100     200     100     0       400     200     100     200     0       0       500     
4599   1979 3800    1000    1700    700     600     1000    1200    0       200     300     100     200     600     200     200     400     400     400     800     
4599   1980 3400    2900    1500    1800    500     1000    700     200     800     300     100     100     200     100     700     300     200     200     200     
4599   1981 5000    1900    2800    300     2500    1400    1000    0       100     1200    1000    300     700     300     400     100     200     700     0       
4599   1982 5200    1600    3800    500     800     2800    700     500     0       200     100     500     1100    1000    700     400     0       300     400     
4599   1983 7600    2500    4600    1600    1200    3500    1400    1200    0       600     500     100     1100    1500    900     500     600     300     300     
4599   1984 2500    1500    1200    500     100     1000    1200    100     100     100     0       0       200     400     400     200     500     500     0       
4599   1985 4100    1600    2100    400     900     1100    800     0       400     200     400     300     200     700     200     300     400     100     900     
4599   1986 4700    2100    3100    1600    1400    1400    900     700     0       0       200     1200    800     200     400     300     200     400     300     
4599   1987 6100    1500    4100    600     900     1800    2600    100     200     300     500     100     300     1000    500     1700    600     300     500     
4599   1988 6200    3100    3300    2000    2100    1000    1300    1100    400     200     500     1400    100     300     600     400     700     200     300     
4599   1989 6600    2900    3100    1300    1500    2100    1100    400     600     700     400     400     200     800     1100    200     500     400     900     
4599   1990 6700    4100    2800    2400    1800    1500    1600    400     1100    800     100     900     400     500     600     300     700     600     300     
4599   1991 4800    3100    2900    1200    700     2200    800     900     0       600     100     0       500     1100    600     600     0       200     200     
4599   1992 6200    1200    4500    800     1800    2700    700     300     300     200     700     900     300     800     1600    200     0       500     400     
4599   1993 6200    2600    3500    1800    2500    1100    300     1400    0       300     1000    1200    700     300     100     200     100     0       900     
4599   1994 11600   4100    6000    2200    2700    4500    2300    900     400     1800    200     700     1200    2000    1300    600     400     1300    800     
4599   1995 7900    4600    4000    2700    1600    2600    1500    400     1500    200     700     700     400     1500    700     0       1400    100     300     
4599   1996 3900    1900    3000    300     1100    1900    800     0       0       100     800     200     800     500     600     100     200     500     100     
4599   1997 6500    2400    3200    900     1800    1900    1300    0       800     800     300     700     800     0       1100    300     500     500     700     
4599   1998 7100    3700    4100    2200    1900    2200    1100    1100    400     500     600     800     1100    600     500     500     400     200     400     
4599   1999 7100    2100    5300    1200    2200    2500    1200    500     300     300     600     1300    500     1000    1000    900     200     100     400     
4599   2000 8000    2700    3900    1800    2600    1700    1400    600     800     600     500     1500    1000    200     500     200     400     800     900     
4599   2001 8200    4500    3800    2100    2900    2100    1400    600     600     1200    400     1300    200     500     1400    0       1100    300     600     
4599   2002 7900    4400    2800    2400    1100    2200    1700    800     1000    600     100     400     1200    400     600     100     400     1200    1100    
4599   2003 8500    3600    6900    1600    2200    5000    400     500     0       400     400     1400    2600    700     1700    100     100     200     400     
4599   2004 6200    2000    3900    1400    1100    2600    1300    600     400     300     500     300     500     900     1200    500     500     300     200     
4599   2005 11800   3600    7600    1500    3500    3500    3300    1100    200     1300    1200    1000    1900    1100    500     1900    900     500     200     
4599   2006 13300   2700    9400    800     2900    4900    4300    100     500     500     1000    1400    1700    3100    100     2100    1400    800     600     
4599   2007 4900    5100    1400    2700    1100    500     500     1600    500     200     100     800     300     100     100     0       100     400     700     
4599   2008 3400    2600    1400    1600    1100    700     500     600     300     500     0       600     400     0       300     100     200     200     200     
4599   2009 3300    700     1700    200     900     700     1400    0       0       100     0       800     100     300     300     200     400     800     300     
4599   2010 2700    2300    1400    700     700     1100    500     0       400     400     100     200     400     500     200     0       0       500     0       
4599   2011 3400    1500    1500    700     400     900     900     600     100     300     100     0       200     0       700     500     300     100     500     
4599   2012 3700    1700    1500    1300    600     900     700     700     100     0       300     300     400     100     400     0       100     600     700     
4599   2013 3300    2100    1600    1300    600     800     1200    500     100     100     400     100     300     200     300     300     500     400     100     
4599   2014 3500    1500    1300    500     300     800     1300    400     0       100     200     0       400     100     300     300     500     500     700     
4599   2015 4800    2700    2200    1600    600     1600    1200    900     0       100     200     300     200     800     600     100     100     1000    500     
4599   2016 3700    3400    1500    2300    600     900     300     1100    700     0       300     300     400     300     200     0       100     200     100     
4599   2017 3600    1500    2100    700     1100    1500    200     100     500     500     100     500     1000    300     200     0       100     100     200     
4599   2018 4500    1700    2300    1300    900     1500    200     1100    0       200     200     500     500     100     900     100     100     0       800     
4599   2019 5700    1900    2500    900     900     2100    1800    100     0       900     0       0       800     700     600     400     800     600     800     
4599   2020 5900    4600    2200    2700    1200    1200    1200    600     1300    500     600     100     100     300     800     300     500     400     400     
4599   2021 3100    2200    1700    1200    200     1200    400     300     500     100     0       100     1100    100     0       400     0       0       500     
