EUROPEAN CLIMATE ASSESSMENT & DATASET (ECA&D), file created on: 20-01-2022
THESE DATA CAN BE USED FOR NON-COMMERCIAL RESEARCH AND EDUCATION PROVIDED THAT THE FOLLOWING SOURCE IS ACKNOWLEDGED: 

Klein Tank, A.M.G. and Coauthors, 2002. Daily dataset of 20th-century surface
air temperature and precipitation series for the European Climate Assessment.
Int. J. of Climatol., 22, 1441-1453.
Data and metadata available at http://www.ecad.eu

FILE FORMAT (MISSING VALUE CODE = -999999):

THIS FILE HOLDS DATA FOR STATION CZECH REPUBLIC                           STRANI                                   (STAID:  11144)
LATITUDE: dd:mm:ss +48:54:10
LONGITUDE: ddd:mm:ss +017:42:28
ELEVATION: m  383

DATA IS FOR INDEX Days with TN > 90th percentile of daily min temp (warm nights) (TN90p) with unit 0.01 No of days

01-06 SOUID: Source identifier
08-11 YEAR : YYYY
13-20 ANNUAL DATA VALUES
21-28 WINTER HALF YEAR DATA VALUES
29-36 SUMMER HALF YEAR DATA VALUES
37-44 WINTER (DJF) DATA VALUES
45-52 SPRING (MAM) DATA VALUES
53-60 SUMMER (JJA) DATA VALUES
61-68 AUTUMN (SON) DATA VALUES
69-76 JANUARY DATA VALUES
etc. 
157-164 DECEMBER DATA VALUES

11144  1961 4200    -999999 2000    -999999 1300    800     1700    0       0       400     700     200     200     100     500     300     900     500     400     
11144  1962 2800    2500    1800    1000    800     900     500     500     100     100     600     100     400     200     300     200     0       300     0       
11144  1963 3300    300     2200    0       600     1100    1600    0       0       0       400     200     400     300     400     500     0       1100    0       
11144  1964 3000    1400    2200    300     400     1700    300     0       300     0       300     100     1100    300     300     100     0       200     300     
11144  1965 2500    900     2000    700     200     1100    800     400     0       0       0       200     200     600     300     700     0       100     0       
11144  1966 5700    2000    1500    1500    1100    700     2300    100     1400    400     700     0       100     300     300     100     1800    400     100     
11144  1967 4700    3500    2600    500     1700    1300    1200    100     300     800     300     600     400     800     100     400     700     100     100     
11144  1968 4600    2100    2300    1100    1300    1100    1200    300     700     200     400     700     300     500     300     100     0       1100    0       
11144  1969 3500    1500    2500    300     1400    800     1000    300     0       100     500     800     200     500     100     400     0       600     0       
11144  1970 2800    1200    1100    600     400     500     1300    600     0       0       300     100     100     400     0       200     200     900     0       
11144  1971 3800    2400    1800    900     1400    800     0       600     300     400     300     700     0       300     500     0       0       0       700     
11144  1972 4400    2800    1500    2400    600     1100    400     200     1500    400     100     100     400     400     300     200     200     0       600     
11144  1973 2500    1200    1700    900     600     1000    200     0       300     100     0       500     400     200     400     200     0       0       400     
11144  1974 5000    3000    1500    2000    1000    1500    300     600     1000    1000    0       0       0       200     1300    0       0       300     600     
11144  1975 4400    2400    2600    1700    900     1100    1200    1100    0       400     200     300     300     400     400     1000    200     0       100     
11144  1976 3900    600     1800    400     600     800     1900    300     0       0       300     300     100     500     200     400     700     800     300     
11144  1977 5200    4000    2300    1100    2500    1100    700     300     500     1400    300     800     600     300     200     100     400     200     100     
11144  1978 2300    1600    800     400     1000    300     100     0       300     600     0       400     200     0       100     100     0       0       600     
11144  1979 3700    1200    1400    1000    700     700     800     100     300     200     0       500     600     0       100     200     400     200     1100    
11144  1980 1100    1800    400     1100    100     400     400     0       0       100     0       0       300     0       100     0       200     200     200     
11144  1981 5200    2000    2900    600     1700    1500    1600    100     300     1000    300     400     800     200     500     700     500     400     0       
11144  1982 3800    1300    2100    300     500     1000    1600    300     0       100     100     300     100     500     400     700     400     500     400     
11144  1983 5100    3000    2700    1600    1900    800     500     1200    0       500     700     700     200     400     200     500     0       0       700     
11144  1984 1100    900     500     800     200     300     400     100     0       100     100     0       100     100     100     100     200     100     100     
11144  1985 2800    800     1300    200     900     600     300     100     0       300     300     300     100     300     200     100     100     100     900     
11144  1986 -999999 1600    -999999 1400    1000    -999999 600     400     100     0       300     700     -999999 -999999 300     300     100     200     100     
11144  1987 5400    1200    2400    800     400     1200    2500    200     500     100     200     100     200     800     200     900     1000    600     600     
11144  1988 3900    3700    1800    2100    700     900     600     1100    400     0       200     500     200     400     300     200     400     0       200     
11144  1989 5100    1500    2500    900     1200    1300    1000    300     400     200     800     200     100     600     600     200     600     200     900     
11144  1990 4000    3200    1000    2100    800     500     1300    700     500     300     200     300     200     0       300     0       700     600     200     
11144  1991 4200    2900    2100    1000    900     1200    1300    800     0       600     300     0       100     500     600     600     300     400     0       
11144  1992 4700    1900    2800    1000    700     2100    500     700     300     200     200     300     500     500     1100    200     300     0       400     
11144  1993 2800    1500    1200    1000    500     500     900     600     0       200     200     100     200     200     100     400     300     200     300     
11144  1994 6200    3400    2700    1900    1600    1300    1300    1200    400     1000    200     400     300     200     800     800     200     300     400     
11144  1995 5100    2100    2900    1500    1200    1700    1000    400     700     100     500     600     400     900     400     100     800     100     100     
11144  1996 4600    1400    3100    500     1800    1200    1200    400     0       0       700     1100    500     200     500     100     400     700     0       
11144  1997 4000    1700    1800    500     500     900     1400    0       500     100     100     300     700     200     0       500     300     600     700     
11144  1998 6900    4200    3600    2800    1000    2400    1200    1300    800     500     500     0       1000    600     800     700     500     0       200     
11144  1999 4500    1500    3100    400     1300    1900    1000    100     100     600     100     600     400     1100    400     500     300     200     100     
11144  2000 5700    1300    1600    400     1200    800     2400    0       300     400     500     300     400     100     300     0       900     1500    1000    
11144  2001 6100    5200    3500    2300    1300    2500    1000    700     600     500     0       800     300     1700    500     200     800     0       0       
11144  2002 6000    2500    3000    1200    2100    1300    1400    500     700     500     200     1400    500     400     400     100     0       1300    0       
11144  2003 4600    1400    3000    0       1100    1900    1100    0       0       100     100     900     1100    500     300     100     0       1000    500     
11144  2004 3800    2400    1200    1200    700     400     1900    200     500     200     400     100     100     100     200     300     1200    400     100     
11144  2005 3100    2200    2200    600     400     1300    800     500     0       0       200     200     300     600     400     500     300     0       100     
11144  2006 5000    400     2400    100     400     1500    2300    0       0       0       200     200     800     400     300     500     800     1000    800     
11144  2007 6000    5000    3000    2800    1400    2000    200     1200    800     400     0       1000    400     900     700     0       100     100     400     
11144  2008 6800    2400    2700    1900    1200    1300    1900    1000    500     300     300     600     600     300     400     500     500     900     900     
11144  2009 4600    3200    2100    1600    600     1600    900     200     500     200     100     300     200     800     600     100     300     500     800     
11144  2010 5000    2300    2900    1200    1100    1900    1200    200     200     300     100     700     600     800     500     200     0       1000    400     
11144  2011 4600    2500    2500    1200    600     1900    900     800     0       300     200     100     700     500     700     300     300     300     400     
11144  2012 6200    2300    3500    1500    700     2600    1700    900     200     200     200     300     600     1400    600     400     300     1000    100     
11144  2013 4800    2100    2800    500     1200    1800    900     200     200     300     300     600     700     600     500     100     600     200     500     
11144  2014 8900    4100    2700    2500    1700    1300    2500    1500    500     800     400     500     300     700     300     500     800     1200    1400    
11144  2015 7100    4700    4600    2500    900     3200    1400    900     200     200     100     600     500     1100    1600    700     200     500     500     
11144  2016 -999999 2900    -999999 2200    -999999 1600    1200    500     1200    0       300     -999999 400     1000    200     400     100     700     200     
11144  2017 4300    1500    2900    500     800     2200    500     0       300     200     300     300     500     600     1100    100     200     200     500     
11144  2018 10100   2600    6300    2000    2300    3800    1800    1400    100     200     1200    900     1500    1000    1300    400     500     900     700     
11144  2019 -999999 3100    5100    1100    1000    4300    -999999 100     300     600     300     100     1700    900     1700    400     -999999 1400    1100    
11144  2020 6000    -999999 2600    2400    700     2300    800     100     1200    600     0       100     700     500     1100    200     400     200     900     
11144  2021 -999999 2200    3400    1500    500     2900    800     500     100     100     200     200     900     1500    500     100     400     300     -999999 
