EUROPEAN CLIMATE ASSESSMENT & DATASET (ECA&D), file created on: 20-01-2022
THESE DATA CAN BE USED FOR NON-COMMERCIAL RESEARCH AND EDUCATION PROVIDED THAT THE FOLLOWING SOURCE IS ACKNOWLEDGED: 

Klein Tank, A.M.G. and Coauthors, 2002. Daily dataset of 20th-century surface
air temperature and precipitation series for the European Climate Assessment.
Int. J. of Climatol., 22, 1441-1453.
Data and metadata available at http://www.ecad.eu

FILE FORMAT (MISSING VALUE CODE = -999999):

THIS FILE HOLDS DATA FOR STATION RUSSIAN FEDERATION                       NIKOLAEVSK-NA-AMURE                      (STAID:   3257)
LATITUDE: dd:mm:ss +53:09:00
LONGITUDE: ddd:mm:ss +140:42:59
ELEVATION: m   67

DATA IS FOR INDEX Days with TN > 90th percentile of daily min temp (warm nights) (TN90p) with unit 0.01 No of days

01-06 SOUID: Source identifier
08-11 YEAR : YYYY
13-20 ANNUAL DATA VALUES
21-28 WINTER HALF YEAR DATA VALUES
29-36 SUMMER HALF YEAR DATA VALUES
37-44 WINTER (DJF) DATA VALUES
45-52 SPRING (MAM) DATA VALUES
53-60 SUMMER (JJA) DATA VALUES
61-68 AUTUMN (SON) DATA VALUES
69-76 JANUARY DATA VALUES
etc. 
157-164 DECEMBER DATA VALUES

3257   1881 -999999 -999999 -999999 -999999 -999999 -999999 -999999 100     100     -999999 -999999 -999999 -999999 -999999 -999999 -999999 -999999 -999999 -999999 
3257   1882 -999999 -999999 -999999 -999999 -999999 -999999 -999999 -999999 -999999 -999999 -999999 -999999 -999999 -999999 -999999 -999999 -999999 -999999 -999999 
3257   1883 -999999 -999999 -999999 -999999 -999999 -999999 600     -999999 -999999 -999999 -999999 -999999 -999999 900     1400    200     200     200     300     
3257   1884 1900    1100    900     700     100     500     700     0       400     0       100     0       0       200     300     300     200     200     200     
3257   1885 3300    1900    700     1000    500     400     1600    0       800     500     0       0       0       200     200     300     500     800     0       
3257   1886 3900    3400    1000    1600    600     700     700     800     800     500     100     0       200     200     300     200     300     200     300     
3257   1887 -999999 900     -999999 300     -999999 1500    1600    0       0       100     -999999 -999999 300     100     1100    400     500     700     1100    
3257   1888 3500    3300    1000    2000    700     200     1600    400     500     100     400     200     0       100     100     200     200     1200    100     
3257   1889 -999999 2200    2200    300     700     1700    700     100     100     500     200     0       200     1000    500     300     100     300     -999999 
3257   1890 -999999 -999999 -999999 -999999 -999999 -999999 -999999 -999999 -999999 -999999 -999999 -999999 -999999 0       300     0       -999999 500     500     
3257   1891 3000    -999999 1700    600     500     1200    900     0       100     500     0       0       400     300     500     500     0       400     300     
3257   1892 3400    1200    1400    300     600     800     1600    0       0       500     100     0       200     600     0       500     300     800     400     
3257   1893 4000    2400    1100    1100    400     800     1900    500     200     200     200     0       300     300     200     100     600     1200    200     
3257   1894 4600    2400    2700    400     1000    1600    1600    0       200     200     600     200     700     900     0       300     100     1200    200     
3257   1895 3200    2400    1100    1100    600     400     500     300     600     0       300     300     100     100     200     100     400     0       800     
3257   1896 3100    2400    1400    1600    500     800     700     500     300     400     100     0       300     0       500     500     100     100     300     
3257   1897 4800    900     2700    300     700     1500    2100    0       0       400     100     200     0       800     700     900     700     500     500     
3257   1898 -999999 2200    -999999 1000    100     -999999 100     0       500     0       100     0       200     200     -999999 100     0       0       100     
3257   1899 3100    700     1800    500     200     1100    1400    200     200     200     0       0       300     800     0       700     200     500     0       
3257   1900 -999999 -999999 -999999 -999999 -999999 -999999 -999999 -999999 -999999 -999999 -999999 -999999 -999999 -999999 -999999 -999999 -999999 -999999 -999999 
3257   1901 6700    -999999 3700    -999999 2400    1500    1700    100     600     800     1000    600     0       700     800     600     600     500     400     
3257   1902 2100    1500    1400    400     100     700     700     0       0       0       100     0       0       0       700     600     100     0       600     
3257   1903 2600    900     800     800     300     100     1500    200     0       0       200     100     0       0       100     400     500     600     500     
3257   1904 2000    2200    900     1000    400     300     600     400     100     100     300     0       0       100     200     300     200     100     200     
3257   1905 -999999 700     -999999 400     -999999 -999999 -999999 100     100     0       -999999 -999999 -999999 -999999 -999999 -999999 -999999 -999999 -999999 
3257   1906 5800    -999999 3600    -999999 1200    2100    900     200     500     200     700     300     0       1100    1000    500     100     300     900     
3257   1907 4100    1600    2900    1100    400     2200    1300    0       200     100     100     200     400     1100    700     400     700     200     0       
3257   1908 3100    1300    1300    300     500     100     2100    100     200     100     100     300     0       0       100     800     700     600     100     
3257   1909 2400    1500    1400    100     300     1000    600     0       0       100     200     0       200     300     500     200     300     100     500     
3257   1910 4500    2000    2400    900     900     1800    1300    300     100     700     200     0       700     500     600     400     300     600     100     
3257   1911 2300    1000    900     100     100     600     1200    0       0       0       100     0       0       400     200     200     100     900     400     
3257   1912 1800    2100    900     1100    0       800     300     400     300     0       0       0       500     100     200     100     100     100     0       
3257   1913 1800    1100    300     700     200     200     600     400     300     200     0       0       0       0       200     100     500     0       100     
3257   1914 2600    1100    1800    400     400     1000    900     0       300     200     0       200     300     400     300     600     0       300     0       
3257   1915 1800    900     700     200     400     600     600     100     100     400     0       0       200     100     300     100     100     400     0       
3257   1916 5700    2100    3000    1000    600     3000    300     100     900     600     0       0       400     1200    1400    0       100     200     800     
3257   1917 4700    2200    1500    1800    200     1400    500     900     100     100     100     0       100     200     1100    0       400     100     1600    
3257   1918 3600    3600    1600    2800    900     500     900     1200    0       300     600     0       100     100     300     500     100     300     100     
3257   1919 3100    1400    600     1000    100     500     800     700     200     0       100     0       0       100     400     0       500     300     800     
3257   1920 -999999 -999999 -999999 2600    -999999 -999999 -999999 1200    600     -999999 -999999 -999999 -999999 -999999 -999999 -999999 -999999 -999999 -999999 
3257   1921 -999999 -999999 -999999 -999999 -999999 -999999 -999999 -999999 -999999 -999999 -999999 -999999 -999999 -999999 -999999 -999999 -999999 -999999 -999999 
3257   1922 -999999 -999999 -999999 -999999 -999999 -999999 -999999 -999999 -999999 -999999 -999999 -999999 -999999 -999999 -999999 -999999 -999999 -999999 -999999 
3257   1923 -999999 -999999 -999999 -999999 -999999 -999999 -999999 -999999 -999999 -999999 -999999 -999999 -999999 -999999 -999999 -999999 -999999 -999999 -999999 
3257   1924 -999999 -999999 -999999 -999999 -999999 -999999 -999999 -999999 -999999 -999999 -999999 -999999 -999999 -999999 -999999 -999999 -999999 -999999 -999999 
3257   1925 5000    -999999 3000    -999999 1100    1500    800     600     0       100     200     800     900     400     200     500     0       300     1000    
3257   1926 -999999 -999999 900     -999999 0       0       1400    -999999 200     0       0       0       0       0       0       900     0       500     1100    
3257   1927 4900    2100    2200    1100    1400    1000    2500    0       0       500     900     0       100     600     300     300     1100    1100    0       
3257   1928 2900    2900    2100    0       900     1800    200     0       0       700     100     100     200     800     800     100     100     0       0       
3257   1929 2100    500     1200    400     700     400     500     100     300     0       300     400     0       200     200     100     100     300     100     
3257   1930 -999999 -999999 -999999 -999999 -999999 -999999 -999999 -999999 -999999 -999999 -999999 -999999 -999999 -999999 -999999 -999999 -999999 -999999 -999999 
3257   1931 1800    -999999 900     -999999 200     200     1200    0       200     200     0       0       0       0       200     700     500     0       0       
3257   1932 2500    1100    400     500     200     200     1300    300     200     100     0       100     100     0       100     100     900     300     300     
3257   1933 3800    1900    2200    700     500     1200    1000    0       400     0       200     300     300     300     600     500     300     200     700     
3257   1934 3800    3400    1000    2400    600     700     800     900     800     500     100     0       400     0       300     200     200     400     0       
3257   1935 3800    900     1500    200     200     1200    2200    200     0       100     100     0       400     700     100     200     1400    600     0       
3257   1936 4300    3300    1700    1000    500     1100    1500    400     600     300     200     0       500     0       600     400     600     500     200     
3257   1937 3600    1900    1600    400     600     900     1400    100     100     400     200     0       200     600     100     500     700     200     500     
3257   1938 5800    1800    4000    900     500     3400    1300    200     200     0       100     400     400     1800    1200    100     200     1000    200     
3257   1939 4600    2700    2300    500     1600    1300    1300    200     100     1000    200     400     200     300     800     400     300     600     100     
3257   1940 4600    2400    1700    1200    300     1400    600     800     300     300     0       0       0       500     900     300     100     200     1200    
3257   1941 1600    1700    1100    1300    400     300     800     0       100     100     300     0       200     0       100     500     100     200     0       
3257   1942 3300    500     1100    100     200     500     2100    0       100     100     100     0       100     0       400     500     900     700     400     
3257   1943 5800    3900    2300    1300    1100    1500    1800    800     100     1000    0       100     300     900     300     700     1000    100     500     
3257   1944 3900    2300    2700    500     700     2100    1100    0       0       700     0       0       400     1300    400     600     300     200     0       
3257   1945 -999999 -999999 -999999 -999999 -999999 -999999 900     -999999 -999999 -999999 -999999 -999999 -999999 -999999 400     200     100     600     0       
3257   1946 6500    900     4500    100     500     3000    1500    0       100     100     0       400     400     1100    1500    1100    0       400     1400    
3257   1947 4000    2800    1500    2100    300     900     1800    200     500     300     0       0       100     700     100     600     300     900     300     
3257   1948 -999999 -999999 3500    -999999 700     2300    1300    -999999 500     100     200     400     0       1100    1200    600     300     400     0       
3257   1949 4100    900     3600    200     300     3000    400     100     100     0       100     200     1500    500     1000    300     100     0       200     
3257   1950 3100    1200    1700    700     800     1100    500     0       500     400     100     300     200     500     400     200     0       300     200     
3257   1951 3300    900     1800    500     100     1800    500     0       300     100     0       0       100     500     1200    0       300     200     600     
3257   1952 1600    1200    1300    600     100     1200    300     0       0       100     0       0       100     100     1000    100     200     0       0       
3257   1953 1600    700     1100    100     500     600     400     100     0       400     100     0       0       100     500     400     0       0       0       
3257   1954 3200    700     800     600     300     300     1200    0       600     100     200     0       0       200     100     300     600     300     800     
3257   1955 3400    1900    1600    900     200     1100    1300    0       100     100     0       100     300     500     300     400     300     600     700     
3257   1956 2800    2200    300     1300    100     0       1300    100     500     0       100     0       0       0       0       200     200     900     800     
3257   1957 3000    2900    1300    1700    200     600     1200    300     600     100     0       100     200     400     0       600     100     500     100     
3257   1958 2700    800     1900    200     100     1000    1100    100     0       0       100     0       200     300     500     800     200     100     400     
3257   1959 4200    1100    2600    400     1000    1500    1400    0       0       400     300     300     200     200     1100    500     500     400     300     
3257   1960 3200    1900    1600    600     400     1500    700     0       300     400     0       0       0       300     1200    100     0       600     300     
3257   1961 4600    1200    2400    600     200     1200    1800    100     200     0       200     0       300     200     700     1000    500     300     1100    
3257   1962 4300    3100    2700    2100    1600    600     1000    900     100     200     700     700     200     300     100     700     300     0       100     
3257   1963 4100    1800    1700    1300    800     1100    1000    1100    100     200     400     200     200     200     700     0       600     400     0       
3257   1964 2200    1400    600     100     900     0       800     100     0       300     200     400     0       0       0       0       100     700     400     
3257   1965 2200    1900    1200    1100    200     300     1000    300     400     0       100     100     100     0       200     700     300     0       0       
3257   1966 3200    1000    1200    200     600     1000    1200    100     100     500     0       100     600     300     100     100     1100    0       200     
3257   1967 2900    1700    2100    500     1700    400     100     100     200     100     200     1400    0       200     200     100     0       0       400     
3257   1968 -999999 2300    -999999 1800    -999999 -999999 -999999 600     800     500     -999999 -999999 -999999 -999999 -999999 -999999 -999999 -999999 -999999 
3257   1969 1600    -999999 200     -999999 0       0       1200    400     0       0       0       0       0       0       0       200     600     400     0       
3257   1970 3000    1400    1900    300     800     1100    500     200     100     100     100     600     300     400     400     100     0       400     300     
3257   1971 3700    2400    600     1400    800     400     800     300     800     600     200     0       400     0       0       0       300     500     600     
3257   1972 4900    2800    2100    700     2700    200     1900    0       100     1300    1100    300     0       100     100     500     900     500     0       
3257   1973 2600    2000    800     300     400     700     900     200     100     300     100     0       200     200     300     0       300     600     300     
3257   1974 4100    2900    2100    1700    500     1100    1100    1200    200     300     100     100     200     700     200     800     300     0       0       
3257   1975 6300    2700    2800    1500    1800    1800    1200    1200    300     900     400     500     1400    200     200     100     600     500     0       
3257   1976 3500    2800    600     1100    700     400     800     600     500     600     100     0       100     300     0       100     200     500     500     
3257   1977 2500    1500    1600    700     500     1000    600     0       200     100     300     100     300     200     500     200     100     300     200     
3257   1978 4000    1100    2900    500     700     1900    1100    0       300     200     100     400     400     1000    500     500     300     300     0       
3257   1979 2300    1100    1200    500     700     500     100     300     200     0       200     500     300     0       200     0       0       100     500     
3257   1980 3300    900     1000    800     0       1000    400     200     100     0       0       0       300     400     300     0       100     300     1600    
3257   1981 3300    2600    1700    2200    800     800     600     600     0       0       200     600     100     500     200     100     300     200     500     
3257   1982 3900    2100    2400    1600    1000    1200    500     100     1000    0       600     400     100     500     600     200     100     200     100     
3257   1983 4800    1100    3200    600     1200    900     2200    500     0       200     1000    0       0       200     700     1300    100     800     0       
3257   1984 4300    2000    2900    700     1400    1900    300     400     300     400     300     700     1100    800     0       0       300     0       0       
3257   1985 3500    1500    1200    1000    1100    200     1000    100     900     200     600     300     0       0       200     100     300     600     200     
3257   1986 3300    1600    2500    700     300     1700    700     100     400     0       200     100     500     300     900     500     0       200     100     
3257   1987 1700    900     900     100     900     400     400     0       0       600     100     200     400     0       0       200     200     0       0       
3257   1988 5000    1300    2200    600     600     1600    1300    200     400     500     100     0       700     500     400     500     400     400     900     
3257   1989 5000    3900    2100    1700    1900    1400    300     500     300     1400    500     0       100     700     600     200     0       100     600     
3257   1990 6700    1500    3700    1000    2400    1600    1800    0       400     400     900     1100    200     1200    200     100     800     900     500     
3257   1991 4100    4600    800     2900    400     300     800     1600    800     0       200     200     100     0       200     100     500     200     200     
3257   1992 3000    1800    1500    800     900     600     500     0       600     300     400     200     500     0       100     300     100     100     400     
3257   1993 3800    1600    2000    1200    600     800     1300    500     300     200     100     300     300     200     300     800     300     200     300     
3257   1994 4200    2600    1600    1400    700     1000    1100    0       1100    700     0       0       100     300     600     600     300     200     300     
3257   1995 4100    1800    1500    1100    600     900     1300    400     400     200     100     300     400     100     400     200     400     700     500     
3257   1996 3700    2600    2000    1500    500     1000    -999999 700     300     0       300     200     200     700     100     500     200     -999999 200     
3257   1997 5000    -999999 1300    1500    1200    800     1500    1100    200     700     400     100     100     400     300     0       1100    400     200     
3257   1998 4500    2400    3200    500     1400    1800    900     0       300     400     500     500     1200    600     0       400     200     300     100     
3257   1999 4100    1100    2100    600     400     1400    1200    400     100     0       300     100     200     700     500     300     800     100     600     
3257   2000 4500    2600    2900    1600    700     1500    1300    700     300     100     0       600     400     200     900     800     200     300     0       
3257   2001 3400    1800    1800    300     1500    1000    300     300     0       1000    200     300     300     100     600     300     0       0       300     
3257   2002 4900    1900    2500    1800    1900    600     900     800     700     100     400     1400    400     200     0       100     400     400     0       
3257   2003 3300    1500    1800    300     1100    700     900     300     0       400     400     300     500     0       200     400     400     100     300     
3257   2004 3100    1700    1300    800     600     400     1400    500     0       400     0       200     100     0       300     700     0       700     200     
3257   2005 5800    2100    2100    1200    300     1700    1800    300     700     200     0       100     500     400     800     300     200     1300    1000    
3257   2006 4000    2900    2800    1200    400     2300    1100    200     0       200     0       200     600     200     1500    300     100     700     0       
3257   2007 3700    1800    1900    200     1100    1500    700     100     100     800     100     200     500     200     800     100     400     200     200     
3257   2008 7100    3200    3000    900     2200    1900    1700    200     500     1700    300     200     600     1000    300     600     500     600     600     
3257   2009 7200    3800    2900    1800    1800    1500    1600    900     300     900     300     600     700     300     500     500     800     300     1100    
3257   2010 6100    3200    2800    2100    100     2400    1800    700     300     0       100     0       1400    400     600     300     600     900     800     
3257   2011 7000    4100    3300    2200    400     3200    1500    800     600     400     0       0       300     1700    1200    100     600     800     500     
3257   2012 9100    2400    5700    900     2500    2700    3000    400     0       100     900     1500    1600    200     900     600     900     1500    500     
3257   2013 7800    3600    4700    900     1200    3300    2100    300     100     300     800     100     600     1300    1400    500     200     1400    800     
3257   2014 6600    3900    3900    1500    2100    1500    2000    100     600     800     500     800     400     700     400     1100    300     600     300     
3257   2015 6200    3500    2700    1700    1100    1800    1400    700     700     900     100     100     100     700     1000    700     500     200     500     
3257   2016 4400    2100    3300    600     2100    1900    200     100     0       800     400     900     400     1000    500     100     0       100     100     
3257   2017 5400    2000    2700    1300    1400    1200    700     300     900     600     100     700     100     500     600     700     0       0       900     
3257   2018 4200    1400    1300    1300    700     500     1900    200     200     100     100     500     100     200     200     200     800     900     700     
3257   2019 -999999 3100    -999999 1000    2100    -999999 -999999 300     0       400     600     1100    100     -999999 -999999 -999999 -999999 -999999 -999999 
