EUROPEAN CLIMATE ASSESSMENT & DATASET (ECA&D), file created on: 20-01-2022
THESE DATA CAN BE USED FOR NON-COMMERCIAL RESEARCH AND EDUCATION PROVIDED THAT THE FOLLOWING SOURCE IS ACKNOWLEDGED: 

Klein Tank, A.M.G. and Coauthors, 2002. Daily dataset of 20th-century surface
air temperature and precipitation series for the European Climate Assessment.
Int. J. of Climatol., 22, 1441-1453.
Data and metadata available at http://www.ecad.eu

FILE FORMAT (MISSING VALUE CODE = -999999):

THIS FILE HOLDS DATA FOR STATION RUSSIAN FEDERATION                       DUDINKA                                  (STAID:   8065)
LATITUDE: dd:mm:ss +69:24:00
LONGITUDE: ddd:mm:ss +086:10:00
ELEVATION: m   14

DATA IS FOR INDEX Days with TN > 90th percentile of daily min temp (warm nights) (TN90p) with unit 0.01 No of days

01-06 SOUID: Source identifier
08-11 YEAR : YYYY
13-20 ANNUAL DATA VALUES
21-28 WINTER HALF YEAR DATA VALUES
29-36 SUMMER HALF YEAR DATA VALUES
37-44 WINTER (DJF) DATA VALUES
45-52 SPRING (MAM) DATA VALUES
53-60 SUMMER (JJA) DATA VALUES
61-68 AUTUMN (SON) DATA VALUES
69-76 JANUARY DATA VALUES
etc. 
157-164 DECEMBER DATA VALUES

8065   1906 -999999 -999999 -999999 -999999 -999999 -999999 900     -999999 -999999 -999999 -999999 -999999 -999999 100     600     400     500     0       300     
8065   1907 4900    2000    3100    800     1900    1400    1100    0       500     700     500     700     0       0       1400    500     0       600     0       
8065   1908 5500    1700    4100    1100    800     2700    900     100     1000    0       100     700     1500    600     600     600     200     100     0       
8065   1909 2600    900     1600    600     0       1600    200     0       600     0       0       0       300     500     800     0       100     100     200     
8065   1910 2300    1900    800     1700    0       700     100     300     1200    0       0       0       0       100     600     100     0       0       0       
8065   1911 -999999 -999999 -999999 400     -999999 -999999 300     200     200     -999999 -999999 -999999 -999999 1000    700     100     200     0       0       
8065   1912 2900    700     1300    500     1200    100     1000    400     100     0       700     500     100     0       0       0       300     700     100     
8065   1913 2800    2000    900     100     1400    300     400     0       0       900     400     100     200     0       100     100     0       300     700     
8065   1914 3900    1700    1400    1400    300     700     1200    0       700     0       0       300     0       0       700     400     700     100     1000    
8065   1915 5800    2100    5100    1000    2200    3100    500     0       0       300     1200    700     1700    900     500     100     0       400     0       
8065   1916 2900    1000    1500    500     500     500     1400    400     100     100     200     200     200     100     200     600     700     100     0       
8065   1917 3400    1200    2500    400     1500    900     200     300     100     0       300     1200    300     600     0       100     0       100     400     
8065   1918 3400    1300    1500    1000    300     700     1600    200     400     200     0       100     200     200     300     700     100     800     200     
8065   1919 2700    1100    2200    200     700     1200    800     0       0       0       100     600     0       0       1200    300     400     100     0       
8065   1920 -999999 -999999 800     -999999 1400    300     500     -999999 -999999 900     200     300     0       0       300     0       0       500     0       
8065   1921 -999999 1200    -999999 600     600     -999999 2000    300     300     100     400     100     0       900     -999999 700     400     900     100     
8065   1922 5200    2700    3200    500     1700    2300    300     300     100     900     100     700     1000    800     500     100     0       200     500     
8065   1923 -999999 1800    -999999 1600    -999999 2000    1900    600     500     0       -999999 0       500     400     1100    1000    500     400     300     
8065   1924 -999999 2200    -999999 1200    800     -999999 1400    300     600     100     0       700     0       -999999 -999999 100     100     1200    100     
8065   1925 3300    3400    700     1900    300     200     900     1400    400     200     100     0       0       100     100     400     100     400     100     
8065   1926 -999999 -999999 -999999 -999999 -999999 -999999 -999999 -999999 -999999 -999999 -999999 -999999 -999999 -999999 -999999 -999999 -999999 -999999 -999999 
8065   1927 -999999 -999999 -999999 -999999 -999999 -999999 -999999 -999999 -999999 -999999 -999999 -999999 -999999 -999999 -999999 -999999 -999999 -999999 -999999 
8065   1928 -999999 -999999 -999999 -999999 -999999 -999999 -999999 -999999 -999999 -999999 -999999 -999999 -999999 -999999 -999999 -999999 -999999 -999999 -999999 
8065   1929 -999999 -999999 -999999 -999999 -999999 -999999 -999999 -999999 -999999 -999999 -999999 -999999 -999999 -999999 -999999 -999999 -999999 -999999 -999999 
8065   1930 -999999 -999999 -999999 -999999 -999999 -999999 -999999 -999999 -999999 -999999 -999999 -999999 -999999 -999999 -999999 -999999 -999999 -999999 -999999 
8065   1931 -999999 -999999 -999999 -999999 -999999 -999999 -999999 -999999 -999999 -999999 -999999 -999999 -999999 -999999 -999999 -999999 -999999 -999999 -999999 
8065   1932 -999999 -999999 -999999 -999999 -999999 -999999 -999999 -999999 -999999 -999999 -999999 -999999 -999999 -999999 -999999 -999999 -999999 -999999 0       
8065   1933 2600    -999999 1800    300     600     900     800     300     0       0       600     0       0       100     800     300     300     200     0       
8065   1934 -999999 4200    -999999 3400    400     -999999 900     1300    2100    300     0       100     100     -999999 0       0       300     600     400     
8065   1935 -999999 4100    1700    2500    1700    700     -999999 600     1500    700     0       1000    200     0       500     0       0       -999999 100     
8065   1936 2700    -999999 900     300     1000    0       400     0       200     200     700     100     0       0       0       100     200     100     1100    
8065   1937 3700    3900    1000    3600    300     700     200     1700    800     0       100     200     400     300     0       0       100     100     0       
8065   1938 5800    1600    3700    700     2400    1600    900     200     500     700     800     900     1000    400     200     400     0       500     200     
8065   1939 4100    2500    1100    1500    700     800     400     400     900     500     0       200     300     200     300     100     0       300     900     
8065   1940 3300    1700    2300    1200    300     1500    1100    0       300     200     0       100     800     200     500     700     0       400     100     
8065   1941 4400    600     3500    200     1800    1600    700     100     0       0       0       1800    1200    0       400     100     400     200     200     
8065   1942 5600    1900    3300    1200    800     1700    1300    600     400     100     0       700     900     800     0       900     0       400     800     
8065   1943 8800    4000    5200    2500    3200    2200    1500    400     1300    1100    1100    1000    1300    100     800     900     500     100     200     
8065   1944 5700    3200    1500    2400    1200    300     1400    1200    1000    200     400     600     100     200     0       200     800     400     600     
8065   1945 6600    2400    5500    1200    2100    2900    800     400     200     0       500     1600    2200    100     600     500     300     0       200     
8065   1946 2700    1300    1800    900     1500    400     100     600     100     100     700     700     0       200     200     0       0       100     0       
8065   1947 6300    700     2800    200     1700    1300    2300    200     0       400     1000    300     200     200     900     200     2000    100     800     
8065   1948 3100    3300    1300    1100    700     500     1500    100     200     100     100     500     0       400     100     200     400     900     100     
8065   1949 3500    2100    1700    600     1200    700     900     400     100     200     700     300     0       100     600     0       800     100     200     
8065   1950 4400    1800    2100    400     1500    900     1200    0       200     500     400     600     400     200     300     200     800     200     600     
8065   1951 4300    1900    2600    800     1500    100     2100    200     0       100     900     500     0       0       100     1100    600     400     400     
8065   1952 2600    2000    1900    1000    700     300     1000    200     400     0       400     300     100     0       200     900     0       100     0       
8065   1953 5700    1300    3300    800     1900    1800    500     500     300     400     1000    500     400     1100    300     0       200     300     700     
8065   1954 4400    1400    3200    700     1000    2400    700     0       0       200     600     200     900     400     1100    0       400     300     300     
8065   1955 3500    2200    1900    1500    700     800     800     1200    0       0       500     200     700     100     0       400     400     0       0       
8065   1956 4000    1200    1900    200     1300    1100    1100    100     100     600     300     400     200     900     0       100     200     800     300     
8065   1957 2600    1700    1900    700     200     1700    300     100     300     0       100     100     1000    300     400     0       100     200     0       
8065   1958 1700    700     1300    400     400     900     0       300     100     0       0       400     200     700     0       0       0       0       0       
8065   1959 4100    1300    -999999 700     700     -999999 900     200     500     600     0       100     -999999 0       700     300     0       600     100     
8065   1960 2900    800     2400    200     1000    1100    300     100     0       0       0       1000    1100    0       0       300     0       0       400     
8065   1961 3300    2400    800     600     2300    200     300     0       200     1800    400     100     0       0       200     100     100     100     300     
8065   1962 4400    2400    1900    1900    1000    800     600     900     700     300     600     100     0       400     400     400     200     0       400     
8065   1963 -999999 -999999 1400    -999999 300     900     1000    200     -999999 0       200     100     0       200     700     200     500     300     0       
8065   1964 4400    1600    2600    800     1000    400     1900    200     600     0       300     700     0       300     100     1200    500     200     300     
8065   1965 4200    2000    2600    800     700     1900    1000    400     100     500     100     100     0       1000    900     500     500     0       100     
8065   1966 1600    800     900     300     100     400     500     200     0       0       0       100     100     200     100     400     100     0       400     
8065   1967 6600    1700    2700    1100    1300    1700    2100    400     300     500     700     100     300     1200    200     200     1300    600     800     
8065   1968 -999999 4500    900     1900    1200    300     300     100     1000    700     100     400     0       100     200     100     200     0       -999999 
8065   1969 -999999 -999999 -999999 -999999 500     -999999 1400    0       0       100     0       400     -999999 600     0       0       0       1400    400     
8065   1970 2300    2500    800     800     500     300     1000    300     100     300     200     0       0       300     0       300     400     300     100     
8065   1971 3500    1000    1400    300     200     1000    1500    200     0       0       0       200     0       0       1000    200     100     1200    600     
8065   1972 1700    2200    1200    700     600     800     200     0       100     200     300     100     600     100     100     0       200     0       0       
8065   1973 3800    1800    1100    1100    800     700     1000    300     800     500     100     200     0       100     600     100     300     600     200     
8065   1974 1700    1200    800     300     600     100     100     0       100     0       400     200     0       0       100     100     0       0       800     
8065   1975 3800    1500    2500    1500    1000    1400    400     300     400     0       500     500     700     500     200     100     100     200     300     
8065   1976 2600    1600    1400    1100    1000    300     500     400     400     200     500     300     300     0       0       300     0       200     0       
8065   1977 -999999 1100    2300    900     1200    900     -999999 600     300     0       400     800     500     200     200     200     0       -999999 300     
8065   1978 3300    -999999 1300    400     600     800     1800    100     0       100     200     300     100     500     200     0       1100    700     0       
8065   1979 3400    1800    3200    0       500     2200    600     0       0       0       300     200     900     900     400     500     0       100     100     
8065   1980 3100    500     1500    400     600     600     1000    0       300     0       500     100     0       0       600     300     700     0       600     
8065   1981 6800    3900    2900    2800    1000    1200    1800    1900    300     400     500     100     300     200     700     1100    0       700     600     
8065   1982 3100    2100    2000    1400    1200    700     100     300     500     0       800     400     300     200     200     100     0       0       300     
8065   1983 5100    1900    1400    1800    100     900     2100    900     600     100     0       0       500     100     300     500     900     700     500     
8065   1984 5800    4400    3000    2200    800     2300    800     1600    100     600     0       200     800     1100    400     500     300     0       200     
8065   1985 6400    1000    4000    400     1400    2000    2500    200     0       300     700     400     1600    100     300     900     800     800     300     
8065   1986 6100    2900    2700    1100    1300    1300    2100    300     500     200     200     900     300     700     300     300     600     1200    600     
8065   1987 3500    3000    2300    1200    1000    1000    600     300     300     0       100     900     0       500     500     300     300     0       300     
8065   1988 4400    800     2500    300     1000    1100    1300    0       0       200     0       800     700     0       400     600     600     100     1000    
8065   1989 3700    3000    1700    1800    1600    600     500     200     600     500     0       1100    100     0       500     0       500     0       200     
8065   1990 4700    2000    3300    800     2000    1900    100     0       600     700     1100    200     800     1100    0       100     0       0       100     
8065   1991 5200    900     2900    800     800     1300    2200    600     100     100     300     400     500     700     100     900     300     1000    200     
8065   1992 4000    3000    2200    1100    1900    900     100     200     700     600     0       1300    100     200     600     0       0       100     200     
8065   1993 5600    3500    1500    2000    1500    1100    700     1000    800     1400    100     0       300     100     700     300     0       400     500     
8065   1994 -999999 2400    -999999 900     1500    -999999 -999999 400     0       1100    200     200     800     -999999 -999999 -999999 -999999 200     300     
8065   1995 6200    -999999 2900    2400    2900    1000    200     800     1300    1100    1600    200     0       0       1000    100     100     0       0       
8065   1996 3700    1300    600     700     700     400     1700    0       700     500     0       200     0       400     0       0       500     1200    200     
8065   1997 5700    2600    3400    400     2700    400     2300    0       200     500     1300    900     400     0       0       800     1400    100     100     
8065   1998 2700    2600    1700    300     1200    1300    0       100     100     800     0       400     0       100     1200    0       0       0       0       
8065   1999 -999999 1100    -999999 1000    900     -999999 -999999 300     700     100     0       800     -999999 -999999 -999999 -999999 400     500     1200    
8065   2000 5700    4000    3400    2400    1900    2200    400     500     700     700     200     1000    700     0       1500    0       100     300     0       
8065   2001 6300    1000    -999999 600     700     -999999 1200    200     400     0       0       700     -999999 300     1300    500     0       700     800     
8065   2002 5000    3600    1900    2000    1500    1300    900     500     700     900     100     500     800     100     400     0       400     500     100     
8065   2003 6200    1800    4600    700     1700    2400    1200    400     200     200     400     1100    1200    0       1200    700     400     100     300     
8065   2004 3800    2000    1400    1500    300     1000    1100    500     700     0       0       300     700     300     0       100     400     600     200     
8065   2005 5400    2000    3400    800     1600    1200    1900    600     0       200     400     1000    800     400     0       800     200     900     100     
8065   2006 3200    1700    1600    400     500     1100    400     0       300     200     0       300     500     600     0       200     0       200     900     
8065   2007 7400    2600    3700    2400    1500    2100    1200    1500    0       0       1300    200     1200    900     0       100     700     400     1100    
8065   2008 5500    3700    2400    2500    1400    500     1300    800     600     100     700     600     100     0       400     600     700     0       900     
8065   2009 6200    2900    3400    1800    1100    1800    2400    800     100     400     600     100     200     700     900     900     1300    200     0       
8065   2010 3400    2100    1400    200     1300    400     1500    200     0       400     700     200     100     300     0       100     800     600     0       
8065   2011 10800   2800    6500    100     4600    2200    2800    100     0       1300    1600    1700    2100    0       100     1000    1300    500     1100    
8065   2012 -999999 4200    3500    2100    1200    2000    -999999 100     900     300     300     600     1300    600     100     600     -999999 -999999 -999999 
