EUROPEAN CLIMATE ASSESSMENT & DATASET (ECA&D), file created on: 20-01-2022
THESE DATA CAN BE USED FOR NON-COMMERCIAL RESEARCH AND EDUCATION PROVIDED THAT THE FOLLOWING SOURCE IS ACKNOWLEDGED: 

Klein Tank, A.M.G. and Coauthors, 2002. Daily dataset of 20th-century surface
air temperature and precipitation series for the European Climate Assessment.
Int. J. of Climatol., 22, 1441-1453.
Data and metadata available at http://www.ecad.eu

FILE FORMAT (MISSING VALUE CODE = -999999):

THIS FILE HOLDS DATA FOR STATION GERMANY                                  ROTENBURG (WUMME)                        (STAID:   4568)
LATITUDE: dd:mm:ss +53:07:49
LONGITUDE: ddd:mm:ss +009:20:26
ELEVATION: m   32

DATA IS FOR INDEX Days with TN > 90th percentile of daily min temp (warm nights) (TN90p) with unit 0.01 No of days

01-06 SOUID: Source identifier
08-11 YEAR : YYYY
13-20 ANNUAL DATA VALUES
21-28 WINTER HALF YEAR DATA VALUES
29-36 SUMMER HALF YEAR DATA VALUES
37-44 WINTER (DJF) DATA VALUES
45-52 SPRING (MAM) DATA VALUES
53-60 SUMMER (JJA) DATA VALUES
61-68 AUTUMN (SON) DATA VALUES
69-76 JANUARY DATA VALUES
etc. 
157-164 DECEMBER DATA VALUES

4568   1946 3500    -999999 -999999 -999999 1700    -999999 300     100     600     300     600     800     -999999 400     200     200     0       100     0       
4568   1947 4200    300     3700    0       1100    1700    1400    0       0       200     200     700     900     500     300     1100    0       300     0       
4568   1948 3700    1000    2000    400     900     900     1300    400     0       300     500     100     0       500     400     500     300     500     200     
4568   1949 3600    1900    2300    1100    800     800     1000    400     500     0       700     100     100     100     600     700     300     0       100     
4568   1950 2700    1500    1400    800     800     900     200     100     600     400     0       400     400     100     400     100     100     0       100     
4568   1951 2000    500     800     300     300     200     800     100     100     100     200     0       0       100     100     400     0       400     500     
4568   1952 2100    1300    1500    900     900     500     300     100     300     0       700     200     0       200     300     100     200     0       0       
4568   1953 4000    1100    2000    700     900     1300    900     300     400     200     200     500     900     300     100     0       600     300     200     
4568   1954 2600    1300    1000    300     200     400     1600    100     0       100     100     0       300     0       100     500     800     300     300     
4568   1955 2700    1700    1800    300     700     1300    500     0       0       300     200     200     300     400     600     100     0       400     200     
4568   1956 2500    900     400     300     500     0       900     0       100     200     0       300     0       0       0       100     600     200     1000    
4568   1957 4200    3900    1000    2500    700     900     1100    500     1000    600     100     0       100     500     300     0       600     500     0       
4568   1958 3300    1800    1600    700     400     1100    1000    100     600     0       0       400     200     400     500     100     700     200     100     
4568   1959 2100    1800    1200    600     800     700     0       300     200     300     400     100     100     200     400     0       0       0       100     
4568   1960 3400    1100    1500    700     1000    700     1000    500     100     400     200     400     200     100     400     200     300     500     100     
4568   1961 4600    2700    2300    1200    1800    200     1300    0       1100    700     1000    100     100     0       100     1000    200     100     200     
4568   1962 1900    1300    700     1000    200     300     600     600     200     0       100     100     300     0       0       200     300     100     0       
4568   1963 2300    400     1700    0       800     700     800     0       0       0       400     400     0       400     300     200     0       600     0       
4568   1964 3000    800     1800    200     700     600     1300    0       200     0       400     300     200     200     200     500     0       800     200     
4568   1965 1200    1500    400     300     500     300     200     100     0       400     0       100     200     100     0       0       200     0       100     
4568   1966 4400    1500    2300    1300    900     1400    600     200     1000    0       600     300     1000    200     200     0       600     0       300     
4568   1967 3800    2400    1600    1400    800     700     1000    400     700     400     0       400     100     400     200     500     400     100     200     
4568   1968 4100    1300    2100    400     1200    900     1800    200     0       400     700     100     300     100     500     400     900     500     0       
4568   1969 3200    1700    2300    300     600     1600    700     300     0       0       0       600     200     1000    400     100     200     400     0       
4568   1970 2000    600     1000    0       500     400     1000    0       0       0       200     300     300     0       100     100     400     500     100     
4568   1971 4100    1700    1200    600     500     900     1200    400     100     200     0       300     0       200     700     0       800     400     1000    
4568   1972 3000    2400    1700    1100    800     1000    600     0       100     100     500     200     100     800     100     0       200     400     500     
4568   1973 2300    1600    1500    900     400     800     600     100     300     100     0       300     400     400     0       400     0       200     100     
4568   1974 4000    2200    900     1900    400     300     500     900     900     100     200     100     0       0       300     300     0       200     1000    
4568   1975 5300    3700    2700    3000    800     1600    800     1600    400     500     200     100     300     400     900     800     0       0       100     
4568   1976 3500    900     1700    700     700     1000    1200    500     100     200     200     300     300     500     200     200     700     300     0       
4568   1977 4700    2900    1300    800     1400    900     1100    100     700     1100    300     0       700     100     100     100     400     600     500     
4568   1978 3700    2500    1500    800     1300    800     1200    0       300     700     100     500     400     200     200     100     400     700     100     
4568   1979 3800    1400    2200    100     900     1100    900     0       0       200     100     600     800     100     200     400     300     200     900     
4568   1980 2900    1700    1100    1000    200     800     1200    0       100     200     0       0       100     200     500     300     100     800     600     
4568   1981 6100    2900    4200    900     2600    1900    1300    0       300     1100    400     1100    700     500     700     800     0       500     0       
4568   1982 4700    1100    3100    400     800     2000    1400    300     100     200     100     500     900     500     600     500     300     600     100     
4568   1983 6000    3600    2500    1900    1700    1500    700     1700    100     800     800     100     100     600     800     100     400     200     300     
4568   1984 1800    1100    900     500     200     600     700     200     0       0       0       200     100     400     100     100     400     200     100     
4568   1985 3300    800     1900    100     1600    300     600     0       0       100     900     600     100     200     0       100     400     100     800     
4568   1986 2600    1600    1500    1100    600     900     500     300     0       0       0       600     200     500     200     0       100     400     300     
4568   1987 4800    1000    3100    300     1100    1600    1200    0       0       200     800     100     300     500     800     600     200     400     900     
4568   1988 4500    2800    2300    2200    1100    1000    600     1000    300     0       200     900     200     600     200     200     200     200     500     
4568   1989 5800    2100    3100    1000    1300    1700    1800    300     200     700     500     100     100     900     700     800     900     100     500     
4568   1990 6300    5000    1600    3100    1700    800     1000    1100    1500    900     400     400     400     100     300     0       600     400     200     
4568   1991 5800    3300    3400    1300    1800    2300    500     900     200     1000    600     200     300     1300    700     300     200     0       100     
4568   1992 6900    2200    4600    1500    2000    2800    500     600     800     500     400     1100    900     900     1000    300     0       200     200     
4568   1993 4500    2000    2400    1400    2000    700     200     1000    200     400     800     800     300     300     100     100     100     0       400     
4568   1994 8500    2100    4600    1200    2100    3200    1500    800     0       800     900     400     600     1700    900     100     200     1200    900     
4568   1995 4600    3500    2300    2000    900     1400    1200    100     1000    100     500     300     100     800     500     100     900     200     0       
4568   1996 1800    1100    1200    0       500     600     700     0       0       0       300     200     300     0       300     100     300     300     0       
4568   1997 5900    2200    3400    1100    1200    2300    900     0       1100    500     200     500     600     400     1300    400     300     200     400     
4568   1998 8500    4300    4200    2800    3200    1200    1300    1000    1400    1000    1100    1100    900     100     200     800     500     0       400     
4568   1999 7400    2600    4400    1700    1400    1700    2600    900     400     400     800     200     200     1100    400     1700    500     400     400     
4568   2000 -999999 -999999 -999999 -999999 -999999 -999999 -999999 -999999 -999999 -999999 -999999 -999999 -999999 -999999 -999999 -999999 -999999 -999999 -999999 
4568   2001 -999999 -999999 -999999 -999999 -999999 -999999 -999999 -999999 -999999 -999999 -999999 -999999 -999999 -999999 -999999 -999999 -999999 -999999 -999999 
4568   2002 -999999 -999999 -999999 -999999 -999999 -999999 -999999 -999999 -999999 -999999 -999999 -999999 -999999 -999999 -999999 -999999 -999999 -999999 -999999 
4568   2003 -999999 -999999 -999999 -999999 -999999 -999999 -999999 -999999 -999999 -999999 -999999 -999999 -999999 -999999 -999999 -999999 -999999 -999999 -999999 
4568   2004 -999999 -999999 -999999 -999999 -999999 -999999 -999999 -999999 -999999 -999999 -999999 -999999 -999999 -999999 -999999 -999999 -999999 -999999 100     
4568   2005 4800    -999999 2300    900     1800    700     1500    800     0       600     400     800     200     200     300     400     700     400     0       
4568   2006 6400    1500    3200    100     900     1400    2900    0       100     300     200     400     600     800     0       1200    900     800     1100    
4568   2007 5900    5100    2900    3100    1700    1400    400     1200    800     300     1000    400     800     200     400     100     100     200     400     
4568   2008 4300    2500    2100    1900    800     1500    500     1000    500     300     100     400     500     700     300     100     100     300     0       
4568   2009 4700    1100    2700    300     1800    1200    1400    0       300     400     1400    0       400     400     400     100     200     1100    0       
4568   2010 3400    1600    2400    0       500     1900    1000    0       0       300     200     0       200     1200    500     300     100     600     0       
4568   2011 3900    1900    2100    900     1300    700     600     600     300     300     800     200     200     0       500     400     100     100     400     
4568   2012 5200    2200    2100    1200    2100    800     900     400     400     800     500     800     300     200     300     0       700     200     600     
4568   2013 4400    2200    2700    1300    700     1400    1400    700     0       0       400     300     500     600     300     600     700     100     200     
4568   2014 7300    2200    4000    800     2500    1600    2200    300     300     600     1600    300     200     1100    300     500     900     800     400     
4568   2015 6000    2900    1900    1100    400     1500    1600    500     200     100     200     100     0       400     1100    100     200     1300    1800    
4568   2016 6900    4300    4700    2700    1900    2000    1400    300     600     100     600     1200    900     500     600     900     200     300     700     
4568   2017 4300    2300    2100    1400    1100    1100    1000    0       700     400     100     600     800     200     100     300     500     200     400     
4568   2018 7000    1800    4900    1100    2400    1800    1500    700     0       0       1000    1400    500     600     700     700     400     400     600     
4568   2019 6300    3200    3200    1600    1500    2100    1500    500     500     800     500     200     900     600     600     400     800     300     200     
4568   2020 6200    3300    2500    1800    600     2200    1500    700     900     400     100     100     900     0       1300    100     600     800     300     
4568   2021 4700    2800    2100    1400    100     1300    1400    200     900     0       0       100     700     600     0       700     400     300     800     
