EUROPEAN CLIMATE ASSESSMENT & DATASET (ECA&D), file created on: 20-01-2022
THESE DATA CAN BE USED FOR NON-COMMERCIAL RESEARCH AND EDUCATION PROVIDED THAT THE FOLLOWING SOURCE IS ACKNOWLEDGED: 

Klein Tank, A.M.G. and Coauthors, 2002. Daily dataset of 20th-century surface
air temperature and precipitation series for the European Climate Assessment.
Int. J. of Climatol., 22, 1441-1453.
Data and metadata available at http://www.ecad.eu

FILE FORMAT (MISSING VALUE CODE = -999999):

THIS FILE HOLDS DATA FOR STATION RUSSIAN FEDERATION                       PUDINO                                   (STAID:   8212)
LATITUDE: dd:mm:ss +57:34:00
LONGITUDE: ddd:mm:ss +079:25:59
ELEVATION: m   96

DATA IS FOR INDEX Days with TN > 90th percentile of daily min temp (warm nights) (TN90p) with unit 0.01 No of days

01-06 SOUID: Source identifier
08-11 YEAR : YYYY
13-20 ANNUAL DATA VALUES
21-28 WINTER HALF YEAR DATA VALUES
29-36 SUMMER HALF YEAR DATA VALUES
37-44 WINTER (DJF) DATA VALUES
45-52 SPRING (MAM) DATA VALUES
53-60 SUMMER (JJA) DATA VALUES
61-68 AUTUMN (SON) DATA VALUES
69-76 JANUARY DATA VALUES
etc. 
157-164 DECEMBER DATA VALUES

8212   1927 -999999 -999999 -999999 -999999 -999999 -999999 500     -999999 -999999 -999999 -999999 600     300     -999999 -999999 300     0       200     0       
8212   1928 2000    700     500     500     0       200     1300    100     400     0       0       0       100     0       100     300     600     400     0       
8212   1929 2400    1300    800     0       700     400     1300    0       0       300     300     100     100     100     200     0       300     1000    0       
8212   1930 2500    2000    800     500     300     500     1200    400     100     200     0       100     200     100     200     200     600     400     0       
8212   1931 2700    1500    1000    500     0       900     900     500     0       0       0       0       100     100     700     100     600     200     400     
8212   1932 3900    2400    1000    1400    500     600     1200    900     100     200     300     0       0       400     200     100     1000    100     600     
8212   1933 1600    1800    900     700     500     400     500     100     0       0       100     400     0       200     200     0       100     400     100     
8212   1934 2300    1300    700     700     400     400     700     200     400     100     0       300     200     0       200     0       300     400     200     
8212   1935 2500    2100    900     1300    700     100     400     100     1000    100     0       600     0       0       100     200     100     100     200     
8212   1936 3300    900     -999999 700     300     -999999 1600    200     300     0       0       300     -999999 200     0       400     600     600     500     
8212   1937 2100    2200    1000    900     600     200     900     400     0       100     300     200     100     0       100     300     400     200     -999999 
8212   1938 3400    -999999 2000    -999999 1400    700     1200    0       100     100     800     500     100     300     300     0       100     1100    0       
8212   1939 3700    2200    1900    700     1500    300     700     200     500     300     1000    200     200     100     0       400     100     200     500     
8212   1940 3700    1300    2400    600     1600    900     1000    0       100     400     1000    200     100     400     400     300     100     600     100     
8212   1941 1900    1400    1000    300     500     600     600     100     100     400     0       100     300     100     200     300     200     100     0       
8212   1942 2800    700     1800    400     100     1200    1000    100     300     0       0       100     200     300     700     500     100     400     100     
8212   1943 4300    1100    3400    300     2100    1300    700     0       200     300     800     1000    400     300     600     300     200     200     0       
8212   1944 3100    1300    1700    400     1200    400     900     400     0       500     200     500     200     100     100     600     200     100     200     
8212   1945 2500    600     1900    300     1400    100     900     100     0       0       600     800     100     0       0       400     400     100     0       
8212   1946 3200    2300    700     1800    400     300     700     600     1200    0       200     200     100     100     100     0       400     300     0       
8212   1947 3000    1000    2100    0       1400    800     500     0       0       300     700     400     100     100     600     200     200     100     300     
8212   1948 3400    1600    1400    900     900     700     900     500     100     400     100     400     0       500     200     200     600     100     300     
8212   1949 3300    2000    1500    1100    800     900     800     600     200     200     300     300     200     500     200     0       600     200     0       
8212   1950 3200    1600    1800    600     600     600     1000    0       600     200     100     300     0       0       600     800     200     0       400     
8212   1951 3300    1000    1600    400     1000    300     1000    0       0       400     200     400     0       100     200     700     100     200     1000    
8212   1952 3600    1700    2800    1400    300     1700    900     100     300     0       0       300     500     600     600     800     100     0       300     
8212   1953 3400    1100    2100    800     900     800     1000    200     300     200     100     600     200     500     100     600     400     0       200     
8212   1954 2800    600     1600    200     100     900     1800    0       0       0       0       100     100     0       800     600     900     300     0       
8212   1955 3300    1600    2100    300     800     1300    700     200     100     100     0       700     500     100     700     100     200     400     200     
8212   1956 3000    1200    1800    500     700     1000    500     300     0       100     400     200     0       200     800     200     200     100     500     
8212   1957 3500    2100    1400    1700    300     800     1000    300     900     100     0       200     300     200     300     400     200     400     200     
8212   1958 2400    1500    900     500     600     500     800     200     100     400     0       200     300     100     100     200     400     200     200     
8212   1959 3100    1600    2200    800     700     1300    400     500     100     200     100     400     400     800     100     400     0       0       100     
8212   1960 2600    800     1000    800     200     100     1300    100     600     0       100     100     100     0       0       700     400     200     300     
8212   1961 3600    1900    1800    1000    1300    500     900     300     400     300     500     500     100     200     200     300     0       600     200     
8212   1962 5200    2800    2100    1800    1000    1100    1100    700     900     400     100     500     600     400     100     400     400     300     400     
8212   1963 2700    2000    400     1100    200     300     1200    200     500     200     0       0       100     100     100     100     300     800     300     
8212   1964 3100    1900    1300    800     200     900     1100    500     0       0       0       200     100     100     700     200     100     800     400     
8212   1965 4800    2100    3100    800     1600    1200    1400    300     100     400     0       1200    600     300     300     700     600     100     200     
8212   1966 2100    1600    1100    600     600     500     600     100     300     300     0       300     300     100     100     300     300     0       0       
8212   1967 4300    1000    1500    100     1100    1000    1700    0       100     600     300     200     200     500     300     0       1200    500     400     
8212   1968 2500    2700    1700    500     1300    700     300     0       100     500     300     500     100     600     0       200     100     0       100     
8212   1969 3200    300     2200    100     200     1700    1000    0       0       100     100     0       600     800     300     400     0       600     300     
8212   1970 2200    2000    1000    1000    1000    300     200     200     500     400     600     0       100     0       200     100     100     0       0       
8212   1971 5200    1500    2000    1300    500     1200    2100    1200    100     100     300     100     400     100     700     400     600     1100    100     
8212   1972 1700    2000    1200    200     800     400     300     0       100     100     500     200     100     0       300     100     200     0       100     
8212   1973 -999999 -999999 -999999 200     -999999 900     -999999 0       100     -999999 -999999 -999999 400     200     300     -999999 -999999 -999999 200     
8212   1974 -999999 -999999 -999999 -999999 -999999 600     -999999 0       100     -999999 -999999 -999999 0       200     400     200     -999999 0       0       
8212   1975 3700    -999999 1900    700     900     900     900     500     200     300     300     300     100     400     400     400     400     100     300     
8212   1976 3500    1400    2100    900     800     1300    100     600     0       0       400     400     600     100     600     0       100     0       700     
8212   1977 4700    1800    2400    1200    1500    1300    1300    200     300     500     700     300     800     300     200     100     200     1000    100     
8212   1978 5500    3100    2400    1400    1000    1300    1600    1000    300     500     400     100     700     200     400     600     500     500     300     
8212   1979 5400    2200    2900    800     700     1900    1800    100     400     400     100     200     200     1300    400     700     400     700     500     
8212   1980 2900    1800    1900    700     600     1100    700     0       200     0       200     400     500     200     400     200     400     100     300     
8212   1981 4300    2500    2100    1500    1100    1200    600     600     600     500     300     300     800     200     200     300     300     0       200     
8212   1982 5600    1000    3200    400     1800    1500    1100    100     100     300     600     900     600     300     600     200     200     700     1000    
8212   1983 7100    5000    1600    3200    1100    1400    1100    1100    1100    900     200     0       400     700     300     0       900     200     1300    
8212   1984 3100    3500    1700    2300    300     1000    800     800     200     100     0       200     300     200     500     500     300     0       0       
8212   1985 2400    700     1800    300     500     1100    300     300     0       100     400     0       300     300     500     300     0       0       200     
8212   1986 2300    300     1400    200     200     800     1100    0       0       100     0       100     100     500     200     500     200     400     200     
8212   1987 3300    1400    1800    700     700     800     700     100     400     100     100     500     100     200     500     400     200     100     600     
8212   1988 4300    1500    2100    1000    1100    600     1500    400     0       200     900     0       100     200     300     600     500     400     700     
8212   1989 4400    3300    2100    2000    1200    1300    300     500     800     400     300     500     100     900     300     0       200     100     300     
8212   1990 5300    3400    1400    1400    2600    500     900     300     800     1700    200     700     200     300     0       0       600     300     200     
8212   1991 5000    1800    2800    900     1100    800     2300    600     100     0       700     400     400     300     100     900     900     500     100     
8212   1992 4200    3100    1600    1600    700     800     900     900     600     100     100     500     200     100     500     200     600     100     300     
8212   1993 4100    2600    2000    1600    300     1900    400     1000    300     300     0       0       100     1000    800     100     300     0       200     
8212   1994 5000    1200    3000    600     1100    2100    1200    300     100     300     200     600     900     700     500     100     900     200     200     
8212   1995 6900    3900    3000    2200    2100    1200    1400    500     1500    600     1000    500     100     300     800     300     500     600     200     
8212   1996 3300    1500    1400    300     300     1200    1300    100     0       100     0       200     300     900     0       0       300     1000    400     
8212   1997 4500    3200    2300    1200    2200    500     1000    100     700     700     800     700     100     100     300     300     500     200     0       
8212   1998 5500    1500    2900    600     800     2000    1000    0       600     200     100     500     300     600     1100    300     200     500     1100    
8212   1999 7300    3000    3000    2300    1700    1300    2000    300     900     0       400     1300    300     400     600     0       1300    700     1100    
8212   2000 3700    4200    2200    2100    600     1600    300     300     700     100     200     300     500     400     700     100     200     0       200     
8212   2001 6000    1800    3100    700     2400    1100    1800    200     300     900     600     900     400     100     600     500     100     1200    200     
8212   2002 7100    5900    2400    3500    1800    1000    1000    1800    1500    1100    0       700     400     200     400     700     200     100     0       
8212   2003 4200    1300    2100    900     700     800     1000    600     300     100     200     400     400     200     200     700     300     0       800     
8212   2004 5500    2300    2600    1700    1400    1200    1900    400     500     300     200     900     600     100     500     300     700     900     100     
8212   2005 5500    3100    3100    1000    1500    1500    1500    900     0       500     700     300     200     400     900     600     400     500     100     
8212   2006 5400    1300    2700    100     700     1900    1400    0       0       300     0       400     1400    400     100     400     200     800     1400    
8212   2007 6500    4500    3400    3000    1300    2000    1300    1200    400     500     700     100     400     1000    600     600     300     400     300     
8212   2008 6600    2500    2300    900     1500    1500    2800    100     500     900     200     400     400     500     600     200     1200    1400    200     
8212   2009 3400    3500    2300    200     1600    1000    700     0       0       700     500     400     400     300     300     400     200     100     100     
8212   2010 3700    1000    1500    400     500     1200    1600    0       300     300     200     0       300     300     600     100     500     1000    100     
8212   2011 4700    2300    2500    500     1400    1200    1300    0       400     300     900     200     800     100     300     200     800     300     400     
8212   2012 5400    1900    4500    600     1700    2300    1100    200     0       200     1000    500     900     900     500     700     400     0       100     
8212   2013 5600    1000    1900    500     500     1200    2400    200     200     100     400     0       100     200     900     300     400     1700    1100    
8212   2014 6100    5300    2800    1900    2500    1600    400     800     0       1300    800     400     100     300     1200    0       100     300     800     
8212   2015 7500    3600    3000    2300    2100    1400    1200    800     700     900     500     700     700     300     400     400     300     500     1300    
8212   2016 4800    4100    2800    2200    2100    1300    500     100     800     1100    900     100     300     700     300     500     0       0       0       
8212   2017 5000    1700    2400    1100    1700    1200    700     600     500     600     500     600     300     300     600     100     0       600     300     
8212   2018 3600    1200    2300    500     500     1200    1400    100     100     100     400     0       400     200     600     700     700     0       300     
8212   2019 5700    2700    1900    1200    1400    900     1400    300     600     800     200     400     100     400     400     400     800     200     1100    
8212   2020 9400    5900    3600    3600    3600    900     2200    1300    1200    1300    1400    900     0       600     300     400     800     1000    200     
8212   2021 6600    2900    3700    700     2100    1800    1600    200     300     400     700     1000    300     300     1200    200     600     800     600     
