EUROPEAN CLIMATE ASSESSMENT & DATASET (ECA&D), file created on: 20-01-2022
THESE DATA CAN BE USED FOR NON-COMMERCIAL RESEARCH AND EDUCATION PROVIDED THAT THE FOLLOWING SOURCE IS ACKNOWLEDGED: 

Klein Tank, A.M.G. and Coauthors, 2002. Daily dataset of 20th-century surface
air temperature and precipitation series for the European Climate Assessment.
Int. J. of Climatol., 22, 1441-1453.
Data and metadata available at http://www.ecad.eu

FILE FORMAT (MISSING VALUE CODE = -999999):

THIS FILE HOLDS DATA FOR STATION GERMANY                                  HORNISGRINDE                             (STAID:   4248)
LATITUDE: dd:mm:ss +48:36:51
LONGITUDE: ddd:mm:ss +008:12:15
ELEVATION: m 1119

DATA IS FOR INDEX Days with TN > 90th percentile of daily min temp (warm nights) (TN90p) with unit 0.01 No of days

01-06 SOUID: Source identifier
08-11 YEAR : YYYY
13-20 ANNUAL DATA VALUES
21-28 WINTER HALF YEAR DATA VALUES
29-36 SUMMER HALF YEAR DATA VALUES
37-44 WINTER (DJF) DATA VALUES
45-52 SPRING (MAM) DATA VALUES
53-60 SUMMER (JJA) DATA VALUES
61-68 AUTUMN (SON) DATA VALUES
69-76 JANUARY DATA VALUES
etc. 
157-164 DECEMBER DATA VALUES

4248   1953 6400    -999999 2600    -999999 2700    800     1200    0       0       1100    300     1300    200     100     500     200     200     800     1700    
4248   1954 2200    3000    1300    1800    700     500     900     0       100     200     0       500     300     0       200     300     200     400     0       
4248   1955 2800    1800    1000    1000    800     400     500     800     200     200     400     200     200     100     100     0       0       500     100     
4248   1956 1600    1000    700     100     900     0       300     0       0       400     100     400     0       0       0       200     100     0       400     
4248   1957 4400    2500    1800    1400    1400    1300    600     300     700     1000    400     0       600     600     100     100     400     100     100     
4248   1958 2600    1500    1500    1000    600     600     400     100     800     0       0       600     200     0       400     300     100     0       100     
4248   1959 5400    2300    2900    1200    2000    1500    700     300     800     1000    600     400     400     700     400     400     0       300     100     
4248   1960 3000    1800    1300    1200    900     700     300     900     200     300     300     300     200     0       500     0       0       300     0       
4248   1961 6800    2000    4000    900     1900    1000    2300    0       900     800     1000    100     300     300     400     1900    0       400     700     
4248   1962 2400    1600    1600    1200    600     700     600     500     0       0       500     100     500     100     100     300     300     0       0       
4248   1963 1400    600     500     0       500     300     400     0       0       300     0       200     0       200     100     0       100     300     200     
4248   1964 3200    900     2300    400     900     1400    300     0       200     100     500     300     400     700     300     100     0       200     400     
4248   1965 1300    800     500     600     200     300     300     200     0       0       0       200     0       100     200     0       300     0       300     
4248   1966 4800    2200    2300    1900    900     1000    1300    300     1300    0       100     800     700     0       300     400     700     200     0       
4248   1967 3200    1700    1500    600     500     800     1200    500     100     200     0       300     300     400     100     400     700     100     100     
4248   1968 2400    1600    900     300     1400    0       800     0       200     500     700     200     0       0       0       0       200     600     0       
4248   1969 3100    1500    1900    500     1100    900     600     400     100     200     400     500     100     700     100     100     400     100     0       
4248   1970 3400    1200    1300    700     0       1200    1300    600     100     0       0       0       800     0       400     100     400     800     200     
4248   1971 3600    1700    2100    500     1500    600     300     300     0       0       400     1100    0       500     100     0       300     0       900     
4248   1972 4000    2600    2100    1300    1500    1400    400     200     200     1000    400     100     200     600     600     200     0       200     300     
4248   1973 3600    1000    2800    600     600     1700    900     300     0       200     0       400     400     400     900     700     100     100     100     
4248   1974 4500    3200    1400    1700    1900    400     500     1100    500     1300    600     0       0       0       400     400     0       100     100     
4248   1975 3000    1400    1400    900     700     900     600     500     300     400     100     200     200     200     500     200     400     0       0       
4248   1976 4500    1000    3200    600     700     2200    700     300     300     0       100     600     1300    900     0       300     400     0       300     
4248   1977 4400    2500    500     1000    1300    300     1200    500     200     1100    100     100     0       300     0       0       900     300     900     
4248   1978 2800    2900    800     1200    500     800     600     0       300     500     0       0       400     200     200     0       400     200     600     
4248   1979 3200    1700    1200    800     700     400     1000    0       200     300     0       400     400     0       0       400     400     200     900     
4248   1980 2000    1700    900     1100    300     500     900     0       200     0       300     0       200     100     200     100     100     700     100     
4248   1981 4300    1700    2800    100     2600    900     700     0       0       800     1200    600     400     200     300     100     100     500     100     
4248   1982 4400    2100    2400    1500    200     1400    1100    900     500     0       0       200     900     400     100     800     0       300     300     
4248   1983 5400    1600    3400    1200    300     3100    800     900     0       100     200     0       400     1600    1100    100     200     500     300     
4248   1984 3100    1000    1200    300     300     800     1600    0       0       0       300     0       100     500     200     100     100     1400    400     
4248   1985 4000    2400    2200    900     700     700     1300    100     400     0       400     300     200     200     300     800     400     100     800     
4248   1986 3500    1300    2100    800     1000    1100    1100    0       0       0       100     900     900     0       200     0       500     600     300     
4248   1987 4600    1800    3100    600     1000    1200    1400    100     200     100     800     100     200     500     500     1000    300     100     700     
4248   1988 4700    2100    2300    1700    1100    1000    1400    1000    0       0       200     900     0       300     700     200     700     500     200     
4248   1989 6800    3800    2500    1700    1800    1300    1500    600     900     900     200     700     200     600     500     300     800     400     700     
4248   1990 5600    4300    2500    2100    1800    1700    700     200     1200    1000    100     700     0       400     1300    0       600     100     0       
4248   1991 3600    2700    1300    700     1600    800     400     300     400     1300    200     100     0       500     300     200     0       200     100     
4248   1992 4700    1300    2500    800     1100    1600    700     500     200     300     200     600     0       300     1300    100     0       600     600     
4248   1993 5300    4000    2100    2800    2000    600     300     1300    900     600     900     500     500     0       100     100     0       200     200     
4248   1994 5900    1300    2700    800     600     2300    1300    300     300     300     300     0       400     1300    600     100     100     1100    1100    
4248   1995 3800    2700    1800    1500    800     1000    1200    0       400     0       200     600     100     600     300     0       900     300     400     
4248   1996 3600    3100    1500    1700    900     800     100     1300    0       200     600     100     700     100     0       0       0       100     500     
4248   1997 5500    2800    2400    1900    1200    1600    900     800     600     800     0       400     200     0       1400    400     400     100     400     
4248   1998 4800    3300    2100    2400    1200    1300    0       1000    1000    400     200     600     400     100     800     0       0       0       300     
4248   1999 4900    2100    2900    1600    1900    800     900     1300    0       500     200     1200    100     400     300     700     200     0       0       
4248   2000 5900    900     3900    700     2000    1600    500     300     400     0       500     1500    800     0       800     300     0       200     1100    
4248   2001 4700    2800    2100    2100    1600    1000    800     500     500     500     100     1000    100     400     500     0       800     0       300     
4248   2002 5800    3300    2100    1800    1100    1600    700     700     800     700     100     300     1000    100     500     100     100     500     900     
4248   2003 8400    3000    5700    1400    2500    3900    1100    300     200     1000    500     1000    2100    200     1600    300     100     700     400     
4248   2004 4400    2300    2500    1100    1100    1400    800     100     600     400     500     200     400     500     500     400     300     100     400     
4248   2005 -999999 2400    -999999 1000    2100    1500    -999999 600     0       1000    400     700     1000    300     200     -999999 -999999 -999999 -999999 
