EUROPEAN CLIMATE ASSESSMENT & DATASET (ECA&D), file created on: 20-01-2022
THESE DATA CAN BE USED FOR NON-COMMERCIAL RESEARCH AND EDUCATION PROVIDED THAT THE FOLLOWING SOURCE IS ACKNOWLEDGED: 

Klein Tank, A.M.G. and Coauthors, 2002. Daily dataset of 20th-century surface
air temperature and precipitation series for the European Climate Assessment.
Int. J. of Climatol., 22, 1441-1453.
Data and metadata available at http://www.ecad.eu

FILE FORMAT (MISSING VALUE CODE = -999999):

THIS FILE HOLDS DATA FOR STATION CZECH REPUBLIC                           VIZOVICE                                 (STAID:  11145)
LATITUDE: dd:mm:ss +49:13:23
LONGITUDE: ddd:mm:ss +017:50:36
ELEVATION: m  313

DATA IS FOR INDEX Days with TN > 90th percentile of daily min temp (warm nights) (TN90p) with unit 0.01 No of days

01-06 SOUID: Source identifier
08-11 YEAR : YYYY
13-20 ANNUAL DATA VALUES
21-28 WINTER HALF YEAR DATA VALUES
29-36 SUMMER HALF YEAR DATA VALUES
37-44 WINTER (DJF) DATA VALUES
45-52 SPRING (MAM) DATA VALUES
53-60 SUMMER (JJA) DATA VALUES
61-68 AUTUMN (SON) DATA VALUES
69-76 JANUARY DATA VALUES
etc. 
157-164 DECEMBER DATA VALUES

11145  1951 6400    -999999 3300    -999999 700     1500    2400    700     800     100     100     500     500     500     500     1200    200     1000    300     
11145  1952 -999999 1900    -999999 700     1500    1600    -999999 300     100     0       800     700     300     300     1000    -999999 -999999 200     100     
11145  1953 3900    -999999 1800    400     400     1100    1300    200     100     0       200     200     700     400     0       300     900     100     800     
11145  1954 -999999 2100    -999999 900     500     -999999 -999999 100     0       200     0       300     600     100     -999999 -999999 -999999 -999999 -999999 
11145  1955 1400    -999999 600     -999999 100     200     500     100     400     100     0       0       100     100     0       400     0       100     100     
11145  1956 1300    600     700     400     300     300     300     300     0       100     200     0       100     100     100     200     100     0       100     
11145  1957 4300    1000    2300    500     500     2200    900     100     300     400     100     0       700     1300    200     0       100     800     300     
11145  1958 4000    1800    2000    900     1000    1000    600     300     300     0       100     900     100     400     500     0       500     100     800     
11145  1959 -999999 2000    -999999 900     1000    -999999 -999999 100     0       500     400     100     0       -999999 -999999 -999999 -999999 -999999 -999999 
11145  1960 -999999 -999999 -999999 -999999 -999999 -999999 -999999 -999999 -999999 -999999 -999999 -999999 -999999 -999999 -999999 -999999 -999999 -999999 -999999 
11145  1961 -999999 -999999 1700    -999999 -999999 900     800     -999999 -999999 -999999 500     200     300     200     400     100     400     300     300     
11145  1962 2200    1600    1000    700     500     500     800     400     0       200     200     100     100     200     200     200     100     500     0       
11145  1963 4000    700     2700    100     700     1400    1800    100     0       0       600     100     600     200     600     600     0       1200    0       
11145  1964 2800    1200    1800    0       400     1000    1100    0       0       0       400     0       800     200     0       400     200     500     300     
11145  1965 2600    1300    2000    500     200     1100    800     200     0       100     0       100     200     400     500     800     0       0       300     
11145  1966 5500    2100    1500    1800    1100    600     2300    200     1300    300     800     0       100     400     100     100     1900    300     0       
11145  1967 3800    2800    2400    0       1500    1000    1100    0       0       600     500     400     400     400     200     500     500     100     200     
11145  1968 4600    2300    2200    1400    1000    1200    1200    300     900     300     200     500     600     300     300     300     100     800     0       
11145  1969 3500    1500    2300    400     1700    600     800     300     100     200     500     1000    200     400     0       200     100     500     0       
11145  1970 2900    1000    1000    400     300     600     1200    400     0       0       200     100     200     400     0       100     100     1000    400     
11145  1971 4900    2700    3000    1200    2200    1200    200     600     200     400     700     1100    100     300     800     0       100     100     500     
11145  1972 6600    3600    2700    2600    1500    1800    500     500     1600    800     600     100     900     500     400     200     300     0       700     
11145  1973 2500    1400    1700    900     600     900     400     100     100     200     100     300     200     300     400     400     0       0       400     
11145  1974 5100    3000    1400    2200    800     1300    500     800     1000    800     0       0       200     100     1000    100     0       400     700     
11145  1975 5400    2900    3200    1700    1400    1500    1400    1000    0       800     300     300     600     300     600     1100    200     100     100     
11145  1976 3100    800     900     500     300     400     1700    400     0       0       200     100     0       300     100     200     800     700     300     
11145  1977 5100    4400    1400    1600    2100    600     900     500     800     1300    200     600     300     200     100     0       600     300     200     
11145  1978 2300    2300    500     700     1000    100     100     100     400     700     0       300     100     0       0       100     0       0       600     
11145  1979 3300    1000    1200    700     800     700     800     100     0       300     100     400     500     100     100     0       600     200     900     
11145  1980 1600    1700    800     900     100     600     600     0       0       0       0       100     200     100     300     100     300     200     300     
11145  1981 4300    2000    2500    500     1400    1200    1400    100     100     1000    200     200     800     200     200     900     200     300     100     
11145  1982 3600    700     2000    200     500     800     1900    100     0       0       100     400     100     500     200     700     500     700     300     
11145  1983 5200    3100    2700    1300    2000    900     500     1000    0       600     600     800     200     500     200     400     100     0       800     
11145  1984 2300    1000    1400    800     900     400     800     0       0       100     100     700     0       200     200     200     300     300     200     
11145  1985 3200    1200    2000    400     1200    1000    100     100     100     200     300     700     100     500     400     0       0       100     700     
11145  1986 3400    1400    2700    1200    1400    1200    300     400     100     100     900     400     600     200     400     200     0       100     0       
11145  1987 5200    900     2200    700     300     1200    2300    200     500     100     100     100     200     800     200     800     1100    400     700     
11145  1988 3500    3800    1500    2200    600     800     400     900     600     100     100     400     0       500     300     200     200     0       200     
11145  1989 5300    1200    2800    800     900     1800    1100    200     400     200     600     100     100     800     900     300     500     300     900     
11145  1990 3600    3100    1100    2000    600     700     1000    700     400     300     100     200     400     200     100     100     600     300     200     
11145  1991 3900    2300    2100    700     900     1600    900     500     0       700     200     0       0       700     900     300     200     400     0       
11145  1992 4200    1400    2800    400     700     2200    500     300     100     400     200     100     400     500     1300    300     100     100     400     
11145  1993 3400    1600    1500    1200    500     600     1200    800     0       200     200     100     200     100     300     600     500     100     300     
11145  1994 5800    2700    3100    1400    1300    1600    1200    700     400     700     200     400     400     300     900     900     300     0       600     
11145  1995 4100    2000    2400    1500    900     1500    600     400     500     200     400     300     200     900     400     200     300     100     200     
11145  1996 4400    900     2800    500     1600    900     1500    300     0       0       600     1000    300     200     400     300     600     600     100     
11145  1997 4100    1800    1900    500     400     1100    1100    0       400     100     0       300     600     400     100     500     300     300     1100    
11145  1998 6400    3500    4000    2400    1500    2300    1100    800     500     500     700     300     1000    800     500     700     400     0       200     
11145  1999 5900    1600    4200    400     1900    2300    1400    200     0       800     400     700     800     900     600     800     500     100     100     
11145  2000 8000    1600    3400    600     1900    1700    2900    0       500     400     800     700     700     300     700     200     1100    1600    1000    
11145  2001 4800    5400    2300    2000    1100    1800    900     500     500     700     0       400     100     800     900     100     800     0       0       
11145  2002 7300    2000    4800    800     2200    2800    1400    300     500     400     200     1600    700     1100    1000    200     0       1200    100     
11145  2003 5500    1800    3400    400     1100    2300    1200    300     0       200     100     800     900     1000    400     200     0       1000    600     
11145  2004 4700    2700    2000    1300    1200    1000    1600    200     500     400     500     300     200     500     300     200     1000    400     200     
11145  2005 3800    1800    3000    400     500     2000    900     200     0       0       300     200     600     1000    400     500     400     0       200     
11145  2006 5200    700     2400    300     200     1900    2100    0       100     0       0       200     900     700     300     300     800     1000    900     
11145  2007 7000    5400    3500    3100    1600    2400    300     1300    900     500     0       1100    700     900     800     0       100     200     500     
11145  2008 6800    2500    3100    1800    1300    1700    1600    900     400     400     400     500     600     500     600     500     300     800     900     
11145  2009 6100    3100    3400    1600    1100    2200    1400    300     400     400     300     400     500     800     900     500     500     400     700     
11145  2010 5700    2100    3700    900     900     2700    1700    100     100     300     100     500     700     1200    800     400     200     1100    200     
11145  2011 5800    3000    3100    1300    600     2400    1100    800     300     400     0       200     1000    500     900     500     300     300     600     
11145  2012 6200    1800    4400    1000    1100    3100    1500    300     100     200     500     400     900     1300    900     400     100     1000    100     
11145  2013 5400    1800    3200    400     1400    2000    1100    200     100     300     400     700     800     600     600     100     700     300     600     
11145  2014 8700    3600    3700    2200    1200    2100    2900    1100    500     400     400     400     300     1300    500     800     1000    1100    900     
11145  2015 6900    4100    4300    1700    800     3300    1300    700     100     300     0       500     400     1100    1800    500     200     600     700     
11145  2016 -999999 3400    -999999 2400    -999999 1800    1500    400     1300    200     300     -999999 400     900     500     600     200     700     100     
11145  2017 4400    1500    3600    300     1100    2400    500     0       200     300     300     500     600     600     1200    400     100     0       200     
11145  2018 10100   1900    6700    1400    2600    4000    1700    1100    100     400     1000    1200    1500    1200    1300    500     500     700     600     
11145  2019 -999999 2600    5400    1000    1400    4200    -999999 200     200     400     800     200     1800    800     1600    200     -999999 1200    1100    
11145  2020 6600    -999999 2800    2200    800     2100    1200    100     1000    500     100     200     700     600     800     400     500     300     1400    
11145  2021 -999999 3000    3900    2200    500     3200    1400    600     200     0       100     400     800     1800    600     200     800     400     -999999 
