EUROPEAN CLIMATE ASSESSMENT & DATASET (ECA&D), file created on: 20-01-2022
THESE DATA CAN BE USED FOR NON-COMMERCIAL RESEARCH AND EDUCATION PROVIDED THAT THE FOLLOWING SOURCE IS ACKNOWLEDGED: 

Klein Tank, A.M.G. and Coauthors, 2002. Daily dataset of 20th-century surface
air temperature and precipitation series for the European Climate Assessment.
Int. J. of Climatol., 22, 1441-1453.
Data and metadata available at http://www.ecad.eu

FILE FORMAT (MISSING VALUE CODE = -999999):

THIS FILE HOLDS DATA FOR STATION SWEDEN                                   HUNGE                                    (STAID:   5644)
LATITUDE: dd:mm:ss +62:45:00
LONGITUDE: ddd:mm:ss +015:06:00
ELEVATION: m  342

DATA IS FOR INDEX Days with TN > 90th percentile of daily min temp (warm nights) (TN90p) with unit 0.01 No of days

01-06 SOUID: Source identifier
08-11 YEAR : YYYY
13-20 ANNUAL DATA VALUES
21-28 WINTER HALF YEAR DATA VALUES
29-36 SUMMER HALF YEAR DATA VALUES
37-44 WINTER (DJF) DATA VALUES
45-52 SPRING (MAM) DATA VALUES
53-60 SUMMER (JJA) DATA VALUES
61-68 AUTUMN (SON) DATA VALUES
69-76 JANUARY DATA VALUES
etc. 
157-164 DECEMBER DATA VALUES

5644   1961 8100    -999999 2700    -999999 1400    1800    3100    300     1100    1200    0       200     1000    700     100     700     1600    800     400     
5644   1962 2500    3700    300     1300    200     100     700     600     300     0       200     0       0       0       100     0       400     300     600     
5644   1963 3600    1700    2000    800     1100    900     800     200     0       200     0       900     200     0       700     200     600     0       600     
5644   1964 4400    2800    2200    1600    1900    900     400     900     100     600     500     800     200     200     500     0       400     0       200     
5644   1965 3100    1500    2000    700     700     600     1300    0       500     400     300     0       0       300     300     1100    100     100     0       
5644   1966 3700    300     2800    0       700     1900    700     0       0       100     300     300     1200    600     100     300     100     300     400     
5644   1967 6200    2500    2800    1100    1300    2000    1900    100     600     1000    300     0       200     500     1300    500     300     1100    300     
5644   1968 3600    2800    2200    700     1500    1100    500     200     200     700     800     0       500     300     300     300     0       200     100     
5644   1969 2000    300     1600    100     400     1100    200     0       0       0       400     0       100     300     700     100     100     0       300     
5644   1970 2500    500     1000    300     100     800     900     0       0       100     0       0       700     100     0       200     300     400     700     
5644   1971 3900    2800    1300    2000    400     900     600     900     400     100     100     200     200     600     100     100     100     400     700     
5644   1972 3300    1600    1900    800     700     1500    0       100     0       300     0       400     600     600     300     0       0       0       1000    
5644   1973 4400    3600    1500    2900    900     1300    100     1500    400     700     0       200     200     900     200     0       0       100     200     
5644   1974 2300    1400    400     1200    300     100     500     400     600     100     200     0       0       0       100     100     0       400     400     
5644   1975 3100    1900    1500    1500    700     600     500     400     700     0       200     500     100     200     300     200     200     100     200     
5644   1976 1400    600     1100    200     600     600     100     0       0       100     100     400     200     200     200     0       0       100     100     
5644   1977 1800    700     400     200     500     200     600     100     0       400     0       100     100     0       100     100     200     300     400     
5644   1978 1400    1500    500     800     500     200     300     300     100     200     100     200     0       100     100     0       0       300     0       
5644   1979 1800    600     1200    0       400     1000    200     0       0       300     0       100     500     100     400     100     100     0       200     
5644   1980 4100    400     3500    300     600     2200    1000    0       100     0       400     200     1100    100     1000    700     200     100     200     
5644   1981 3300    900     2500    600     1500    700     700     300     100     0       800     700     100     500     100     300     300     100     0       
5644   1982 3600    1100    1900    200     1000    900     1200    100     100     500     500     0       100     400     400     500     200     500     300     
5644   1983 5600    1800    3800    800     1900    1000    1800    400     100     300     1000    600     200     500     300     1200    300     300     400     
5644   1984 4700    1300    2900    700     2100    800     900     200     100     0       700     1400    0       300     500     0       600     300     600     
5644   1985 2000    1600    1500    600     300     1100    600     0       0       100     0       200     200     300     600     200     400     0       0       
5644   1986 -999999 900     -999999 0       1400    -999999 1200    0       0       500     0       900     500     -999999 100     0       300     900     200     
5644   1987 3300    1700    1000    300     800     200     1800    0       100     200     500     100     0       0       200     200     800     800     400     
5644   1988 4700    3700    2400    1900    800     1400    700     800     700     200     300     300     300     1000    100     400     0       300     300     
5644   1989 5200    3000    2100    2200    1300    800     1100    1100    800     500     600     200     500     200     100     500     200     400     100     
5644   1990 7100    3200    3100    1800    2700    1000    800     100     1600    800     1100    800     0       100     900     200     400     200     900     
5644   1991 -999999 2800    -999999 1800    1300    -999999 800     700     200     400     900     0       0       800     -999999 100     200     500     700     
5644   1992 -999999 3600    -999999 1900    2100    -999999 400     900     300     1000    300     800     -999999 200     0       400     0       -999999 400     
5644   1993 2200    1300    1000    1300    800     100     400     300     600     0       100     700     0       100     0       100     100     200     0       
5644   1994 2600    300     1900    0       400     1500    300     0       0       0       400     0       0       900     600     0       100     200     400     
5644   1995 4000    2300    1500    1500    600     900     1200    600     500     500     0       100     400     100     400     500     400     300     200     
5644   1996 1800    1400    500     600     200     400     300     400     0       100     0       100     0       0       400     0       300     0       500     
5644   1997 6200    3100    2800    2000    1100    2000    800     900     600     800     100     200     400     300     1300    500     0       300     800     
5644   1998 5800    3700    2300    3000    900     900     1300    1100    1100    400     300     200     500     200     200     900     200     200     500     
5644   1999 6100    2200    3400    1200    1400    1300    2400    300     400     600     700     100     600     500     200     1300    0       1100    300     
5644   2000 7600    2400    2300    1000    1600    700     3500    500     200     300     500     800     300     100     300     300     1500    1700    1100    
5644   2001 6700    5500    3600    2300    1100    1500    2300    600     600     0       500     600     300     800     400     1000    600     700     600     
5644   2002 6200    2800    5000    1400    1700    2800    700     300     500     100     1100    500     600     700     1500    600     0       100     200     
5644   2003 5400    1400    3300    700     1400    2200    800     300     200     600     200     600     100     1300    800     300     100     400     500     
5644   2004 5700    2000    3900    1200    2300    900     1500    0       700     300     1200    800     200     0       700     1000    100     400     300     
5644   2005 5400    2000    2800    1000    1400    1400    1600    400     300     500     500     400     200     700     500     500     600     500     300     
5644   2006 7900    2400    4000    1300    500     2400    2200    600     400     0       300     200     600     700     1100    1100    500     600     1800    
5644   2007 4900    3800    2900    2300    1500    1400    900     200     300     400     300     800     100     400     900     400     300     200     600     
5644   2008 5000    3400    2100    2400    1500    1100    300     900     900     500     400     600     400     400     300     0       100     200     300     
5644   2009 5500    1100    3100    600     1400    1800    1200    300     0       200     500     700     200     700     900     100     0       1100    800     
5644   2010 3900    2300    3200    800     1400    2000    500     0       0       400     300     700     100     900     1000    200     300     0       0       
5644   2011 7200    1200    4900    600     1800    2400    1800    500     100     300     900     600     700     800     900     1000    400     400     600     
5644   2012 3900    3100    1400    1000    1900    700     700     300     100     1300    200     400     100     300     300     100     0       600     200     
5644   2013 4700    1500    2900    800     1400    1100    1000    300     300     100     400     900     400     300     400     500     200     300     600     
5644   2014 7800    4000    3000    2100    2200    1700    1900    500     1000    1400    300     500     400     800     500     500     600     800     500     
5644   2015 5700    4000    2400    2300    1100    500     1400    900     900     300     500     300     0       200     300     1100    200     100     900     
5644   2016 4700    2400    2500    1400    1100    1100    1300    200     300     700     200     200     400     400     300     1000    0       300     700     
5644   2017 4600    2000    3100    1500    1200    700     1800    300     500     200     500     500     200     100     400     1400    300     100     100     
5644   2018 5600    800     3700    400     900     1900    1900    200     100     0       200     700     200     1000    700     900     300     700     600     
5644   2019 5700    2900    3200    1700    700     2200    1000    500     600     200     200     300     700     300     1200    500     0       500     700     
5644   2020 9000    4100    2500    3300    800     1600    2400    1800    800     300     400     100     800     100     700     400     1100    900     1600    
5644   2021 5600    4500    3000    2200    1200    1400    1900    200     400     300     200     700     600     600     200     700     600     600     500     
