EUROPEAN CLIMATE ASSESSMENT & DATASET (ECA&D), file created on: 20-01-2022
THESE DATA CAN BE USED FOR NON-COMMERCIAL RESEARCH AND EDUCATION PROVIDED THAT THE FOLLOWING SOURCE IS ACKNOWLEDGED: 

Klein Tank, A.M.G. and Coauthors, 2002. Daily dataset of 20th-century surface
air temperature and precipitation series for the European Climate Assessment.
Int. J. of Climatol., 22, 1441-1453.
Data and metadata available at http://www.ecad.eu

FILE FORMAT (MISSING VALUE CODE = -999999):

THIS FILE HOLDS DATA FOR STATION GEORGIA                                  POTI                                     (STAID:  20224)
LATITUDE: dd:mm:ss +42:07:59
LONGITUDE: ddd:mm:ss +041:40:59
ELEVATION: m    3

DATA IS FOR INDEX Days with TN > 90th percentile of daily min temp (warm nights) (TN90p) with unit 0.01 No of days

01-06 SOUID: Source identifier
08-11 YEAR : YYYY
13-20 ANNUAL DATA VALUES
21-28 WINTER HALF YEAR DATA VALUES
29-36 SUMMER HALF YEAR DATA VALUES
37-44 WINTER (DJF) DATA VALUES
45-52 SPRING (MAM) DATA VALUES
53-60 SUMMER (JJA) DATA VALUES
61-68 AUTUMN (SON) DATA VALUES
69-76 JANUARY DATA VALUES
etc. 
157-164 DECEMBER DATA VALUES

20224  1956 2100    -999999 1500    -999999 400     1000    200     200     100     0       400     0       200     0       800     100     100     0       200     
20224  1957 3900    500     2500    400     700     900     1800    0       200     0       400     300     200     100     600     900     600     300     300     
20224  1958 3400    2300    1900    1100    1600    400     500     700     100     300     500     800     200     100     100     200     100     200     100     
20224  1959 2600    1000    1100    700     300     800     600     600     0       0       300     0       100     500     200     0       0       600     300     
20224  1960 3800    2300    1000    1500    400     500     1300    700     500     200     100     100     200     300     0       300     400     600     400     
20224  1961 4000    2100    2000    1000    1000    1100    500     100     500     100     400     500     900     0       200     0       200     300     800     
20224  1962 6300    3100    2600    1600    1200    1900    1700    200     600     1000    0       200     500     800     600     500     700     500     700     
20224  1963 4600    3900    1800    2500    700     700     900     700     1100    200     100     400     0       500     200     600     100     200     500     
20224  1964 2200    1300    800     700     500     500     700     0       200     300     200     0       500     0       0       100     200     400     300     
20224  1965 2700    1600    1300    700     700     800     200     400     0       300     300     100     300     400     100     100     0       100     600     
20224  1966 9400    5000    3200    3800    2200    1900    1300    2200    1000    1100    800     300     600     600     700     200     400     700     800     
20224  1967 2400    2300    700     1200    400     100     1400    300     100     0       0       400     0       100     0       200     600     600     100     
20224  1968 4800    1900    2400    600     1600    300     1900    200     300     100     200     1300    0       200     100     600     400     900     500     
20224  1969 2800    2000    1500    600     400     900     700     100     0       100     300     0       500     100     300     300     200     200     700     
20224  1970 4900    3600    1800    2300    1900    600     700     900     700     900     400     600     100     300     200     200     200     300     100     
20224  1971 4100    1900    2500    900     1100    1100    1000    500     300     500     0       600     200     600     300     800     0       200     100     
20224  1972 5700    500     3900    200     1300    2200    2100    0       100     100     800     400     700     900     600     500     1600    0       0       
20224  1973 2600    2400    900     800     400     500     800     200     600     0       200     200     300     100     100     0       700     100     100     
20224  1974 2000    900     800     100     100     600     1100    0       0       0       0       100     200     200     200     100     900     100     200     
20224  1975 4400    1700    3600    300     1500    2300    500     100     0       400     700     400     1200    600     500     200     0       300     0       
20224  1976 1700    600     1000    300     400     400     300     200     100     0       300     100     100     200     100     200     100     0       300     
20224  1977 2500    1300    1400    1100    600     500     600     0       800     100     400     100     0       0       500     400     0       200     0       
20224  1978 2700    1600    1000    900     800     600     400     300     600     500     200     100     200     400     0       100     300     0       0       
20224  1979 6600    2100    3400    1000    2500    1300    1800    500     500     800     600     1100    300     100     900     400     500     900     0       
20224  1980 2700    2100    1300    300     600     1100    400     200     100     400     200     0       400     600     100     0       0       400     300     
20224  1981 6400    2400    2000    1600    500     1400    1800    1100    200     400     100     0       300     800     300     500     1200    100     1400    
20224  1982 2100    3200    1300    1700    900     500     200     300     0       200     500     200     100     0       400     100     100     0       200     
20224  1983 3300    700     1900    200     1200    1100    600     0       0       400     400     400     0       1000    100     0       200     400     400     
20224  1984 3200    2200    1700    900     1300    100     1300    400     100     700     400     200     100     0       0       1000    200     100     0       
20224  1985 3900    900     2200    400     1200    1100    1100    400     0       200     200     800     200     0       900     100     200     800     100     
20224  1986 5400    1900    4200    800     500     2500    1600    200     500     100     300     100     400     400     1700    1300    100     200     100     
20224  1987 -999999 900     -999999 500     400     -999999 400     200     200     100     200     100     400     -999999 300     0       200     200     300     
20224  1988 2500    1500    1200    700     700     600     500     100     300     400     200     100     100     200     300     300     100     100     300     
20224  1989 3400    700     2400    500     1100    800     1200    0       200     0       500     600     200     200     400     500     300     400     100     
20224  1990 3300    1000    1700    200     600     800     1300    0       100     100     500     0       300     500     0       400     300     600     500     
20224  1991 3800    1500    2500    500     800     1700    1100    0       0       100     500     200     800     500     400     100     800     200     200     
20224  1992 -999999 1600    -999999 300     600     -999999 1500    0       100     300     300     0       -999999 -999999 -999999 600     500     400     0       
20224  1993 -999999 -999999 -999999 -999999 -999999 -999999 400     -999999 -999999 -999999 -999999 -999999 -999999 -999999 0       200     200     0       400     
20224  1994 -999999 1200    -999999 800     -999999 -999999 -999999 300     100     200     -999999 -999999 -999999 -999999 -999999 -999999 -999999 -999999 -999999 
20224  1995 -999999 -999999 -999999 -999999 -999999 -999999 -999999 -999999 -999999 -999999 -999999 -999999 -999999 -999999 -999999 -999999 -999999 -999999 -999999 
20224  1996 -999999 -999999 -999999 -999999 -999999 -999999 -999999 -999999 -999999 -999999 -999999 -999999 -999999 -999999 -999999 -999999 -999999 -999999 -999999 
20224  1997 4200    -999999 2000    -999999 700     1300    1200    500     100     0       300     400     600     200     500     0       1000    200     400     
20224  1998 8500    2100    5600    600     2200    2400    2900    100     100     300     900     1000    1200    600     600     1300    1100    500     800     
20224  1999 8400    4100    5400    1800    1400    4300    1400    500     500     700     200     500     1100    1500    1700    400     1000    0       300     
20224  2000 6000    1700    4700    700     1700    2500    1100    200     200     0       1300    400     900     600     1000    500     500     100     300     
20224  2001 8400    2700    4800    1300    1300    3400    2100    500     500     800     300     200     200     1500    1700    900     700     500     600     
20224  2002 6100    3000    3300    1100    1200    1800    2500    100     400     700     100     400     600     700     500     1000    1100    400     100     
20224  2003 6000    2700    3300    1200    1200    1500    1900    700     400     0       100     1100    500     300     700     600     1200    100     300     
20224  2004 7300    3400    3500    1500    1600    1700    2600    900     300     600     400     600     600     300     800     800     1100    700     200     
20224  2005 8000    2800    5200    900     1600    3200    1400    400     300     100     800     700     300     1300    1600    500     400     500     1100    
20224  2006 6100    3000    4300    1300    1500    3000    1400    100     100     800     400     300     1000    100     1900    600     500     300     0       
20224  2007 7000    1300    5300    300     1400    3000    2300    300     0       200     0       1200    1200    300     1500    1100    1100    100     0       
20224  2008 5200    2300    3000    100     1700    1600    1400    0       100     1000    600     100     100     400     1100    700     600     100     400     
20224  2009 6300    3200    2100    2100    600     1400    2000    700     1000    400     0       200     1000    200     200     500     900     600     600     
20224  2010 12500   4300    7800    2700    800     5300    3000    1400    700     100     200     500     1900    1600    1800    1800    500     700     1300    
20224  2011 3500    2800    2500    1500    500     1800    800     200     0       100     100     300     500     800     500     300     500     0       200     
20224  2012 8600    1200    5700    700     2200    2800    2700    400     100     0       600     1600    1100    600     1100    700     1100    900     400     
20224  2013 7600    5100    4000    2100    3400    1300    1100    700     1000    1000    400     2000    600     400     300     300     200     600     100     
20224  2014 9700    2900    6200    1100    3100    3300    1600    600     400     1000    700     1400    400     1100    1800    800     400     400     700     
20224  2015 9400    3300    6600    2100    1300    3300    3400    400     1000    400     100     800     1500    200     1600    2400    900     100     0       
20224  2016 9100    3800    5700    1700    2700    3700    900     700     1000    1100    700     900     1400    500     1800    400     200     300     100     
20224  2017 -999999 -999999 4000    -999999 1700    2400    1900    -999999 200     900     300     500     300     500     1600    800     200     900     800     
20224  2018 13500   5400    8000    2300    4300    4200    2600    800     700     2000    200     2100    1500    1800    900     1500    900     200     900     
