EUROPEAN CLIMATE ASSESSMENT & DATASET (ECA&D), file created on: 20-01-2022
THESE DATA CAN BE USED FOR NON-COMMERCIAL RESEARCH AND EDUCATION PROVIDED THAT THE FOLLOWING SOURCE IS ACKNOWLEDGED: 

Klein Tank, A.M.G. and Coauthors, 2002. Daily dataset of 20th-century surface
air temperature and precipitation series for the European Climate Assessment.
Int. J. of Climatol., 22, 1441-1453.
Data and metadata available at http://www.ecad.eu

FILE FORMAT (MISSING VALUE CODE = -999999):

THIS FILE HOLDS DATA FOR STATION FINLAND                                  TUUSULA HYRYLA                           (STAID:   7028)
LATITUDE: dd:mm:ss +60:25:00
LONGITUDE: ddd:mm:ss +025:01:59
ELEVATION: m   45

DATA IS FOR INDEX Days with TN > 90th percentile of daily min temp (warm nights) (TN90p) with unit 0.01 No of days

01-06 SOUID: Source identifier
08-11 YEAR : YYYY
13-20 ANNUAL DATA VALUES
21-28 WINTER HALF YEAR DATA VALUES
29-36 SUMMER HALF YEAR DATA VALUES
37-44 WINTER (DJF) DATA VALUES
45-52 SPRING (MAM) DATA VALUES
53-60 SUMMER (JJA) DATA VALUES
61-68 AUTUMN (SON) DATA VALUES
69-76 JANUARY DATA VALUES
etc. 
157-164 DECEMBER DATA VALUES

7028   1959 3500    -999999 2800    -999999 1000    1800    500     100     100     200     200     600     300     600     900     200     100     200     0       
7028   1960 2700    400     1700    100     300     1400    100     100     0       0       100     200     400     800     200     0       0       100     800     
7028   1961 4900    3100    1300    2400    800     1000    1400    400     1200    600     100     100     800     100     100     100     1100    200     100     
7028   1962 2500    2300    600     1000    600     0       800     700     200     0       400     200     0       0       0       0       400     400     200     
7028   1963 2200    1000    1900    200     800     600     600     0       0       0       200     600     200     100     300     500     100     0       200     
7028   1964 2300    900     800     800     200     500     600     600     0       0       200     0       100     200     200     100     300     200     400     
7028   1965 3600    1800    2300    1100    500     900     1500    700     0       200     300     0       200     0       700     1100    300     100     0       
7028   1966 2100    400     1300    0       300     1000    700     0       0       0       200     100     300     500     200     0       400     300     100     
7028   1967 5100    1800    2500    200     1700    1000    2300    0       100     900     500     300     100     400     500     700     1200    400     0       
7028   1968 3200    2300    2300    0       1100    1300    700     0       0       700     100     300     700     0       600     600     0       100     100     
7028   1969 1400    200     900     100     200     300     900     0       0       0       0       200     200     0       100     400     0       500     0       
7028   1970 2000    600     1400    0       100     1000    700     0       0       100     0       0       100     400     500     400     0       300     200     
7028   1971 3400    2000    1400    1500    700     900     300     1100    200     200     100     400     100     300     500     0       0       300     200     
7028   1972 6000    800     3500    500     700     2500    600     0       300     0       300     400     300     1500    700     300     0       300     1900    
7028   1973 3600    3500    1800    2900    500     1500    200     500     500     300     0       200     600     700     200     100     0       100     400     
7028   1974 5600    2300    1600    2100    300     800     1400    400     1300    100     200     0       200     400     200     600     200     600     1400    
7028   1975 5800    3900    3200    2500    1700    1000    1600    1000    100     600     400     700     0       500     500     1100    100     400     400     
7028   1976 1200    1300    500     700     200     300     200     100     200     100     100     0       0       200     100     100     0       100     200     
7028   1977 4100    1100    1800    400     900     1300    1300    200     0       600     100     200     400     300     600     200     500     600     400     
7028   1978 1700    2400    600     600     900     400     200     200     0       700     100     100     200     100     100     0       0       200     0       
7028   1979 4100    600     2100    100     1000    1300    1200    100     0       300     300     400     300     300     700     100     500     600     500     
7028   1980 2600    1700    1900    600     800     900     500     0       100     0       700     100     500     100     300     200     300     0       300     
7028   1981 2000    800     1700    400     400     1000    500     100     0       100     200     100     400     400     200     400     100     0       0       
7028   1982 4000    800     1400    100     1300    300     1700    0       100     600     300     400     0       100     200     400     200     1100    600     
7028   1983 5900    3100    3600    1500    2400    800     1400    900     0       300     1100    1000    0       600     200     700     400     300     400     
7028   1984 4600    1200    2400    500     1700    600     1700    100     0       0       300     1400    400     0       200     100     900     700     500     
7028   1985 2800    2100    1600    500     0       1400    900     0       0       0       0       0       400     300     700     200     700     0       500     
7028   1986 4400    2100    1900    900     1300    1100    1400    400     0       500     300     500     600     500     0       0       100     1300    200     
7028   1987 1500    1900    400     300     600     0       800     0       100     200     0       400     0       0       0       0       700     100     0       
7028   1988 7000    3000    4600    2200    800     3200    800     1000    1200    0       500     300     1300    1500    400     600     100     100     0       
7028   1989 9600    4200    3900    2300    3700    1300    1800    1200    1100    1700    1600    400     700     200     400     600     500     700     500     
7028   1990 6000    4800    2100    2700    2400    600     400     500     1700    900     800     700     200     100     300     0       400     0       400     
7028   1991 4500    2400    1100    1400    900     700     1200    500     500     600     300     0       0       100     600     100     400     700     700     
7028   1992 4800    3900    2000    1300    2100    1100    300     300     300     1500    500     100     700     200     200     300     0       0       700     
7028   1993 3200    2400    1500    2000    1700    200     0       900     400     400     300     1000    0       200     0       0       0       0       0       
7028   1994 3600    500     1900    200     1200    700     700     200     0       300     800     100     0       500     200     300     300     100     800     
7028   1995 7000    3700    3000    2400    1600    1700    2100    400     1200    900     400     300     1200    100     400     600     1400    100     0       
7028   1996 2600    1500    600     0       500     100     1500    0       0       0       200     300     0       0       100     0       500     1000    500     
7028   1997 4400    3500    2500    1200    1200    2000    200     0       700     800     200     200     600     600     800     100     0       100     300     
7028   1998 4500    2100    2000    2000    500     900     900     1100    600     0       400     100     700     200     0       600     300     0       500     
7028   1999 7800    1800    5000    1200    1800    2800    2200    700     0       300     1500    0       1400    1100    300     700     600     900     300     
7028   2000 8200    3500    2600    1600    1900    1000    2400    600     700     400     1200    300     400     400     200     100     1100    1200    1600    
7028   2001 7700    4900    5500    2300    1600    3100    2200    400     300     300     1000    300     500     2000    600     1100    1100    0       100     
7028   2002 7200    3700    4700    2000    2100    2600    600     700     1200    600     600     900     600     1100    900     600     0       0       0       
7028   2003 5300    700     3100    200     900     2200    1200    200     0       500     300     100     0       1500    700     500     0       700     800     
7028   2004 5900    2100    4200    900     1600    2000    1500    0       100     500     400     700     0       700     1300    1100    300     100     700     
7028   2005 6200    1800    3500    1400    1000    1700    2700    700     0       0       500     500     200     800     700     800     800     1100    100     
7028   2006 8100    2200    4500    300     700     2600    3000    200     0       0       100     600     600     700     1300    1200    700     1100    1600    
7028   2007 10000   5700    5200    2400    3500    2400    1700    700     100     1500    1100    900     400     700     1300    800     800     100     1600    
7028   2008 9400    5700    4000    4100    2500    2200    1300    1200    1300    700     1000    800     400     800     1000    0       500     800     900     
7028   2009 6200    2700    3800    1400    1200    1600    2500    400     100     0       700     500     700     400     500     1000    100     1400    400     
7028   2010 7200    2300    6400    500     2400    3500    1200    0       100     300     900     1200    100     2200    1200    800     100     300     0       
7028   2011 10100   1200    6300    500     1300    4200    2700    400     100     300     700     300     900     2100    1200    1100    600     1000    1400    
7028   2012 6800    4000    4300    1700    2100    2000    2300    200     100     700     800     600     100     1400    500     900     400     1000    100     
7028   2013 8400    1900    5100    500     2000    2600    1700    300     100     0       400     1600    1300    700     600     500     600     600     1700    
7028   2014 10300   6400    5100    4300    2500    3300    1400    1000    1600    900     600     1000    600     1700    1000    200     500     700     500     
7028   2015 8400    4600    2400    2500    2100    500     2400    600     1400    900     1000    200     0       200     300     700     100     1600    1400    
7028   2016 9100    5400    5600    2800    3100    2900    1000    300     1100    900     800     1400    900     1200    800     500     100     400     700     
7028   2017 4800    2800    2300    1500    1500    1200    600     300     500     800     400     300     200     100     900     400     0       200     700     
7028   2018 10300   1900    7700    1500    2500    4000    2900    800     0       200     1200    1100    700     2100    1200    1400    800     700     100     
7028   2019 9200    3300    4800    1000    2000    2800    1900    0       900     800     700     500     1100    800     900     800     400     700     1600    
7028   2020 12400   7600    4500    5000    2400    2400    3300    1800    1600    1500    700     200     1600    400     400     1200    1000    1100    900     
7028   2021 7100    4300    4100    1600    1800    2800    1600    300     400     600     500     700     1100    1200    500     100     1000    500     200     
