EUROPEAN CLIMATE ASSESSMENT & DATASET (ECA&D), file created on: 20-01-2022
THESE DATA CAN BE USED FOR NON-COMMERCIAL RESEARCH AND EDUCATION PROVIDED THAT THE FOLLOWING SOURCE IS ACKNOWLEDGED: 

Klein Tank, A.M.G. and Coauthors, 2002. Daily dataset of 20th-century surface
air temperature and precipitation series for the European Climate Assessment.
Int. J. of Climatol., 22, 1441-1453.
Data and metadata available at http://www.ecad.eu

FILE FORMAT (MISSING VALUE CODE = -999999):

THIS FILE HOLDS DATA FOR STATION ITALY                                    CATANIA/FONTANAROSSA                     (STAID:   2104)
LATITUDE: dd:mm:ss +37:28:12
LONGITUDE: ddd:mm:ss +015:03:00
ELEVATION: m   11

DATA IS FOR INDEX Days with TN > 90th percentile of daily min temp (warm nights) (TN90p) with unit 0.01 No of days

01-06 SOUID: Source identifier
08-11 YEAR : YYYY
13-20 ANNUAL DATA VALUES
21-28 WINTER HALF YEAR DATA VALUES
29-36 SUMMER HALF YEAR DATA VALUES
37-44 WINTER (DJF) DATA VALUES
45-52 SPRING (MAM) DATA VALUES
53-60 SUMMER (JJA) DATA VALUES
61-68 AUTUMN (SON) DATA VALUES
69-76 JANUARY DATA VALUES
etc. 
157-164 DECEMBER DATA VALUES

2104   1951 3200    -999999 2000    -999999 1100    900     600     200     400     400     400     300     300     400     200     400     0       200     0       
2104   1952 5400    500     3700    300     1300    1600    1900    100     200     0       700     600     800     400     400     800     700     400     300     
2104   1953 2800    1600    1400    400     400     1000    800     100     0       100     100     200     600     200     200     100     600     100     500     
2104   1954 2500    2000    1100    900     900     400     700     0       400     400     300     200     200     100     100     200     0       500     100     
2104   1955 5200    3400    1400    2600    800     600     800     1500    1000    300     300     200     200     200     200     300     300     200     500     
2104   1956 2900    2300    1500    1300    1000    400     700     600     200     500     500     0       100     100     200     600     0       100     0       
2104   1957 3100    500     1100    400     500     300     1400    200     200     0       300     200     300     0       0       300     600     500     500     
2104   1958 4800    2900    1700    1100    1000    1100    1600    300     300     700     0       300     600     100     400     300     400     900     500     
2104   1959 5000    3100    2300    1300    1000    600     2200    400     400     500     100     400     100     100     400     1200    200     800     400     
2104   1960 5000    3100    1900    1500    1100    1200    900     600     500     600     100     400     600     300     300     200     500     200     700     
2104   1961 4800    2100    2900    1300    1300    1300    1200    400     200     100     600     600     800     400     100     400     200     600     400     
2104   1962 3100    2500    900     1000    1300    0       1100    200     400     700     500     100     0       0       0       300     500     300     100     
2104   1963 4200    2100    1800    800     1100    700     900     500     200     500     300     300     100     300     300     500     100     300     800     
2104   1964 3400    2800    800     1800    1100    300     700     400     600     600     200     300     100     0       200     0       300     400     300     
2104   1965 2600    1600    1400    600     400     900     500     200     100     300     100     0       100     700     100     400     0       100     500     
2104   1966 2100    1300    1000    1000    800     300     500     200     300     200     400     200     200     100     0       100     400     0       0       
2104   1967 2100    800     800     400     500     100     1100    0       400     0       200     300     0       0       100     200     300     600     0       
2104   1968 3100    1600    1700    700     600     900     500     100     600     0       500     100     500     0       400     200     0       300     400     
2104   1969 3700    1900    1600    600     1700    500     1200    0       200     1000    400     300     200     0       300     400     400     400     100     
2104   1970 2300    2000    800     1000    500     500     100     600     300     200     200     100     300     0       200     0       100     0       300     
2104   1971 2100    1000    1200    700     800     300     500     100     300     200     100     500     0       100     200     300     0       200     100     
2104   1972 2900    1400    900     800     700     300     300     100     600     400     100     200     200     0       100     300     0       0       900     
2104   1973 3300    1800    1900    1600    600     1100    400     700     0       200     0       400     700     200     200     400     0       0       500     
2104   1974 1400    1400    500     600     1100    100     100     0       100     800     200     100     100     0       0       100     0       0       0       
2104   1975 1800    700     800     300     900     200     200     0       300     400     100     400     100     100     0       100     0       100     200     
2104   1976 2000    800     900     600     700     300     0       100     300     100     100     500     200     100     0       0       0       0       600     
2104   1977 2200    2200    400     1700    800     0       300     800     300     500     100     200     0       0       0       100     0       200     0       
2104   1978 1200    800     500     500     400     100     100     200     300     100     200     100     0       100     0       100     0       0       100     
2104   1979 2400    1300    700     1000    400     600     400     400     500     300     100     0       300     300     0       0       400     0       100     
2104   1980 2400    1800    100     700     700     100     800     200     400     700     0       0       0       0       100     0       300     500     200     
2104   1981 4200    1600    2600    300     1200    1600    900     0       100     500     0       700     900     500     200     300     600     0       400     
2104   1982 8300    2600    4700    1800    1300    3100    2200    1200    200     200     500     600     1000    1000    1100    500     800     900     300     
2104   1983 2700    2500    1600    300     1200    700     700     0       0       500     500     200     0       100     600     200     100     400     100     
2104   1984 2900    1000    1100    400     700     400     800     100     200     100     200     400     100     200     100     100     300     400     700     
2104   1985 3900    2200    2300    1100    1100    1300    1100    200     200     400     400     300     800     400     100     300     400     400     0       
2104   1986 3300    1200    1500    300     500     900     1300    300     0       100     0       400     100     100     700     200     300     800     300     
2104   1987 7800    2600    4000    1400    300     3000    2700    500     600     100     100     100     300     1200    1500    800     1500    400     700     
2104   1988 8900    3900    6100    1400    2300    4100    1600    500     200     600     1100    600     1000    1700    1400    300     600     700     200     
2104   1989 4700    1800    2800    300     800     1300    1500    0       100     200     500     100     0       600     700     900     400     200     1000    
2104   1990 10300   3700    5600    2800    2600    2200    3500    900     900     300     1200    1100    900     700     600     1100    1500    900     200     
2104   1991 3700    4300    1400    900     1500    400     700     500     200     1000    200     300     100     300     0       500     100     100     400     
2104   1992 3900    2000    1000    1400    1200    100     900     700     300     400     300     500     100     0       0       100     300     500     700     
2104   1993 3900    2200    1700    1200    700     600     1900    300     200     200     300     200     100     100     400     600     700     600     -999999 
2104   1994 -999999 -999999 -999999 -999999 -999999 800     -999999 600     500     200     400     700     200     0       600     600     700     200     0       
2104   1995 4700    -999999 1900    800     1400    800     500     400     400     500     300     600     0       600     200     200     0       300     1200    
2104   1996 5700    3900    2300    2800    1800    1100    800     1000    600     800     600     400     600     0       500     200     300     300     400     
2104   1997 6500    2700    3500    1800    1100    1900    1700    900     500     300     100     700     1300    200     400     800     400     500     400     
2104   1998 4600    2100    3000    1100    1600    1200    900     400     300     100     800     700     600     400     200     300     600     0       200     
2104   1999 8000    -999999 5200    -999999 1600    3100    2000    500     -999999 200     400     1000    1000    700     1400    700     600     700     800     
2104   2000 5400    2700    3500    1200    2400    900     1200    200     200     200     1000    1200    600     200     100     400     400     400     500     
2104   2001 5900    3400    2700    1500    2500    1100    1200    800     200     1100    400     1000    600     400     100     200     600     400     100     
2104   2002 8000    2600    4900    900     2300    2900    1600    0       800     700     500     1100    1200    1000    700     400     300     900     400     
2104   2003 8600    2700    4600    1400    1300    3000    2600    800     200     100     700     500     1200    1200    600     400     1000    1200    700     
2104   2004 6500    4400    2500    1700    1600    1300    1300    500     500     500     700     400     300     300     700     100     800     400     1300    
2104   2005 4000    2800    2200    1400    1100    1100    1200    0       100     200     400     500     600     300     200     200     600     400     500     
2104   2006 -999999 -999999 -999999 -999999 -999999 -999999 -999999 700     -999999 -999999 -999999 -999999 -999999 -999999 -999999 -999999 -999999 -999999 -999999 
