EUROPEAN CLIMATE ASSESSMENT & DATASET (ECA&D), file created on: 20-01-2022
THESE DATA CAN BE USED FOR NON-COMMERCIAL RESEARCH AND EDUCATION PROVIDED THAT THE FOLLOWING SOURCE IS ACKNOWLEDGED: 

Klein Tank, A.M.G. and Coauthors, 2002. Daily dataset of 20th-century surface
air temperature and precipitation series for the European Climate Assessment.
Int. J. of Climatol., 22, 1441-1453.
Data and metadata available at http://www.ecad.eu

FILE FORMAT (MISSING VALUE CODE = -999999):

THIS FILE HOLDS DATA FOR STATION ESTONIA                                  KARDLA                                   (STAID:  11352)
LATITUDE: dd:mm:ss +58:59:35
LONGITUDE: ddd:mm:ss +024:49:18
ELEVATION: m    3

DATA IS FOR INDEX Days with TN > 90th percentile of daily min temp (warm nights) (TN90p) with unit 0.01 No of days

01-06 SOUID: Source identifier
08-11 YEAR : YYYY
13-20 ANNUAL DATA VALUES
21-28 WINTER HALF YEAR DATA VALUES
29-36 SUMMER HALF YEAR DATA VALUES
37-44 WINTER (DJF) DATA VALUES
45-52 SPRING (MAM) DATA VALUES
53-60 SUMMER (JJA) DATA VALUES
61-68 AUTUMN (SON) DATA VALUES
69-76 JANUARY DATA VALUES
etc. 
157-164 DECEMBER DATA VALUES

11352  1963 -999999 -999999 -999999 -999999 -999999 -999999 1300    -999999 -999999 -999999 -999999 -999999 -999999 -999999 -999999 1100    100     100     300     
11352  1964 3500    1100    1800    900     500     1100    800     600     0       0       300     200     500     100     500     200     300     300     500     
11352  1965 3300    1500    2200    700     900     800     1400    200     0       200     700     0       200     100     500     700     600     100     0       
11352  1966 1800    900     1100    100     300     900     500     0       100     100     0       200     600     300     0       0       500     0       0       
11352  1967 4900    1600    1600    100     1500    400     2700    0       100     1000    300     200     0       100     300     700     1500    500     200     
11352  1968 3600    2900    2500    200     1400    1200    1000    0       0       700     500     200     500     0       700     600     100     300     0       
11352  1969 1200    400     800     0       100     200     900     0       0       0       0       100     0       100     100     500     300     100     0       
11352  1970 1800    500     1000    0       100     800     400     0       0       100     0       0       200     200     400     200     0       200     500     
11352  1971 3700    2000    1600    1800    900     700     500     1000    300     0       400     500     0       500     200     0       200     300     300     
11352  1972 6500    1000    4100    500     500     3400    400     0       200     0       400     100     1000    1500    900     200     0       200     2000    
11352  1973 4800    4000    2600    3200    1200    2000    100     500     700     600     200     400     900     1100    0       0       0       100     300     
11352  1974 3500    1500    800     1300    400     200     1200    0       1000    100     300     0       0       200     0       300     100     800     700     
11352  1975 7500    3700    4500    2300    1700    2100    1500    1300    300     500     200     1000    300     700     1100    1200    200     100     600     
11352  1976 1600    1400    1000    900     400     700     200     0       300     200     200     0       0       400     300     100     0       100     0       
11352  1977 3200    800     1000    100     900     600     1300    0       100     600     100     200     400     0       200     100     900     300     300     
11352  1978 1800    2000    800     400     700     500     500     100     0       400     100     200     400     0       100     0       0       500     0       
11352  1979 2400    600     1200    0       800     500     700     0       0       100     0       700     300     0       200     0       300     400     400     
11352  1980 2000    1200    1200    500     400     500     800     100     0       0       200     200     300     0       200     300     300     200     200     
11352  1981 1600    1000    1200    400     400     600     400     100     100     100     100     200     200     300     100     300     100     0       0       
11352  1982 4000    800     1200    200     1000    300     2000    100     100     500     300     200     0       100     200     400     200     1400    500     
11352  1983 6000    3700    3200    1900    1900    1000    1500    1400    0       200     900     800     200     600     200     500     400     600     200     
11352  1984 5400    1600    3200    600     1800    1200    1500    300     100     0       500     1300    500     100     600     200     800     500     500     
11352  1985 1900    1800    1000    500     200     800     500     0       0       0       0       200     0       200     600     0       500     0       400     
11352  1986 3600    1100    1800    500     800     1100    1400    100     0       100     400     300     700     200     200     0       200     1200    200     
11352  1987 1200    1700    300     300     300     0       600     0       100     0       100     200     0       0       0       0       500     100     200     
11352  1988 5100    2400    3100    1800    800     1900    600     700     900     0       400     400     700     1000    200     400     200     0       200     
11352  1989 9900    5600    3300    3600    3400    1100    1700    1700    1700    1800    1100    500     400     600     100     600     600     500     300     
11352  1990 7100    5400    2500    2800    3200    800     300     500     2000    1500    800     900     200     0       600     0       300     0       300     
11352  1991 5400    2400    1600    1400    1300    800     1400    700     400     700     600     0       0       200     600     200     400     800     800     
11352  1992 7000    5500    2700    2800    2800    1000    400     1200    800     1500    700     600     300     300     400     400     0       0       800     
11352  1993 4900    3300    2200    2600    2600    300     200     1000    800     700     700     1200    100     200     0       0       200     0       0       
11352  1994 4500    1000    2400    400     1500    1200    600     400     0       400     1100    0       0       700     500     100     0       500     800     
11352  1995 6200    3300    3000    2300    1200    1900    1500    100     1400    500     300     400     1500    200     200     400     700     400     100     
11352  1996 3000    1200    1500    100     400     1000    1300    0       0       0       300     100     200     0       800     100     400     800     300     
11352  1997 6100    3500    3600    1400    1500    2400    1000    300     800     900     200     400     400     800     1200    600     200     200     100     
11352  1998 5200    2400    2500    1900    1500    600     700     900     900     100     1000    400     500     100     0       500     200     0       600     
11352  1999 7600    2200    4700    1500    1900    2400    2200    700     200     500     1100    300     1200    800     400     900     500     800     200     
