EUROPEAN CLIMATE ASSESSMENT & DATASET (ECA&D), file created on: 20-01-2022
THESE DATA CAN BE USED FOR NON-COMMERCIAL RESEARCH AND EDUCATION PROVIDED THAT THE FOLLOWING SOURCE IS ACKNOWLEDGED: 

Klein Tank, A.M.G. and Coauthors, 2002. Daily dataset of 20th-century surface
air temperature and precipitation series for the European Climate Assessment.
Int. J. of Climatol., 22, 1441-1453.
Data and metadata available at http://www.ecad.eu

FILE FORMAT (MISSING VALUE CODE = -999999):

THIS FILE HOLDS DATA FOR STATION UNITED KINGDOM                           CARNWATH                                 (STAID:   1877)
LATITUDE: dd:mm:ss +55:42:00
LONGITUDE: ddd:mm:ss -003:37:59
ELEVATION: m  208

DATA IS FOR INDEX Days with TN > 90th percentile of daily min temp (warm nights) (TN90p) with unit 0.01 No of days

01-06 SOUID: Source identifier
08-11 YEAR : YYYY
13-20 ANNUAL DATA VALUES
21-28 WINTER HALF YEAR DATA VALUES
29-36 SUMMER HALF YEAR DATA VALUES
37-44 WINTER (DJF) DATA VALUES
45-52 SPRING (MAM) DATA VALUES
53-60 SUMMER (JJA) DATA VALUES
61-68 AUTUMN (SON) DATA VALUES
69-76 JANUARY DATA VALUES
etc. 
157-164 DECEMBER DATA VALUES

1877   1960 4000    -999999 3000    -999999 1900    1100    700     0       300     300     800     800     800     100     200     300     100     300     0       
1877   1961 5400    3100    -999999 1100    -999999 400     1100    0       1100    1600    -999999 300     200     100     100     700     100     300     100     
1877   1962 1800    900     700     500     400     100     900     200     200     0       100     300     100     0       0       200     300     400     0       
1877   1963 2200    1000    1200    0       900     400     900     0       0       300     600     0       100     0       300     200     400     300     0       
1877   1964 4600    1500    2900    800     1300    1200    1200    300     500     0       700     600     300     400     500     400     200     600     100     
1877   1965 2300    1400    1400    400     700     600     600     300     0       200     300     200     600     0       0       300     300     0       100     
1877   1966 3400    1800    1600    900     800     1000    700     400     400     600     100     100     600     100     300     400     200     100     100     
1877   1967 2900    1700    1000    900     800     600     300     500     300     500     300     0       200     200     200     100     0       200     400     
1877   1968 3500    1500    1300    1000    700     500     1400    600     0       300     300     100     100     200     200     400     600     400     300     
1877   1969 3400    1800    2000    800     400     1400    1100    500     0       0       200     200     100     500     800     200     800     100     0       
1877   1970 2700    1100    2300    100     1200    1000    300     100     0       100     300     800     400     200     400     200     100     0       100     
1877   1971 4400    1400    800     1000    500     400     1400    500     400     300     0       200     0       300     100     200     800     400     1200    
1877   1972 2600    3000    1300    1600    1200    300     300     300     100     200     700     300     0       300     0       0       200     100     400     
1877   1973 3700    1600    2300    1000    700     1300    900     200     400     300     0       400     700     400     200     600     300     0       200     
1877   1974 2900    -999999 1200    -999999 400     600     200     700     400     0       0       400     200     100     300     200     0       0       600     
1877   1975 5200    1400    2800    1400    900     1900    900     800     0       0       900     0       400     600     900     0       700     200     700     
1877   1976 5700    3100    3700    2100    1400    1700    1200    800     600     100     800     500     800     900     0       700     300     200     0       
1877   1977 3100    1000    1500    100     800     800     1000    100     0       400     400     0       0       300     500     300     700     0       400     
1877   1978 4100    1700    1500    800     800     600     2200    200     200     200     200     400     300     0       300     300     700     1200    100     
1877   1979 3000    -999999 1800    -999999 500     1000    1000    0       100     0       100     400     500     400     100     300     400     300     400     
1877   1980 4200    1700    2200    1000    100     1500    1300    0       600     0       0       100     300     600     600     600     100     600     700     
1877   1981 4600    -999999 2700    -999999 1800    1200    700     600     300     700     300     800     400     300     500     400     0       300     0       
1877   1982 4000    -999999 2300    -999999 700     1300    900     500     500     0       500     200     500     200     600     300     100     500     100     
1877   1983 4600    -999999 2100    -999999 900     1500    1200    700     0       800     0       100     100     900     500     500     100     600     300     
1877   1984 3500    1300    2200    600     300     1500    1200    100     200     0       100     200     500     700     300     400     200     600     200     
1877   1985 4000    1400    2300    500     1300    900     900     0       300     100     700     500     200     600     100     200     700     0       600     
1877   1986 2400    1300    1700    600     700     800     700     0       0       0       0       700     300     500     0       200     100     400     200     
1877   1987 2900    1100    1200    500     300     1000    500     100     200     100     200     0       200     200     600     0       0       500     800     
1877   1988 4200    2000    1600    1300    600     800     1200    300     200     200     300     100     500     100     200     400     700     100     1100    
1877   1989 4900    3600    2700    2600    1300    1300    700     900     600     200     200     900     300     500     500     300     200     200     100     
1877   1990 4900    2500    2200    1100    1500    1500    900     500     500     1000    200     300     300     300     900     200     400     300     0       
1877   1991 4900    1500    3200    100     1700    2000    900     0       100     700     400     600     200     1200    600     200     300     400     200     
1877   1992 4700    2300    3200    1000    2300    1500    0       100     700     600     500     1200    700     700     100     0       0       0       100     
1877   1993 3700    -999999 2000    -999999 1700    900     100     0       900     700     700     300     600     300     0       100     0       0       100     
1877   1994 3600    300     1700    200     600     1200    1600    100     0       100     300     200     300     500     400     0       200     1400    100     
1877   1995 5600    -999999 3200    -999999 1600    1500    2200    100     200     200     700     700     200     800     500     300     1300    600     0       
1877   1996 4100    -999999 1800    1100    600     900     1400    1000    100     0       500     100     200     300     400     300     700     400     100     
1877   1997 6700    2900    3000    800     2100    1600    1800    300     400     1000    700     400     200     400     1000    300     500     1000    500     
1877   1998 5500    -999999 2500    -999999 2000    1100    700     200     1300    1000    500     500     500     300     300     400     0       300     200     
1877   1999 6700    1600    4500    600     2800    1300    2200    200     200     700     900     1200    200     700     400     1100    600     500     0       
1877   2000 4500    2800    2100    600     1700    1000    700     100     500     1100    400     200     300     0       700     500     0       200     500     
1877   2001 4700    1000    2400    600     900     1400    2300    100     0       200     200     500     200     700     500     300     1400    600     0       
1877   2002 6200    3800    3700    1100    2300    1900    700     500     600     700     600     1000    600     500     800     200     0       500     200     
1877   2003 6200    -999999 4300    -999999 1900    2400    1100    400     100     400     500     1000    800     800     800     400     0       700     300     
1877   2004 7300    2200    4600    1100    2000    2700    1400    400     400     400     700     900     1000    400     1300    300     0       1100    400     
1877   2005 6600    3600    3400    1300    2300    1700    1400    700     200     1200    400     700     1000    400     300     600     500     300     300     
1877   2006 -999999 2100    3600    1000    1000    1700    -999999 300     400     300     100     600     600     800     300     1200    100     -999999 -999999 
