EUROPEAN CLIMATE ASSESSMENT & DATASET (ECA&D), file created on: 20-01-2022
THESE DATA CAN BE USED FOR NON-COMMERCIAL RESEARCH AND EDUCATION PROVIDED THAT THE FOLLOWING SOURCE IS ACKNOWLEDGED: 

Klein Tank, A.M.G. and Coauthors, 2002. Daily dataset of 20th-century surface
air temperature and precipitation series for the European Climate Assessment.
Int. J. of Climatol., 22, 1441-1453.
Data and metadata available at http://www.ecad.eu

FILE FORMAT (MISSING VALUE CODE = -999999):

THIS FILE HOLDS DATA FOR STATION GERMANY                                  WENDELSTEIN                              (STAID:   4009)
LATITUDE: dd:mm:ss +47:42:15
LONGITUDE: ddd:mm:ss +012:00:47
ELEVATION: m 1832

DATA IS FOR INDEX Days with TN > 90th percentile of daily min temp (warm nights) (TN90p) with unit 0.01 No of days

01-06 SOUID: Source identifier
08-11 YEAR : YYYY
13-20 ANNUAL DATA VALUES
21-28 WINTER HALF YEAR DATA VALUES
29-36 SUMMER HALF YEAR DATA VALUES
37-44 WINTER (DJF) DATA VALUES
45-52 SPRING (MAM) DATA VALUES
53-60 SUMMER (JJA) DATA VALUES
61-68 AUTUMN (SON) DATA VALUES
69-76 JANUARY DATA VALUES
etc. 
157-164 DECEMBER DATA VALUES

4009   1951 4700    -999999 2800    -999999 700     1400    1300    200     300     100     300     300     500     300     600     800     0       500     800     
4009   1952 3500    1500    3200    800     1800    1600    100     0       0       200     1100    500     200     800     600     0       0       100     0       
4009   1953 7900    1000    3500    200     2300    1300    2200    0       200     700     300     1300    400     300     600     600     400     1200    1900    
4009   1954 2500    3900    1400    2100    600     500     1100    0       200     200     100     300     400     0       100     500     100     500     100     
4009   1955 4100    2700    1400    1800    800     700     700     1500    200     300     300     200     400     200     100     200     0       500     200     
4009   1956 3100    1400    1800    400     1400    300     900     200     0       500     100     800     0       200     100     600     300     0       300     
4009   1957 5300    2700    2300    1200    1700    1700    800     300     600     1200    500     0       900     800     0       100     500     200     200     
4009   1958 4700    2000    2500    1300    1000    1000    1300    200     900     0       0       1000    200     100     700     500     100     700     300     
4009   1959 6200    3500    2700    1500    2600    1300    900     400     800     1200    800     600     300     600     400     0       0       900     200     
4009   1960 2800    2000    1300    1000    600     800     400     600     200     100     300     200     100     100     600     0       200     200     200     
4009   1961 6400    2100    4000    1100    1700    1500    1900    100     800     600     1000    100     600     300     600     1400    200     300     400     
4009   1962 3500    1400    2500    900     1000    1100    900     500     0       0       900     100     600     100     400     400     200     300     0       
4009   1963 1800    800     1000    100     300     800     400     100     0       200     0       100     0       400     400     100     100     200     200     
4009   1964 4000    900     3000    600     800     1600    700     100     300     0       600     200     600     600     400     600     0       100     500     
4009   1965 1100    800     700     700     0       700     100     200     0       0       0       0       400     100     200     0       0       100     100     
4009   1966 3900    800     2600    700     1000    1200    1100    200     400     0       200     800     800     0       400     400     400     300     0       
4009   1967 4400    1700    2200    500     1200    1200    1400    300     200     500     100     600     500     500     200     300     500     600     100     
4009   1968 2700    1800    1300    100     1700    200     700     0       0       600     900     200     0       100     100     0       100     600     100     
4009   1969 3500    1400    2200    500     1700    600     800     400     0       200     500     1000    0       600     0       100     600     100     0       
4009   1970 2900    1300    1100    600     200     700     1200    600     0       0       200     0       300     200     200     200     400     600     200     
4009   1971 3600    2000    1900    900     900     1000    300     500     200     100     300     500     0       600     400     100     200     0       700     
4009   1972 4800    3100    1600    1900    1300    1200    300     400     800     1000    200     100     100     600     500     100     0       200     800     
4009   1973 4100    2000    2200    1500    700     1200    1000    600     100     300     0       400     300     200     700     600     300     100     500     
4009   1974 3700    3200    1200    1700    1200    600     700     800     400     1100    100     0       0       200     400     500     0       200     0       
4009   1975 3900    1600    1700    1000    900     600     1100    600     400     400     100     400     400     200     0       600     500     0       300     
4009   1976 4300    1700    2600    1100    1000    1400    600     200     600     100     400     500     600     800     0       300     200     100     500     
4009   1977 4700    2800    1000    1200    1700    600     1000    600     100     1300    0       400     400     0       200     0       700     300     700     
4009   1978 3100    3100    400     1400    700     300     1100    400     300     700     0       0       200     0       100     100     400     600     300     
4009   1979 2800    1700    1400    500     800     500     700     100     100     200     0       600     500     0       0       300     200     200     600     
4009   1980 2000    1200    800     800     100     500     1100    100     100     0       100     0       200     100     200     200     100     800     100     
4009   1981 3800    1500    3000    200     2000    1100    600     0       100     400     1000    600     800     0       300     300     0       300     0       
4009   1982 4600    1300    2200    900     600     1200    1600    600     300     100     100     400     700     400     100     500     400     700     300     
4009   1983 5800    2700    3300    1200    1000    2300    1200    900     0       400     400     200     400     1000    900     400     100     700     400     
4009   1984 2900    1300    900     500     100     700     1500    100     0       0       100     0       100     400     200     100     200     1200    500     
4009   1985 2900    2300    1600    900     500     900     600     200     200     0       200     300     100     400     400     200     400     0       500     
4009   1986 4000    900     2700    500     1400    1300    800     0       0       0       500     900     900     100     300     0       400     400     500     
4009   1987 3000    1400    2100    600     500     900     1100    0       100     0       300     200     200     500     200     700     400     0       400     
4009   1988 3200    1500    1400    1100    400     900     1100    500     200     0       0       400     0       500     400     100     800     200     100     
4009   1989 6700    4000    1900    2100    1700    900     1500    1000    1000    900     400     400     0       400     500     200     800     500     600     
4009   1990 4500    4200    1300    1800    1500    800     900     200     1000    1100    200     200     0       200     600     100     800     0       100     
4009   1991 4600    3300    1400    1200    1400    900     900     500     600     1300    100     0       0       600     300     400     100     400     300     
4009   1992 4300    1800    2800    1100    1100    1800    300     600     200     200     200     700     100     500     1200    100     0       200     300     
4009   1993 6300    2800    3200    2300    2200    900     800     800     1200    300     900     1000    600     100     200     400     100     300     400     
4009   1994 5900    1900    3700    1100    800     3000    1300    400     300     400     200     200     700     1400    900     300     100     900     100     
4009   1995 4000    1600    2300    500     1100    1300    1000    200     200     100     500     500     100     800     400     0       800     200     200     
4009   1996 3900    2400    1500    1200    900     800     500     900     100     200     400     300     800     0       0       0       0       500     700     
4009   1997 5000    3700    1800    2400    1200    800     1200    1100    600     800     0       400     300     0       500     600     300     300     100     
4009   1998 4700    2700    2400    1700    1400    1200    200     600     1000    400     300     700     300     300     600     200     0       0       300     
4009   1999 4200    1900    2300    1400    1500    700     900     1000    100     500     100     900     0       300     400     600     100     200     0       
4009   2000 5100    600     3700    200     1900    1600    800     0       200     100     800     1000    1100    0       500     300     200     300     600     
4009   2001 4300    2100    2300    1300    1400    1200    1000    100     600     300     300     800     0       500     700     0       1000    0       0       
4009   2002 5700    3200    2600    1400    1500    1900    600     500     900     800     0       700     1100    400     400     0       0       600     300     
4009   2003 7600    1400    5500    500     1400    3900    1500    100     100     300     100     1000    1600    300     2000    500     100     900     600     
4009   2004 4600    2700    1900    1200    1100    900     1300    0       600     500     600     0       300     100     500     400     500     400     700     
4009   2005 4800    2500    2900    1000    1400    1400    1700    300     0       600     100     700     800     400     200     700     600     400     0       
4009   2006 6100    1400    3300    400     300     1900    2400    300     100     0       200     100     800     1100    0       1100    400     900     1100    
4009   2007 5800    3900    4000    2300    2500    1800    200     800     400     300     1400    800     800     600     400     0       0       200     100     
4009   2008 3300    1200    1900    1000    800     1000    500     300     600     0       100     700     700     200     100     100     0       400     100     
4009   2009 4600    1000    3200    600     1700    1500    800     100     400     0       1200    500     100     300     1100    0       200     600     100     
4009   2010 3900    1400    2400    100     1000    1900    600     0       0       500     400     100     400     1000    500     0       100     500     400     
4009   2011 7100    3000    3700    1600    2300    1500    1900    600     600     800     700     800     300     300     900     700     200     1000    200     
4009   2012 -999999 2400    -999999 300     2000    1400    -999999 0       100     900     500     600     500     300     600     -999999 -999999 -999999 -999999 
