EUROPEAN CLIMATE ASSESSMENT & DATASET (ECA&D), file created on: 20-01-2022
THESE DATA CAN BE USED FOR NON-COMMERCIAL RESEARCH AND EDUCATION PROVIDED THAT THE FOLLOWING SOURCE IS ACKNOWLEDGED: 

Klein Tank, A.M.G. and Coauthors, 2002. Daily dataset of 20th-century surface
air temperature and precipitation series for the European Climate Assessment.
Int. J. of Climatol., 22, 1441-1453.
Data and metadata available at http://www.ecad.eu

FILE FORMAT (MISSING VALUE CODE = -999999):

THIS FILE HOLDS DATA FOR STATION GERMANY                                  WEISSENBURG                              (STAID:   4750)
LATITUDE: dd:mm:ss +49:01:13
LONGITUDE: ddd:mm:ss +010:57:42
ELEVATION: m  422

DATA IS FOR INDEX Days with TN > 90th percentile of daily min temp (warm nights) (TN90p) with unit 0.01 No of days

01-06 SOUID: Source identifier
08-11 YEAR : YYYY
13-20 ANNUAL DATA VALUES
21-28 WINTER HALF YEAR DATA VALUES
29-36 SUMMER HALF YEAR DATA VALUES
37-44 WINTER (DJF) DATA VALUES
45-52 SPRING (MAM) DATA VALUES
53-60 SUMMER (JJA) DATA VALUES
61-68 AUTUMN (SON) DATA VALUES
69-76 JANUARY DATA VALUES
etc. 
157-164 DECEMBER DATA VALUES

4750   1879 2700    -999999 2100    -999999 300     1500    300     100     500     0       200     100     400     0       1100    300     0       0       0       
4750   1880 3700    1100    1300    600     1000    500     1100    100     500     500     300     200     100     300     100     300     300     500     500     
4750   1881 1700    1900    500     500     800     300     600     0       0       600     0       200     100     200     0       0       0       600     0       
4750   1882 3200    1500    1200    700     700     400     1000    100     600     200     0       500     200     200     0       300     100     600     400     
4750   1883 3100    1500    2300    800     500     1200    1000    200     200     0       0       500     200     1000    0       600     100     300     0       
4750   1884 3100    2000    1100    1400    300     1000    0       800     600     200     0       100     0       800     200     0       0       0       400     
4750   1885 3000    1200    1500    900     1000    800     600     0       500     300     500     200     600     200     0       0       100     500     100     
4750   1886 4400    1100    3300    100     1600    1300    1400    0       0       400     400     800     400     600     300     800     200     400     100     
4750   1887 2200    700     2200    100     500     900     800     0       0       0       200     300     100     500     300     800     0       0       0       
4750   1888 2400    400     1500    300     500     1100    500     300     0       100     100     300     800     0       300     0       100     400     0       
4750   1889 3300    500     3200    0       1300    1800    200     0       0       0       0       1300    1100    300     400     100     0       100     0       
4750   1890 2100    800     1300    400     900     400     400     400     0       300     100     500     100     0       300     300     0       100     0       
4750   1891 3100    700     2000    0       1300    900     600     0       0       600     0       700     500     400     0       400     200     0       300     
4750   1892 1200    600     1100    300     400     600     200     0       0       100     0       300     200     0       400     200     0       0       0       
4750   1893 1500    700     600     100     900     200     300     0       100     600     0       300     0       0       200     100     200     0       0       
4750   1894 3000    900     2000    500     500     1200    800     0       500     200     200     100     300     400     500     500     100     200     0       
4750   1895 3700    500     2300    200     700     1300    1500    200     0       0       600     100     700     300     300     300     100     1100    0       
4750   1896 2400    2100    1500    400     900     900     200     100     300     500     200     200     500     300     100     200     0       0       0       
4750   1897 3500    1300    1900    400     1100    1400    400     0       400     900     200     0       800     300     300     300     100     0       200     
4750   1898 -999999 1300    3000    900     1100    1600    -999999 400     300     300     300     500     400     100     1100    600     -999999 200     600     
4750   1899 -999999 -999999 -999999 2200    500     -999999 600     700     900     0       300     200     100     200     -999999 300     100     200     0       
4750   1900 2300    900     1100    600     100     500     900     100     500     0       100     0       200     300     0       500     300     100     200     
4750   1901 1300    700     1100    200     700     500     0       0       0       100     400     200     500     0       0       0       0       0       100     
4750   1902 1900    900     1000    700     600     400     300     600     0       200     300     100     200     100     100     200     100     0       0       
4750   1903 1500    1000    400     800     100     400     200     400     400     100     0       0       0       200     200     0       200     0       0       
4750   1904 1700    400     1300    200     900     400     100     100     100     0       400     500     200     100     100     0       100     0       100     
4750   1905 -999999 -999999 -999999 -999999 -999999 -999999 -999999 -999999 -999999 -999999 -999999 -999999 -999999 -999999 -999999 -999999 -999999 -999999 -999999 
4750   1906 -999999 -999999 -999999 -999999 -999999 -999999 -999999 -999999 -999999 -999999 -999999 -999999 -999999 -999999 -999999 -999999 -999999 -999999 -999999 
4750   1907 -999999 -999999 -999999 -999999 -999999 -999999 -999999 -999999 -999999 -999999 -999999 -999999 -999999 -999999 -999999 -999999 -999999 -999999 -999999 
4750   1908 -999999 -999999 -999999 -999999 -999999 -999999 -999999 -999999 -999999 -999999 -999999 -999999 -999999 -999999 -999999 -999999 -999999 -999999 -999999 
4750   1909 -999999 -999999 -999999 -999999 -999999 -999999 -999999 -999999 -999999 -999999 -999999 -999999 -999999 -999999 -999999 -999999 -999999 -999999 -999999 
4750   1910 -999999 -999999 -999999 -999999 -999999 -999999 -999999 -999999 -999999 -999999 -999999 -999999 -999999 -999999 -999999 -999999 -999999 -999999 -999999 
4750   1911 -999999 -999999 -999999 -999999 -999999 -999999 -999999 -999999 -999999 -999999 -999999 -999999 -999999 -999999 -999999 -999999 -999999 -999999 -999999 
4750   1912 -999999 -999999 -999999 -999999 -999999 -999999 -999999 -999999 -999999 -999999 -999999 -999999 -999999 -999999 -999999 -999999 -999999 -999999 -999999 
4750   1913 -999999 -999999 -999999 -999999 -999999 -999999 -999999 -999999 -999999 -999999 -999999 -999999 -999999 -999999 -999999 -999999 -999999 -999999 -999999 
4750   1914 -999999 -999999 -999999 -999999 -999999 -999999 -999999 -999999 -999999 -999999 -999999 -999999 -999999 -999999 -999999 -999999 -999999 -999999 -999999 
4750   1915 4600    -999999 2200    -999999 1300    1100    100     400     300     300     100     900     600     200     300     100     0       0       1400    
4750   1916 4200    3200    1300    2800    1200    500     1000    1300    100     400     200     600     0       200     300     0       500     500     100     
4750   1917 3100    1600    2300    600     700     1200    700     400     100     0       0       700     700     300     200     400     100     200     0       
4750   1918 4400    1700    1700    1200    1000    600     700     400     800     200     500     300     0       200     400     300     0       400     900     
4750   1919 3300    3000    1200    2100    700     600     600     400     800     500     100     100     300     0       300     400     0       200     200     
4750   1920 4800    2100    2300    1200    2100    800     500     800     200     700     600     800     100     600     100     100     300     100     400     
4750   1921 5200    2700    2400    2200    1100    1200    900     1700    100     100     100     900     300     800     100     200     600     100     200     
4750   1922 3800    2200    2200    900     1800    900     300     200     500     600     500     700     200     300     400     100     200     0       100     
4750   1923 4700    1500    2300    1000    1100    1200    1500    200     700     300     300     500     100     1100    0       300     1100    100     0       
4750   1924 4000    1800    2600    100     1800    800     1200    100     0       500     400     900     100     600     100     500     400     300     100     
4750   1925 4700    2300    1900    1500    800     900     1000    500     900     100     200     500     300     200     400     300     400     300     600     
4750   1926 6100    3600    2500    2300    1500    1100    1800    400     1300    600     600     300     100     800     200     500     500     800     0       
4750   1927 4900    2700    2700    800     1600    1300    1100    400     400     600     500     500     400     500     400     400     300     400     100     
4750   1928 5500    2400    2600    1700    600     1600    1600    1000    600     0       300     300     500     600     500     400     400     800     100     
4750   1929 4100    1300    2700    100     400     1700    1400    0       0       0       0       400     500     800     400     600     500     300     600     
4750   1930 5200    2100    3000    1000    1300    1600    1900    400     0       300     600     400     900     400     300     400     300     1200    0       
4750   1931 3800    1700    3300    200     1200    1900    400     200     0       0       0       1200    700     600     600     200     0       200     100     
4750   1932 4500    700     3500    500     300     1800    1900    400     0       0       0       300     200     500     1100    1400    300     200     100     
4750   1933 2800    1700    1400    800     700     800     600     0       700     400     100     200     0       500     300     300     300     0       0       
4750   1934 4200    800     2700    500     1400    900     700     300     200     0       900     500     300     300     300     400     300     0       700     
4750   1935 4100    2100    2700    1600    900     1600    700     100     800     200     300     400     700     500     400     400     200     100     0       
4750   1936 4600    1900    2500    900     1500    1300    700     400     500     700     600     200     700     300     300     400     200     100     200     
4750   1937 2100    1100    1400    500     1300    400     100     0       300     300     700     300     300     0       100     0       0       100     0       
4750   1938 2100    1400    300     900     400     300     500     900     0       400     0       0       100     0       200     0       100     400     0       
4750   1939 3900    1500    1300    900     700     100     2000    600     300     100     600     0       100     0       0       600     400     1000    200     
4750   1940 1800    2100    1000    400     900     100     600     0       200     300     400     200     0       100     0       300     100     200     0       
4750   1941 1800    1000    500     300     400     500     300     100     200     400     0       0       300     200     0       0       300     0       300     
4750   1942 1700    600     1200    300     300     200     1200    0       0       0       100     200     0       100     100     700     400     100     0       
4750   1943 1900    1000    1300    200     800     400     500     100     100     300     300     200     0       100     300     400     100     0       0       
4750   1944 2100    600     1300    500     600     700     300     400     100     0       300     300     200     0       500     0       0       300     0       
4750   1945 -999999 1000    -999999 300     -999999 -999999 -999999 0       300     400     -999999 -999999 -999999 -999999 -999999 -999999 -999999 -999999 -999999 
4750   1946 -999999 -999999 -999999 -999999 -999999 400     500     -999999 -999999 -999999 -999999 500     100     300     0       300     100     100     0       
4750   1947 4700    1000    3300    200     1400    1800    1200    200     0       600     500     300     800     600     400     700     0       500     100     
4750   1948 5000    2800    2300    1800    1600    900     800     900     800     500     600     500     400     300     200     300     200     300     0       
4750   1949 4600    1300    2900    600     1300    900     1500    400     200     200     800     300     100     200     600     900     500     100     300     
4750   1950 4200    2100    2200    1200    800     1500    900     400     500     300     100     400     200     700     600     200     400     300     100     
4750   1951 2700    1100    1500    100     800     800     1000    0       0       300     300     200     200     300     300     200     0       800     100     
4750   1952 3800    1300    3000    200     1600    1600    500     100     0       300     1100    200     300     700     600     100     300     100     0       
4750   1953 3900    900     2300    300     1200    1100    1100    100     200     200     400     600     500     500     100     200     700     200     200     
4750   1954 1800    1500    600     300     500     300     500     100     0       300     200     0       200     0       100     100     300     100     400     
4750   1955 2600    1200    1600    400     900     900     500     0       0       400     100     400     300     500     100     200     0       300     300     
4750   1956 3000    1200    1200    600     900     300     800     300     0       300     300     300     100     200     0       300     500     0       700     
4750   1957 4100    3500    1500    2000    1200    1100    500     300     1000    1000    200     0       300     800     0       200     200     100     0       
4750   1958 3100    1100    2000    700     1100    700     500     0       700     100     100     900     200     200     300     300     100     100     100     
4750   1959 3000    1600    1500    500     1500    700     200     400     0       900     400     200     300     300     100     200     0       0       200     
4750   1960 3600    1500    1200    900     1300    400     900     300     400     600     300     400     0       0       400     100     300     500     300     
4750   1961 5700    2700    2600    1400    2100    400     1500    200     900     500     1300    300     200     0       200     600     800     100     600     
4750   1962 2700    2400    1500    1400    600     700     600     800     0       100     300     200     300     300     100     300     100     200     0       
4750   1963 1700    400     900     0       700     200     800     0       0       100     500     100     0       0       200     100     0       700     0       
4750   1964 3800    1300    2400    400     1100    1000    1300    0       400     200     500     400     400     500     100     500     0       800     0       
4750   1965 1800    1000    1000    100     300     800     200     100     0       100     100     100     400     200     200     0       0       200     400     
4750   1966 5500    2600    2000    2300    1200    800     1600    300     1600    100     1000    100     400     0       400     100     1400    100     0       
4750   1967 4900    3600    1900    1300    1500    1000    1000    500     800     800     300     400     300     500     200     200     700     100     100     
4750   1968 3300    1800    1600    900     800     900     800     400     400     100     300     400     500     200     200     0       500     300     0       
4750   1969 3000    1100    2000    100     1300    700     900     100     0       200     600     500     100     300     300     200     100     600     0       
4750   1970 3000    1000    1700    100     900     700     1100    0       100     200     500     200     400     100     200     300     100     700     200     
4750   1971 3300    1400    2200    600     1100    1100    300     300     100     0       200     900     100     200     800     0       300     0       400     
4750   1972 1900    1000    1400    600     900     500     100     100     100     100     500     300     100     200     200     100     0       0       200     
4750   1973 1500    200     1400    200     800     600     100     0       0       0       200     600     400     100     100     0       0       100     0       
4750   1974 3300    1700    700     1000    700     600     200     800     200     600     100     0       0       200     400     0       0       200     800     
4750   1975 4500    2500    2700    2200    600     1200    1300    1200    200     100     400     100     500     300     400     1000    200     100     0       
4750   1976 3500    1300    1800    900     700     900     1000    900     0       100     100     500     100     800     0       300     400     300     0       
4750   1977 4800    2800    1100    1200    1200    500     1700    100     1100    900     200     100     200     0       300     300     700     700     200     
4750   1978 2300    2000    1200    200     900     500     200     0       0       400     200     300     300     200     0       200     0       0       700     
4750   1979 3500    1400    1400    700     1000    1000    600     0       0       700     100     200     700     100     200     100     200     300     900     
4750   1980 3100    2000    1400    1200    300     1200    900     100     200     300     0       0       300     100     800     200     100     600     400     
4750   1981 5100    2500    2600    600     1800    1100    2000    0       200     1200    200     400     700     200     200     900     400     700     0       
4750   1982 4600    1700    3000    300     700     1900    1200    300     0       300     100     300     500     800     600     700     200     300     500     
4750   1983 5200    2900    2400    1800    900     1900    800     1200    100     600     200     100     400     900     600     200     200     400     300     
4750   1984 2200    1300    900     600     100     900     900     200     100     100     0       0       300     300     300     0       500     400     0       
4750   1985 4200    1100    2300    100     1100    1000    1200    0       100     100     400     600     400     400     200     300     700     200     800     
4750   1986 3700    2000    3000    1100    1500    1300    400     300     0       0       200     1300    700     400     200     200     0       200     200     
4750   1987 5700    900     3600    500     600     1700    2100    200     100     200     400     0       200     800     700     1500    300     300     1000    
4750   1988 4600    3100    1600    2400    800     800     1100    1000    400     100     200     500     200     400     200     100     700     300     500     
4750   1989 5700    3400    2200    1700    1200    1500    900     600     600     700     200     300     0       1000    500     200     400     300     900     
4750   1990 4700    3300    1700    2000    700     1500    1200    400     700     600     0       100     400     300     800     100     600     500     200     
4750   1991 4400    3100    2200    1100    1300    1500    600     900     0       900     300     100     200     1000    300     300     200     100     100     
4750   1992 6300    1500    4300    1000    1000    3300    800     400     500     200     300     500     500     800     2000    200     0       600     300     
4750   1993 6100    2700    2900    1600    2100    1000    1000    1300    0       500     700     900     400     600     0       300     500     200     700     
4750   1994 11300   4400    5400    2300    2000    3900    2900    1300    300     1400    100     500     900     1600    1400    900     200     1800    900     
4750   1995 6800    4500    3300    2300    1600    1800    1800    400     1000    200     900     500     0       1300    500     100     1600    100     200     
4750   1996 2900    1900    2200    200     500     1700    700     0       0       0       400     100     900     200     600     0       300     400     0       
4750   1997 5300    2600    2400    900     1700    1200    1100    0       900     1000    200     500     400     0       800     500     400     200     400     
4750   1998 6400    3200    3200    2000    1800    1400    1200    800     800     600     600     600     800     300     300     600     500     100     400     
4750   1999 5600    2400    3800    1300    1500    2000    1000    700     200     500     300     700     300     800     900     800     100     100     200     
4750   2000 7300    2300    3900    1400    2300    2100    1000    400     800     700     800     800     1100    300     700     200     600     200     700     
4750   2001 5000    3700    1700    1800    1800    1000    1000    500     600     1100    0       700     100     300     600     0       900     100     100     
4750   2002 6400    3200    2600    1700    1100    2000    1300    800     800     500     400     200     1100    400     500     0       400     900     400     
4750   2003 7300    2300    6000    700     2600    3700    600     300     0       300     600     1700    1800    600     1300    0       200     400     100     
4750   2004 5000    2400    1800    1400    800     1200    1600    400     900     400     300     100     200     500     500     200     800     600     100     
4750   2005 6200    2900    4000    700     2300    1500    1700    400     200     800     900     600     900     300     300     1000    500     200     100     
4750   2006 7800    1600    4900    400     1800    2600    2400    0       300     500     600     700     1000    1600    0       1000    900     500     700     
4750   2007 6600    4700    3200    3000    1900    1600    300     1400    900     300     500     1100    1000    500     100     0       200     100     500     
4750   2008 6200    2600    3600    1900    1300    2000    1300    800     600     400     100     800     900     500     600     700     300     300     200     
4750   2009 5400    1100    3300    300     1200    2000    1800    0       100     200     300     700     300     900     800     300     500     1000    300     
4750   2010 4400    2800    2500    800     1000    2000    900     0       500     500     100     400     500     1000    500     0       200     700     0       
4750   2011 5200    2100    3200    900     1200    1600    900     700     200     300     600     300     600     300     700     700     200     0       600     
4750   2012 6100    2400    3400    1700    1600    2100    700     600     500     500     400     700     500     800     800     200     100     400     600     
4750   2013 5300    2100    3100    1400    1300    1700    1300    700     100     200     700     400     700     500     500     300     800     200     200     
4750   2014 8300    3500    3900    1800    2000    1900    2300    1000    600     700     800     500     500     800     600     700     1000    600     500     
4750   2015 5800    2600    3500    700     900     2800    1200    200     0       300     200     400     200     1400    1200    100     200     900     700     
4750   2016 4600    3000    2600    1900    400     1500    1400    500     700     0       300     100     500     600     400     700     300     400     100     
4750   2017 5600    2300    3300    800     1700    2200    800     100     600     800     300     600     700     700     800     200     300     300     200     
4750   2018 7800    2200    4900    1500    2200    2200    1500    1300    0       100     1100    1000    900     500     800     600     400     500     600     
4750   2019 4600    2200    2800    800     700     2400    1000    100     100     500     200     0       900     500     1000    200     400     400     300     
4750   2020 5200    3000    2100    1700    800     1300    1500    400     1000    500     300     0       200     100     1000    500     500     500     200     
4750   2021 4000    2600    2100    1500    400     1300    700     200     1100    100     100     200     1200    100     0       500     100     100     300     
