EUROPEAN CLIMATE ASSESSMENT & DATASET (ECA&D), file created on: 20-01-2022
THESE DATA CAN BE USED FOR NON-COMMERCIAL RESEARCH AND EDUCATION PROVIDED THAT THE FOLLOWING SOURCE IS ACKNOWLEDGED: 

Klein Tank, A.M.G. and Coauthors, 2002. Daily dataset of 20th-century surface
air temperature and precipitation series for the European Climate Assessment.
Int. J. of Climatol., 22, 1441-1453.
Data and metadata available at http://www.ecad.eu

FILE FORMAT (MISSING VALUE CODE = -999999):

THIS FILE HOLDS DATA FOR STATION BELARUS                                  MINSK                                    (STAID:    399)
LATITUDE: dd:mm:ss +53:52:12
LONGITUDE: ddd:mm:ss +027:31:48
ELEVATION: m  222

DATA IS FOR INDEX Days with TN > 90th percentile of daily min temp (warm nights) (TN90p) with unit 0.01 No of days

01-06 SOUID: Source identifier
08-11 YEAR : YYYY
13-20 ANNUAL DATA VALUES
21-28 WINTER HALF YEAR DATA VALUES
29-36 SUMMER HALF YEAR DATA VALUES
37-44 WINTER (DJF) DATA VALUES
45-52 SPRING (MAM) DATA VALUES
53-60 SUMMER (JJA) DATA VALUES
61-68 AUTUMN (SON) DATA VALUES
69-76 JANUARY DATA VALUES
etc. 
157-164 DECEMBER DATA VALUES

399    1891 -999999 -999999 -999999 -999999 -999999 -999999 -999999 -999999 -999999 -999999 -999999 -999999 -999999 -999999 -999999 -999999 -999999 0       300     
399    1892 2000    -999999 1400    600     700     500     400     200     100     100     200     400     200     100     200     300     100     0       100     
399    1893 -999999 500     -999999 100     -999999 -999999 600     0       0       300     0       -999999 -999999 -999999 -999999 100     400     100     200     
399    1894 1600    1600    600     1000    300     400     0       200     600     100     0       200     0       100     300     0       0       0       100     
399    1895 1700    400     1000    400     100     900     400     300     0       0       0       100     200     500     200     0       0       400     0       
399    1896 -999999 1100    -999999 700     300     -999999 -999999 100     600     0       0       300     500     -999999 -999999 -999999 -999999 -999999 -999999 
399    1897 -999999 -999999 3600    -999999 1100    2300    300     -999999 100     0       200     900     600     900     800     200     100     0       0       
399    1898 1800    800     300     700     100     200     100     600     100     0       0       100     100     100     0       0       0       100     700     
399    1899 2200    2000    600     1600    400     100     800     500     400     300     0       100     0       0       100     400     300     100     0       
399    1900 -999999 700     100     300     0       0       100     100     200     0       0       0       0       0       0       100     0       0       -999999 
399    1901 -999999 -999999 -999999 -999999 -999999 -999999 -999999 -999999 -999999 -999999 -999999 -999999 -999999 -999999 -999999 -999999 -999999 -999999 -999999 
399    1902 -999999 -999999 -999999 -999999 -999999 -999999 -999999 -999999 -999999 -999999 -999999 -999999 -999999 -999999 -999999 -999999 -999999 -999999 -999999 
399    1903 -999999 -999999 -999999 -999999 -999999 -999999 -999999 -999999 -999999 -999999 -999999 -999999 -999999 -999999 -999999 -999999 -999999 -999999 -999999 
399    1904 -999999 -999999 -999999 -999999 -999999 0       400     -999999 -999999 -999999 -999999 -999999 0       0       0       100     300     0       1100    
399    1905 2600    1800    2100    1300    300     1500    500     0       200     200     0       100     1300    100     100     500     0       0       100     
399    1906 3400    700     2300    400     1600    1000    400     200     100     300     300     1000    200     800     0       0       0       400     100     
399    1907 1100    600     500     200     100     200     500     0       100     0       0       100     100     100     0       200     300     0       200     
399    1908 2400    1300    1600    700     600     1100    200     400     100     300     0       300     300     700     100     200     0       0       0       
399    1909 1400    0       1100    0       0       0       1300    0       0       0       0       0       0       0       0       1100    200     0       100     
399    1910 -999999 -999999 -999999 -999999 -999999 700     0       400     -999999 -999999 -999999 700     500     0       200     0       0       0       1000    
399    1911 -999999 -999999 800     -999999 -999999 100     500     0       -999999 -999999 400     0       0       0       100     300     100     100     0       
399    1912 1500    900     700     300     500     500     100     100     200     400     0       100     400     0       100     100     0       0       100     
399    1913 3200    1500    1500    700     1400    400     600     200     400     800     600     0       0       0       400     500     0       100     200     
399    1914 -999999 1800    -999999 1400    -999999 700     0       100     1100    300     0       -999999 200     500     0       0       0       0       400     
399    1915 -999999 800     -999999 800     0       300     -999999 100     300     0       0       0       100     200     0       -999999 -999999 -999999 -999999 
399    1916 -999999 -999999 1100    -999999 500     500     700     -999999 0       0       500     0       300     100     100     100     0       600     100     
399    1917 -999999 800     -999999 200     0       1100    -999999 100     0       0       0       0       900     100     100     -999999 -999999 -999999 -999999 
399    1918 -999999 -999999 -999999 -999999 -999999 -999999 -999999 -999999 -999999 -999999 -999999 -999999 -999999 -999999 -999999 -999999 -999999 -999999 -999999 
399    1919 -999999 -999999 -999999 -999999 -999999 -999999 -999999 -999999 -999999 -999999 -999999 -999999 -999999 -999999 -999999 -999999 -999999 -999999 -999999 
399    1920 -999999 -999999 -999999 -999999 -999999 -999999 -999999 -999999 -999999 -999999 -999999 -999999 -999999 -999999 -999999 -999999 -999999 -999999 -999999 
399    1921 -999999 -999999 -999999 -999999 -999999 -999999 -999999 -999999 -999999 -999999 -999999 -999999 -999999 -999999 -999999 -999999 -999999 -999999 -999999 
399    1922 -999999 -999999 -999999 -999999 -999999 -999999 0       -999999 -999999 -999999 -999999 -999999 -999999 -999999 100     0       0       0       200     
399    1923 2100    500     1000    500     200     100     1300    300     0       0       100     100     0       100     0       700     300     300     200     
399    1924 2300    900     2100    300     800     600     800     100     0       0       0       800     500     0       100     700     0       100     0       
399    1925 4700    2800    1500    2700    500     600     800     1100    1600    0       400     100     200     200     200     400     400     0       100     
399    1926 3000    1100    1100    600     500     600     1200    400     100     100     200     200     500     100     0       100     0       1100    200     
399    1927 2300    2000    1200    200     800     600     900     0       0       700     0       100     400     200     0       500     300     100     0       
399    1928 1800    1200    200     800     100     100     800     600     200     0       0       100     0       0       100     0       0       800     0       
399    1929 1900    800     500     0       200     300     700     0       0       0       0       200     0       100     200     0       400     300     700     
399    1930 2300    1900    1100    900     900     400     700     200     0       300     400     200     300     0       100     100     300     300     100     
399    1931 1800    700     1700    100     400     1000    400     0       0       0       100     300     400     400     200     300     0       100     0       
399    1932 3400    600     2200    500     400     1000    1000    500     0       0       0       400     100     400     500     800     200     0       500     
399    1933 500     1000    200     500     400     100     0       0       0       300     0       100     0       100     0       0       0       0       0       
399    1934 -999999 -999999 -999999 -999999 -999999 -999999 1600    -999999 -999999 -999999 -999999 -999999 -999999 400     100     300     800     500     0       
399    1935 -999999 -999999 -999999 -999999 -999999 -999999 -999999 -999999 -999999 -999999 -999999 -999999 -999999 -999999 -999999 -999999 -999999 -999999 -999999 
399    1936 -999999 -999999 -999999 -999999 -999999 -999999 -999999 -999999 -999999 -999999 -999999 -999999 -999999 -999999 -999999 -999999 -999999 -999999 -999999 
399    1937 -999999 -999999 -999999 -999999 -999999 -999999 -999999 -999999 -999999 -999999 -999999 -999999 -999999 -999999 -999999 -999999 -999999 -999999 -999999 
399    1938 -999999 -999999 -999999 -999999 -999999 -999999 -999999 -999999 -999999 -999999 -999999 -999999 -999999 -999999 -999999 -999999 -999999 -999999 -999999 
399    1939 4600    -999999 3000    -999999 800     1600    800     200     900     0       400     400     600     600     400     600     100     100     300     
399    1940 2500    700     1500    300     300     1100    1100    0       0       200     0       100     700     200     200     300     0       800     0       
399    1941 -999999 1100    -999999 200     -999999 -999999 -999999 0       200     100     -999999 -999999 -999999 -999999 -999999 -999999 -999999 -999999 -999999 
399    1942 -999999 -999999 -999999 -999999 -999999 -999999 -999999 -999999 -999999 -999999 -999999 -999999 -999999 -999999 -999999 -999999 -999999 -999999 -999999 
399    1943 -999999 -999999 -999999 -999999 -999999 -999999 -999999 -999999 -999999 -999999 -999999 -999999 -999999 -999999 -999999 -999999 -999999 -999999 -999999 
399    1944 -999999 -999999 -999999 -999999 -999999 -999999 -999999 -999999 -999999 -999999 -999999 -999999 -999999 -999999 -999999 -999999 600     100     300     
399    1945 2200    1400    1500    400     700     400     1000    0       100     300     400     0       0       100     300     700     300     0       0       
399    1946 2800    900     2200    500     700     1400    200     300     200     100     400     200     300     400     700     200     0       0       0       
399    1947 2900    400     1800    200     300     1100    600     200     0       200     100     0       500     500     100     600     0       0       700     
399    1948 2800    1400    1700    1400    700     900     500     300     400     0       400     300     600     100     200     100     300     100     0       
399    1949 3600    1200    1500    800     1100    300     1000    200     600     0       200     900     200     0       100     100     300     600     400     
399    1950 3400    1900    2000    900     1600    100     600     0       500     100     1200    300     0       0       100     400     0       200     600     
399    1951 2400    900     1900    600     500     700     900     0       0       100     300     100     100     500     100     800     0       100     300     
399    1952 1800    1100    1100    900     700     400     100     300     300     100     500     100     0       0       400     100     0       0       0       
399    1953 3100    600     1800    200     700     1100    800     0       200     400     0       300     400     300     400     400     300     100     300     
399    1954 4000    900     3000    400     300     1800    1700    100     0       100     0       200     800     700     300     1000    400     300     100     
399    1955 1600    900     900     200     100     400     800     0       100     0       0       100     0       300     100     400     400     0       200     
399    1956 2700    800     1400    400     200     1000    900     200     0       0       100     100     1000    0       0       200     700     0       400     
399    1957 4400    3200    1400    2300    900     700     900     200     1700    200     500     200     400     100     200     0       400     500     0       
399    1958 3200    1600    1800    700     900     600     800     100     600     0       0       900     300     200     100     300     400     100     200     
399    1959 4000    1800    2400    900     1100    1700    300     400     300     400     600     100     200     800     700     0       300     0       200     
399    1960 3600    600     1600    300     200     1300    900     100     0       0       100     100     200     700     400     100     400     400     1100    
399    1961 3900    3500    1600    1800    1600    600     800     200     500     900     500     200     100     500     0       300     300     200     200     
399    1962 2600    1300    1200    800     900     100     900     600     0       0       600     300     0       0       100     200     0       700     100     
399    1963 3500    800     2600    100     600     1500    1300    0       0       0       0       600     0       600     900     500     100     700     100     
399    1964 2800    900     2200    100     100     1900    700     0       0       0       100     0       900     900     100     200     400     100     100     
399    1965 1000    700     600     200     0       300     400     100     0       0       0       0       0       100     200     300     100     0       200     
399    1966 4800    1600    2400    1100    1100    1200    1600    100     800     400     300     400     200     500     500     500     1100    0       0       
399    1967 5100    1600    2200    0       1800    600     2700    0       0       500     400     900     400     0       200     300     1300    1100    0       
399    1968 3600    3200    2100    300     1100    1100    1100    100     200     500     300     300     300     200     600     400     300     400     0       
399    1969 1900    700     1100    0       500     600     700     0       0       0       200     300     100     300     200     0       100     600     100     
399    1970 2700    1000    1500    300     200     700     1200    100     100     0       100     100     0       300     400     600     100     500     400     
399    1971 3500    1600    1600    1000    500     1000    600     600     0       0       100     400     0       200     800     100     500     0       800     
399    1972 5400    1600    3900    1000    700     3000    400     0       200     100     400     200     500     1600    900     300     0       100     1100    
399    1973 2900    2800    1000    2100    900     700     200     100     900     600     100     200     400     300     0       0       100     100     100     
399    1974 3100    1800    800     1300    300     300     900     100     1100    300     0       0       100     100     100     500     400     0       400     
399    1975 4900    2300    2900    1300    2000    1100    600     800     100     600     600     800     600     100     400     400     200     0       300     
399    1976 2400    1000    1200    600     500     500     600     300     0       200     300     0       100     400     0       400     100     100     500     
399    1977 3900    1800    2200    1200    1200    1300    700     100     600     400     300     500     1000    0       300     100     300     300     0       
399    1978 2300    1200    300     100     700     100     1400    100     0       500     200     0       100     0       0       0       200     1200    0       
399    1979 4000    1700    2600    100     800     1400    1000    100     0       200     100     500     900     0       500     600     200     200     700     
399    1980 3000    1200    1700    800     300     1100    800     0       100     0       300     0       300     500     300     300     200     300     700     
399    1981 -999999 -999999 -999999 -999999 -999999 -999999 -999999 -999999 -999999 -999999 -999999 -999999 -999999 -999999 -999999 -999999 -999999 -999999 -999999 
399    1982 -999999 -999999 -999999 -999999 -999999 -999999 -999999 -999999 0       300     0       300     200     400     200     300     600     1000    1300    
399    1983 -999999 -999999 -999999 2600    -999999 -999999 -999999 1300    0       300     900     1200    -999999 0       300     -999999 600     -999999 -999999 
399    1984 2700    -999999 1200    -999999 700     0       1500    400     0       100     100     500     0       0       0       600     700     200     100     
399    1985 3200    1000    2300    100     900     1400    600     0       0       0       200     700     100     100     1200    0       600     0       300     
399    1986 3500    1600    1700    600     900     1200    700     300     0       400     500     0       500     300     400     0       100     600     400     
399    1987 1500    1200    1000    500     200     700     400     0       100     0       0       200     400     200     100     100     0       300     100     
399    1988 4700    1600    3100    1200    700     2200    400     700     400     100     300     300     900     1000    300     300     100     0       300     
399    1989 8700    4200    3300    3100    2000    1800    1500    1500    1300    1000    700     300     1000    400     400     500     700     300     600     
399    1990 7000    6400    1400    3900    2200    600     600     1700    1600    1500    700     0       100     400     100     100     300     200     300     
399    1991 5200    2500    2700    1300    1200    1300    1700    800     200     700     400     100     200     400     700     900     400     400     0       
399    1992 6100    3800    2900    1700    1600    2100    500     700     1000    1300    300     0       300     600     1200    500     0       0       200     
399    1993 4300    2400    1300    1900    1500    300     500     1300    400     500     700     300     0       100     200     0       500     0       300     
399    1994 6500    2600    3800    1300    1900    1300    1900    1000    0       800     900     200     0       500     800     1400    200     300     400     
399    1995 7400    3800    3700    2000    2600    1800    1400    400     1200    1300    700     600     1200    300     300     600     700     100     0       
399    1996 4300    800     2300    0       1400    900     1700    0       0       0       300     1100    100     100     700     0       500     1200    300     
399    1997 6000    4200    2600    1800    1500    1800    900     300     1200    700     300     500     400     900     500     0       300     600     300     
399    1998 6200    3700    2800    2600    600     2000    800     1200    1100    200     300     100     1000    600     400     400     400     0       500     
399    1999 9000    2300    6000    1200    1900    3700    2000    700     0       700     1100    100     2300    1200    200     1100    700     200     700     
399    2000 7900    4000    3000    2400    2600    900     1600    600     1100    700     1700    200     300     200     400     200     900     500     1100    
399    2001 7300    3800    5200    1900    1800    3600    1100    400     400     500     1100    200     100     2400    1100    300     800     0       0       
399    2002 8300    3800    4700    2000    2100    3400    800     600     1400    1000    600     500     200     2100    1100    200     100     500     0       
399    2003 4800    1400    3000    600     1300    1600    1200    600     0       200     100     1000    100     1100    400     300     100     800     100     
399    2004 6000    2600    2700    500     1500    1900    1700    0       400     1200    100     200     200     700     1000    500     800     400     500     
399    2005 5500    3000    3600    1800    1300    1200    1500    1100    200     0       900     400     200     600     400     1100    400     0       200     
399    2006 7100    600     3300    200     300     2700    2400    0       0       0       0       300     700     1200    800     300     1100    1000    1700    
399    2007 9700    8100    4700    3800    3800    2600    600     1900    200     2200    500     1100    600     500     1500    500     100     0       600     
399    2008 7600    4200    2800    3100    1900    1200    1400    1100    1400    1000    900     0       0       400     800     700     500     200     600     
399    2009 5100    2300    2400    1400    500     1300    2100    400     400     200     300     0       900     200     200     800     200     1100    400     
399    2010 10600   2700    8100    700     2400    5700    2200    0       300     700     700     1000    1100    2500    2100    700     0       1500    0       
399    2011 8100    2500    5100    800     1200    3400    1800    400     400     200     600     400     1100    1600    700     700     500     600     900     
399    2012 7100    3400    4200    1600    2000    2400    1800    400     300     700     800     500     400     1500    500     500     700     600     200     
399    2013 8200    2000    5100    700     1800    2600    2500    300     200     0       400     1400    1300    700     600     700     900     900     800     
399    2014 11700   7000    5500    3100    3700    3100    1900    800     1500    2100    700     900     600     1100    1400    800     700     400     700     
399    2015 9200    4900    3500    2400    1700    2100    2300    800     900     1400    300     0       200     500     1400    1100    100     1100    1400    
399    2016 9700    5600    6100    3600    2100    3700    1500    500     1700    800     800     500     1400    1300    1000    1100    300     100     200     
399    2017 7300    3500    3300    1100    2700    1900    1200    300     600     2000    500     200     300     300     1300    700     300     200     600     
399    2018 10600   2500    8300    1700    2900    3800    2400    900     200     300     1200    1400    600     1800    1400    1900    100     400     400     
399    2019 9500    3600    2600    1900    1700    1500    3100    300     1200    1200    200     300     1000    100     400     600     1200    1300    1700    
399    2020 11400   8900    3400    5000    1600    2300    3600    1800    1500    1400    200     0       1600    300     400     900     1900    800     600     
399    2021 5700    4700    2800    1500    900     2400    1000    600     300     500     300     100     900     1200    300     0       400     600     500     
