EUROPEAN CLIMATE ASSESSMENT & DATASET (ECA&D), file created on: 20-01-2022
THESE DATA CAN BE USED FOR NON-COMMERCIAL RESEARCH AND EDUCATION PROVIDED THAT THE FOLLOWING SOURCE IS ACKNOWLEDGED: 

Klein Tank, A.M.G. and Coauthors, 2002. Daily dataset of 20th-century surface
air temperature and precipitation series for the European Climate Assessment.
Int. J. of Climatol., 22, 1441-1453.
Data and metadata available at http://www.ecad.eu

FILE FORMAT (MISSING VALUE CODE = -999999):

THIS FILE HOLDS DATA FOR STATION POLAND                                   LESZNO                                   (STAID:    923)
LATITUDE: dd:mm:ss +51:50:08
LONGITUDE: ddd:mm:ss +016:32:04
ELEVATION: m   91

DATA IS FOR INDEX Days with TN > 90th percentile of daily min temp (warm nights) (TN90p) with unit 0.01 No of days

01-06 SOUID: Source identifier
08-11 YEAR : YYYY
13-20 ANNUAL DATA VALUES
21-28 WINTER HALF YEAR DATA VALUES
29-36 SUMMER HALF YEAR DATA VALUES
37-44 WINTER (DJF) DATA VALUES
45-52 SPRING (MAM) DATA VALUES
53-60 SUMMER (JJA) DATA VALUES
61-68 AUTUMN (SON) DATA VALUES
69-76 JANUARY DATA VALUES
etc. 
157-164 DECEMBER DATA VALUES

923    1961 4400    -999999 1500    -999999 1400    500     900     300     1000    600     600     200     300     0       200     200     600     100     300     
923    1962 2500    1600    1300    800     1000    200     800     400     100     100     900     0       100     100     0       200     300     300     0       
923    1963 2500    600     1200    0       500     500     1500    0       0       0       300     200     100     100     300     200     300     1000    0       
923    1964 3000    1600    2300    300     400     1400    900     0       300     0       200     200     900     300     200     500     0       400     0       
923    1965 2000    700     1500    200     200     900     500     200     0       100     0       100     200     200     500     500     0       0       200     
923    1966 4200    1500    1700    1000    800     1300    1100    200     600     500     300     0       600     400     300     100     900     100     200     
923    1967 5300    3000    2700    1200    1500    1500    1100    0       1000    800     400     300     400     500     600     500     500     100     200     
923    1968 4100    1800    2500    800     1100    1600    800     500     100     400     500     200     600     400     600     200     300     300     0       
923    1969 3300    600     2500    0       900     1300    1100    0       0       0       400     500     300     900     100     300     0       800     0       
923    1970 2600    800     1200    0       600     300     1300    0       0       0       500     100     100     200     0       300     300     700     400     
923    1971 4900    2200    2400    1100    1400    1000    700     400     300     100     500     800     100     300     600     100     100     500     1100    
923    1972 3700    2300    2800    1300    900     2200    300     0       200     400     400     100     500     1200    500     100     0       200     100     
923    1973 2200    1000    1400    700     500     700     400     0       600     100     200     200     300     200     200     300     0       100     0       
923    1974 3300    1800    1000    1200    700     700     200     600     600     500     100     100     0       0       700     100     0       100     500     
923    1975 4500    2100    2200    1900    500     1200    1200    1200    200     100     0       400     400     200     600     600     600     0       200     
923    1976 2700    1500    1100    900     300     600     1100    500     200     0       200     100     0       500     100     200     400     500     0       
923    1977 4800    2300    2400    400     1700    1200    1300    200     200     1000    300     400     700     0       500     500     300     500     200     
923    1978 2400    1300    1200    200     1200    100     1000    0       0       300     400     500     100     0       0       200     400     400     100     
923    1979 3400    1200    2000    100     900     1100    600     0       0       300     0       600     900     0       200     300     0       300     800     
923    1980 3300    1600    1100    1100    200     1000    900     100     200     200     0       0       500     300     200     100     200     600     900     
923    1981 4900    3000    3100    1300    1800    1400    1300    0       400     900     300     600     800     300     300     800     200     300     0       
923    1982 3300    1200    1400    200     900     600     1300    200     0       500     100     300     100     200     300     400     300     600     300     
923    1983 5800    3600    2800    1700    2400    800     900     1400    0       1000    700     700     200     500     100     600     200     100     300     
923    1984 3500    1100    1800    800     900     800     1100    500     0       0       400     500     200     300     300     100     600     400     200     
923    1985 4000    1500    2300    400     1400    700     800     0       200     100     400     900     100     100     500     300     400     100     900     
923    1986 4000    2200    2500    1500    1200    1400    400     600     0       200     200     800     500     500     400     100     100     200     400     
923    1987 3500    800     1200    400     300     600     1800    0       0       100     200     0       100     200     300     400     900     500     800     
923    1988 5800    3800    2600    2300    900     1400    900     900     600     100     300     500     300     700     400     400     400     100     1100    
923    1989 6500    3700    2800    2800    1100    1500    1500    700     1000    400     600     100     200     700     600     600     800     100     700     
923    1990 3500    4000    700     2500    800     400     500     1000    800     600     100     100     100     100     200     100     200     200     0       
923    1991 3400    1800    1700    900     1000    1000    400     800     100     500     400     100     100     300     600     200     200     0       100     
923    1992 4100    1600    2500    1200    500     2200    200     500     600     200     200     100     300     700     1200    0       100     100     100     
923    1993 3900    1900    1800    1500    1100    500     600     1300    100     200     300     600     0       100     400     400     200     0       300     
923    1994 5100    1800    2800    1000    800     2000    1100    700     0       600     100     100     500     500     1000    600     100     400     500     
923    1995 4400    2300    2600    1600    800     1700    800     200     900     200     400     200     100     1000    600     300     500     0       0       
923    1996 1300    500     700     0       200     500     600     0       0       0       100     100     200     100     200     0       300     300     0       
923    1997 5000    2300    2300    1200    1600    800     1000    0       1200    500     200     900     300     100     400     400     400     200     400     
923    1998 6500    3600    3000    2500    2000    1000    1000    900     1200    500     1000    500     500     500     0       500     500     0       400     
923    1999 5300    2700    2800    1600    1400    1400    1100    900     300     600     600     200     100     1000    300     600     500     0       200     
923    2000 7600    2300    3600    1300    2400    1600    1800    100     1000    500     1200    700     700     400     500     100     1100    600     700     
923    2001 4800    3400    2400    1400    1000    1600    1500    200     500     300     300     400     200     500     900     100     1400    0       0       
923    2002 7000    3500    4000    1800    1500    2500    1200    900     900     300     500     700     600     800     1100    300     300     600     0       
923    2003 4600    1400    3100    300     1200    2000    700     300     0       200     200     800     700     600     700     100     0       600     400     
923    2004 4000    2200    1900    1100    1200    900     1000    100     600     500     300     400     0       300     600     300     700     0       200     
923    2005 5500    2400    3300    1300    1700    1500    1100    1000    100     400     600     700     600     500     400     500     500     100     100     
923    2006 6900    1000    4500    200     600     3200    2300    0       100     200     300     100     800     1700    700     900     700     700     700     
923    2007 7200    5300    3100    3200    1800    1800    700     2000    500     700     300     800     200     600     1000    200     400     100     400     
923    2008 6700    3500    2600    2200    1000    1900    1600    800     1000    800     0       200     400     600     900     500     100     1000    400     
923    2009 5300    2300    3200    600     1100    2000    1900    100     100     600     400     100     400     800     800     700     300     900     100     
923    2010 4900    2100    3200    300     1200    2600    900     0       200     600     200     400     400     1200    1000    0       0       900     0       
923    2011 6900    2000    4100    900     1200    2400    1600    500     400     200     700     300     800     600     1000    700     700     200     800     
923    2012 7200    3700    3900    2000    2100    2500    1100    800     400     800     300     1000    400     1200    900     100     500     500     300     
923    2013 6400    2000    4000    1000    1500    2100    1600    500     200     0       500     1000    600     700     800     400     1000    200     500     
923    2014 9600    3800    4900    1700    2300    2500    2800    700     500     900     700     700     300     1600    600     1000    1200    600     800     
923    2015 8100    4400    3900    2000    1300    2700    1500    800     400     600     500     200     200     800     1700    500     100     900     1400    
923    2016 6800    3900    4100    2800    1500    1900    1600    300     1100    100     600     800     900     600     400     800     400     400     400     
923    2017 7200    2400    4300    1000    1700    2800    1600    0       600     600     400     700     1000    700     1100    400     800     400     500     
923    2018 -999999 3100    -999999 1700    2200    -999999 2000    1100    100     200     1100    900     900     -999999 -999999 1000    200     800     700     
923    2019 9200    3400    5300    1500    1900    3700    2200    400     400     900     800     200     1700    900     1100    600     700     900     600     
923    2020 8900    5200    3800    3200    600     3300    1900    900     1700    400     100     100     1200    700     1400    300     1200    400     500     
923    2021 6200    3000    3800    1100    700     2600    1700    200     400     300     0       400     800     1200    600     800     500     400     600     
