EUROPEAN CLIMATE ASSESSMENT & DATASET (ECA&D), file created on: 20-01-2022
THESE DATA CAN BE USED FOR NON-COMMERCIAL RESEARCH AND EDUCATION PROVIDED THAT THE FOLLOWING SOURCE IS ACKNOWLEDGED: 

Klein Tank, A.M.G. and Coauthors, 2002. Daily dataset of 20th-century surface
air temperature and precipitation series for the European Climate Assessment.
Int. J. of Climatol., 22, 1441-1453.
Data and metadata available at http://www.ecad.eu

FILE FORMAT (MISSING VALUE CODE = -999999):

THIS FILE HOLDS DATA FOR STATION RUSSIAN FEDERATION                       TAJSHET                                  (STAID:   8243)
LATITUDE: dd:mm:ss +55:57:00
LONGITUDE: ddd:mm:ss +098:00:00
ELEVATION: m  305

DATA IS FOR INDEX Days with TN > 90th percentile of daily min temp (warm nights) (TN90p) with unit 0.01 No of days

01-06 SOUID: Source identifier
08-11 YEAR : YYYY
13-20 ANNUAL DATA VALUES
21-28 WINTER HALF YEAR DATA VALUES
29-36 SUMMER HALF YEAR DATA VALUES
37-44 WINTER (DJF) DATA VALUES
45-52 SPRING (MAM) DATA VALUES
53-60 SUMMER (JJA) DATA VALUES
61-68 AUTUMN (SON) DATA VALUES
69-76 JANUARY DATA VALUES
etc. 
157-164 DECEMBER DATA VALUES

8243   1925 4100    -999999 1600    -999999 700     700     1400    800     400     0       400     300     100     100     500     200     800     400     100     
8243   1926 3700    2100    2300    500     1100    1300    800     300     100     400     600     100     100     200     1000    300     300     200     100     
8243   1927 3900    1100    2400    600     700     1100    1400    300     200     0       200     500     500     300     300     600     300     500     200     
8243   1928 3500    1900    1700    1100    600     900     1100    600     300     0       400     200     400     100     400     200     800     100     0       
8243   1929 2600    1600    1100    200     700     700     1000    200     0       500     200     0       100     400     200     200     400     400     0       
8243   1930 4000    2100    1500    800     500     1400    900     500     300     500     0       0       500     200     700     100     400     400     400     
8243   1931 -999999 1900    1800    1000    300     1300    -999999 600     0       100     100     100     600     200     500     300     1000    -999999 -999999 
8243   1932 -999999 -999999 -999999 -999999 -999999 -999999 -999999 -999999 -999999 -999999 -999999 -999999 -999999 -999999 -999999 -999999 -999999 -999999 -999999 
8243   1933 -999999 -999999 1700    -999999 -999999 1100    700     -999999 -999999 -999999 200     400     400     300     400     0       400     300     300     
8243   1934 -999999 1300    -999999 600     500     -999999 700     0       300     0       300     200     -999999 0       0       0       400     300     200     
8243   1935 -999999 1800    -999999 900     300     200     -999999 100     600     200     100     0       100     100     0       -999999 600     0       0       
8243   1936 3000    1200    1100    600     100     900     900     300     300     0       0       100     200     400     300     100     800     0       500     
8243   1937 -999999 1500    -999999 700     200     -999999 -999999 0       200     0       0       200     100     -999999 -999999 -999999 -999999 -999999 -999999 
8243   1938 3900    -999999 2000    -999999 1700    800     800     100     500     600     700     400     200     300     300     100     500     200     0       
8243   1939 4900    1500    2900    600     1200    1600    600     100     500     200     700     300     900     300     400     300     0       300     900     
8243   1940 -999999 2000    -999999 1200    -999999 -999999 -999999 0       300     500     1000    -999999 -999999 -999999 -999999 -999999 -999999 100     0       
8243   1941 2500    -999999 1200    500     400     1100    500     300     200     300     100     0       300     200     600     0       300     200     0       
8243   1942 1500    600     1000    0       200     500     700     0       0       100     100     0       400     0       100     400     100     200     100     
8243   1943 3200    700     2100    200     1000    800     1000    0       100     200     400     400     200     100     500     500     500     0       300     
8243   1944 1800    1000    1400    400     600     500     500     0       100     100     300     200     100     100     300     400     100     0       100     
8243   1945 2700    200     1700    100     900     200     1400    0       0       0       500     400     100     100     0       600     500     300     200     
8243   1946 3500    1700    1800    800     800     1100    1000    200     400     100     400     300     200     400     500     0       400     600     0       
8243   1947 2000    1100    1700    100     600     800     400     100     0       0       500     100     100     400     300     300     100     0       100     
8243   1948 4300    1300    2000    700     1000    1200    1000    400     200     500     400     100     100     800     300     300     400     300     500     
8243   1949 3900    2300    2200    1400    1400    900     600     700     200     200     700     500     100     300     500     100     400     100     100     
8243   1950 3300    1300    1900    500     500     1100    900     0       400     300     200     0       200     400     500     600     300     0       400     
8243   1951 2800    1300    1100    800     600     400     700     400     0       200     100     300     100     300     0       300     100     300     700     
8243   1952 2700    1900    1500    1500    300     1100    500     700     100     0       100     200     400     500     200     100     400     0       0       
8243   1953 4800    1900    2600    900     1300    1000    1300    500     400     600     300     400     0       600     400     900     400     0       300     
8243   1954 3000    1000    1600    600     100     1100    1500    100     200     0       0       100     0       500     600     400     700     400     0       
8243   1955 3900    1600    1900    300     900     1100    1100    100     200     200     200     500     300     200     600     100     500     500     500     
8243   1956 2500    2000    1200    1000    600     500     900     500     0       0       300     300     0       200     300     100     800     0       0       
8243   1957 2500    1000    1300    200     400     700     800     200     0       0       200     200     300     0       400     200     400     200     400     
8243   1958 5700    2600    1500    1500    1000    900     2000    900     200     500     100     400     300     400     200     100     900     1000    700     
8243   1959 2900    3400    1600    1300    800     700     700     300     300     200     500     100     100     400     200     300     400     0       100     
8243   1960 3000    1400    1500    1000    500     400     1000    300     600     0       400     100     200     100     100     600     100     300     200     
8243   1961 2900    1300    1700    800     1100    300     800     500     100     100     700     300     0       200     100     400     0       400     100     
8243   1962 5200    2100    2500    1700    1000    1000    900     500     1100    0       300     700     100     500     400     500     100     300     700     
8243   1963 4000    2500    1100    1700    700     800     900     100     900     400     200     100     200     200     400     0       800     100     600     
8243   1964 2900    1800    1400    900     400     900     800     300     0       0       0       400     200     200     500     100     100     600     500     
8243   1965 3500    2000    2000    1000    1100    1200    500     400     100     300     100     700     800     200     200     0       300     200     200     
8243   1966 2900    1100    1600    400     600     800     1300    100     100     200     0       400     500     100     200     400     900     0       0       
8243   1967 3300    1900    1300    200     1300    600     1200    0       200     800     100     400     400     100     100     200     800     200     0       
8243   1968 3600    2000    2300    200     1800    1100    500     200     0       800     700     300     100     700     300     200     300     0       0       
8243   1969 3700    400     3100    100     500     1700    1300    0       100     0       300     200     500     900     300     900     200     200     100     
8243   1970 2200    900     1300    500     200     1000    600     100     300     0       0       200     200     500     300     100     200     300     0       
8243   1971 4100    1400    1500    500     700     800     2000    500     0       400     200     100     400     0       400     400     900     700     100     
8243   1972 2600    2100    1500    500     800     600     300     300     100     0       500     300     300     100     200     100     0       200     500     
8243   1973 3900    1500    1900    1100    700     1000    700     400     200     200     200     300     600     200     200     400     0       300     900     
8243   1974 3400    1900    2200    1600    900     1000    400     600     100     0       600     300     300     200     500     300     0       100     400     
8243   1975 3900    1900    1400    1100    1300    500     900     500     200     700     400     200     200     200     100     300     400     200     500     
8243   1976 3500    1600    2500    900     800     1600    400     400     0       100     200     500     700     700     200     200     100     100     300     
8243   1977 3600    1200    1400    300     1100    800     1400    0       0       700     400     0       400     100     300     200     300     900     300     
8243   1978 4700    3100    2300    1400    1200    1000    1200    900     200     500     400     300     400     300     300     600     100     500     200     
8243   1979 4300    1500    2300    800     600     1500    1100    100     500     100     0       500     1200    300     0       300     500     300     500     
8243   1980 3300    1700    1800    700     400     1400    700     100     100     200     100     100     200     700     500     200     0       500     600     
8243   1981 4300    2100    2600    1400    1500    700     1000    200     600     200     600     700     300     300     100     600     100     300     300     
8243   1982 5700    2000    2000    1100    1600    600     1400    200     600     500     700     400     400     100     100     300     300     800     1300    
8243   1983 5900    4400    1600    2700    1100    1000    1600    1100    300     600     200     300     100     100     800     100     700     800     800     
8243   1984 2800    2900    1800    1200    900     800     700     200     200     200     100     600     200     300     300     300     100     300     0       
8243   1985 2300    1100    900     600     200     700     600     400     200     100     100     0       100     400     200     100     400     100     200     
8243   1986 3100    1600    1700    800     600     1300    400     400     200     300     100     200     400     400     500     100     200     100     200     
8243   1987 3000    1400    1900    1000    400     1000    600     200     600     100     100     200     200     0       800     600     0       0       200     
8243   1988 4100    700     2800    600     1000    1100    1600    300     100     100     600     300     300     200     600     800     600     200     0       
8243   1989 5100    3200    2000    1200    2100    1000    800     600     600     1200    600     300     100     500     400     100     700     0       0       
8243   1990 7100    2800    2700    800     2500    1200    1900    300     500     1300    400     800     0       800     400     300     1000    600     700     
8243   1991 5300    3100    3300    1400    1000    2000    1600    500     200     100     400     500     400     1000    600     400     500     700     0       
8243   1992 5800    3700    2100    2000    1400    1000    900     1000    1000    500     300     600     300     400     300     200     500     200     500     
8243   1993 5100    3300    2100    1900    1600    900     900     600     800     700     500     400     100     300     500     300     600     0       300     
8243   1994 5500    2000    3600    700     1900    2000    1000    400     0       700     400     800     600     1000    400     400     400     200     200     
8243   1995 6300    3000    1700    1700    1300    800     2300    700     800     700     300     300     0       300     500     300     900     1100    400     
8243   1996 3600    2700    2200    700     300     1800    900     100     200     0       100     200     400     1000    400     100     400     400     300     
8243   1997 7100    3200    3800    1500    2800    1500    1500    400     800     900     1000    900     400     400     700     400     800     300     100     
8243   1998 6600    2400    3000    1200    1100    1800    1100    400     700     100     500     500     500     700     600     200     700     200     1500    
8243   1999 6000    3200    3300    2300    1400    1700    1600    400     400     0       500     900     100     1000    600     200     700     700     500     
8243   2000 4800    2700    3800    900     1500    2400    500     0       400     400     600     500     1200    300     900     300     200     0       0       
8243   2001 7600    1700    4500    800     2300    2100    2400    400     400     700     500     1100    1300    200     600     800     300     1300    0       
8243   2002 8400    6000    3600    3200    2000    2400    800     1700    1500    1200    200     600     900     700     800     400     200     200     0       
8243   2003 6700    2300    3000    1400    1500    1400    1600    700     700     500     400     600     600     700     100     600     900     100     800     
8243   2004 6200    3200    2900    1900    1100    1300    2700    300     800     300     200     600     700     600     0       800     1400    500     0       
8243   2005 5600    2900    2800    500     1000    1900    2000    400     100     500     300     200     400     1000    500     400     1300    300     200     
8243   2006 5400    2600    2600    600     700     2000    1600    100     300     400     0       300     1000    700     300     300     500     800     700     
8243   2007 8200    3700    4400    2200    1300    2200    2400    700     800     200     600     500     200     1400    600     1100    700     600     800     
8243   2008 6600    3800    3000    1300    1800    1800    2200    100     400     1200    400     200     900     500     400     600     900     700     300     
8243   2009 4600    2500    3500    500     1800    1500    1000    0       200     400     900     500     600     300     600     600     400     0       100     
8243   2010 5100    1000    2600    500     400     1800    2500    100     300     100     100     200     500     900     400     500     900     1100    0       
8243   2011 7300    3100    4300    700     2000    2600    1600    0       700     400     1100    500     1000    600     1000    100     1200    300     400     
8243   2012 5600    2700    4000    600     1800    1900    1700    100     100     600     700     500     600     700     600     900     700     100     0       
8243   2013 6600    1400    2700    400     1400    1400    2200    300     100     200     900     300     900     0       500     100     500     1600    1200    
8243   2014 6300    5600    2900    2200    2600    1500    600     800     200     1300    1000    300     300     400     800     100     0       500     600     
8243   2015 8100    4100    3700    2700    2500    1900    700     1200    900     900     1000    600     500     900     500     200     400     100     900     
8243   2016 5200    2700    3100    1300    1600    2000    700     0       400     900     600     100     600     600     800     400     0       300     500     
8243   2017 7600    3200    4100    1800    3000    1800    1100    700     600     1100    700     1200    1000    500     300     400     200     500     400     
8243   2018 5500    2300    3000    900     1800    1200    1700    500     0       700     800     300     600     0       600     700     900     100     300     
8243   2019 -999999 -999999 -999999 1400    -999999 -999999 -999999 700     400     -999999 -999999 -999999 -999999 -999999 -999999 -999999 -999999 -999999 -999999 
