EUROPEAN CLIMATE ASSESSMENT & DATASET (ECA&D), file created on: 20-01-2022
THESE DATA CAN BE USED FOR NON-COMMERCIAL RESEARCH AND EDUCATION PROVIDED THAT THE FOLLOWING SOURCE IS ACKNOWLEDGED: 

Klein Tank, A.M.G. and Coauthors, 2002. Daily dataset of 20th-century surface
air temperature and precipitation series for the European Climate Assessment.
Int. J. of Climatol., 22, 1441-1453.
Data and metadata available at http://www.ecad.eu

FILE FORMAT (MISSING VALUE CODE = -999999):

THIS FILE HOLDS DATA FOR STATION GERMANY                                  COTTBUS                                  (STAID:   4014)
LATITUDE: dd:mm:ss +51:46:39
LONGITUDE: ddd:mm:ss +014:19:06
ELEVATION: m   69

DATA IS FOR INDEX Days with TN > 90th percentile of daily min temp (warm nights) (TN90p) with unit 0.01 No of days

01-06 SOUID: Source identifier
08-11 YEAR : YYYY
13-20 ANNUAL DATA VALUES
21-28 WINTER HALF YEAR DATA VALUES
29-36 SUMMER HALF YEAR DATA VALUES
37-44 WINTER (DJF) DATA VALUES
45-52 SPRING (MAM) DATA VALUES
53-60 SUMMER (JJA) DATA VALUES
61-68 AUTUMN (SON) DATA VALUES
69-76 JANUARY DATA VALUES
etc. 
157-164 DECEMBER DATA VALUES

4014   1888 -999999 -999999 -999999 -999999 -999999 -999999 -999999 -999999 -999999 -999999 -999999 -999999 -999999 -999999 -999999 -999999 -999999 400     0       
4014   1889 3400    -999999 3200    200     1400    1800    0       0       200     0       300     1100    1300    400     100     0       0       0       0       
4014   1890 2800    700     1800    100     1200    700     800     100     0       600     100     500     0       0       700     500     300     0       0       
4014   1891 2300    700     1400    200     700     600     600     0       200     200     0       500     300     100     200     300     200     100     200     
4014   1892 3000    1100    2300    700     400     1600    500     100     400     100     0       300     200     100     1300    400     100     0       0       
4014   1893 2800    1000    1300    500     700     900     700     0       500     400     0       300     200     300     400     100     500     100     0       
4014   1894 2100    1500    1000    900     600     400     200     200     700     0       600     0       0       200     200     0       0       200     0       
4014   1895 2800    200     2100    0       600     1200    1000    0       0       0       600     0       200     500     500     300     100     600     0       
4014   1896 1600    1400    700     100     700     500     300     0       100     600     100     0       200     200     100     100     200     0       0       
4014   1897 2800    900     1900    300     900     1200    400     0       300     400     300     200     600     300     300     200     100     100     0       
4014   1898 4100    1300    1800    900     1100    700     700     700     200     200     500     400     0       0       700     200     300     200     700     
4014   1899 3600    3000    800     2300    700     300     1000    600     1000    200     100     400     0       200     100     0       300     700     0       
4014   1900 2900    1900    1600    900     500     1000    500     300     600     0       300     200     0       600     400     100     300     100     0       
4014   1901 2400    600     1400    200     600     800     700     200     0       0       400     200     200     300     300     0       600     100     100     
4014   1902 2700    1900    1300    900     600     800     200     800     0       300     100     200     500     200     100     200     0       0       300     
4014   1903 3400    2200    1200    1600    1000    500     600     900     400     600     100     300     0       100     400     300     200     100     0       
4014   1904 2100    700     1400    400     900     500     200     100     300     0       500     400     300     100     100     0       100     100     100     
4014   1905 2900    1000    2000    400     800     1200    500     0       300     400     200     200     300     600     300     400     0       100     100     
4014   1906 3100    1000    1600    600     1000    700     900     500     0       300     300     400     300     100     300     200     300     400     0       
4014   1907 2000    1100    700     400     400     300     600     400     0       0       0       400     100     0       200     0       600     0       300     
4014   1908 2500    1600    1800    1000    300     1400    100     200     500     0       0       300     700     300     400     100     0       0       0       
4014   1909 1500    300     900     300     500     400     200     200     100     0       400     100     100     0       300     0       100     100     100     
4014   1910 2400    1000    1600    700     600     1100    0       0       600     100     200     300     800     200     100     0       0       0       100     
4014   1911 3100    700     2200    600     700     1400    500     100     400     100     400     200     100     700     600     200     200     100     0       
4014   1912 2300    1600    400     800     700     200     100     100     700     500     100     100     200     0       0       0       100     0       500     
4014   1913 3500    1600    1800    700     2100    500     500     0       200     800     900     400     400     0       100     0       200     300     200     
4014   1914 2200    1500    1200    700     700     700     200     0       500     300     300     100     0       400     300     100     0       100     100     
4014   1915 1800    700     1000    500     300     800     0       200     200     100     0       200     500     200     100     0       0       0       300     
4014   1916 3500    1600    1200    1300    1100    400     800     900     100     300     500     300     100     200     100     0       500     300     200     
4014   1917 -999999 1400    1900    600     600     1100    -999999 400     0       0       0       600     700     200     200     200     -999999 -999999 -999999 
4014   1918 3200    -999999 1200    -999999 800     400     400     600     700     0       600     200     0       200     200     0       400     0       300     
4014   1919 1800    1500    800     800     500     400     300     200     300     300     200     0       200     0       200     200     100     0       100     
4014   1920 3900    1700    1900    1000    2200    200     300     600     300     600     900     700     0       200     0       100     100     100     300     
4014   1921 3200    2300    1100    2000    500     600     300     1500    200     100     0       400     200     300     100     100     200     0       100     
4014   1922 2100    1300    1000    500     1400    200     0       100     300     600     300     500     0       200     0       0       0       0       100     
4014   1923 2100    800     900     700     800     200     500     200     400     100     200     500     100     100     0       0       500     0       0       
4014   1924 1500    700     1100    100     700     100     600     100     0       100     200     400     100     0       0       400     100     100     0       
4014   1925 2400    1500    500     1200    300     300     400     400     800     100     0       200     100     0       200     0       300     100     200     
4014   1926 4100    1900    1900    1200    1100    700     1100    300     700     300     500     300     100     500     100     400     100     600     200     
4014   1927 2500    2100    500     900     500     300     1000    500     200     500     0       0       100     100     100     200     400     400     0       
4014   1928 -999999 -999999 1300    -999999 300     900     900     200     -999999 -999999 100     200     100     500     300     100     200     600     0       
4014   1929 3000    800     1400    0       500     800     900     0       0       0       100     400     0       400     400     100     500     300     800     
4014   1930 1500    1900    700     1100    400     300     500     300     0       0       400     0       300     0       0       0       100     400     0       
4014   1931 1900    600     1600    0       1000    700     0       0       0       100     0       900     0       500     200     0       0       0       200     
4014   1932 3000    500     2200    500     600     1300    700     300     0       0       200     400     100     400     800     300     300     100     100     
4014   1933 900     900     200     200     500     0       300     0       100     300     100     100     0       0       0       0       300     0       0       
4014   1934 3700    1100    1900    700     1300    700     400     200     500     100     600     600     400     200     100     0       200     200     600     
4014   1935 2500    2000    1000    1400    600     500     500     100     700     200     300     100     400     100     0       100     200     200     100     
4014   1936 2000    1400    900     900     500     500     100     500     300     100     300     100     200     300     0       0       0       100     100     
4014   1937 2700    800     1900    500     1100    800     400     300     100     200     400     500     700     0       100     200     0       200     0       
4014   1938 3100    1800    500     800     900     400     1000    600     200     800     100     0       200     0       200     0       200     800     0       
4014   1939 2900    1900    1400    900     500     600     900     500     400     0       500     0       300     200     100     300     100     500     0       
4014   1940 1200    900     500     100     600     100     400     0       100     200     200     200     0       100     0       0       200     200     0       
4014   1941 2000    700     1100    100     400     900     0       0       100     200     200     0       300     500     100     0       0       0       600     
4014   1942 1900    700     1300    700     500     300     700     100     0       0       200     300     0       0       300     500     200     0       300     
4014   1943 -999999 -999999 -999999 900     -999999 -999999 -999999 0       600     -999999 -999999 -999999 -999999 -999999 -999999 -999999 -999999 -999999 -999999 
4014   1944 -999999 -999999 -999999 -999999 -999999 -999999 -999999 -999999 -999999 -999999 -999999 -999999 -999999 -999999 -999999 -999999 -999999 -999999 -999999 
4014   1945 -999999 -999999 -999999 -999999 -999999 -999999 -999999 -999999 -999999 -999999 -999999 -999999 -999999 -999999 -999999 -999999 -999999 -999999 -999999 
4014   1946 -999999 -999999 -999999 -999999 -999999 1000    200     -999999 -999999 -999999 -999999 -999999 100     700     200     200     0       0       0       
4014   1947 2300    200     1900    0       700     600     1000    0       0       200     400     100     400     200     0       800     0       200     0       
4014   1948 4100    1400    2100    1000    1500    500     1100    600     400     200     800     500     100     200     200     300     300     500     0       
4014   1949 4100    1500    2400    600     1600    500     1000    300     300     100     800     700     100     0       400     400     500     100     400     
4014   1950 4800    2800    2700    1800    1100    1600    600     500     900     400     0       700     400     500     700     400     100     100     100     
4014   1951 3400    1100    2100    600     800     1300    500     400     100     300     500     0       400     300     600     300     0       200     300     
4014   1952 3800    1200    3000    900     1400    1600    200     100     500     100     900     400     400     500     700     100     100     0       0       
4014   1953 5400    1000    3100    800     1200    1900    1200    300     500     100     300     800     900     700     300     100     600     500     300     
4014   1954 2100    1600    900     400     200     300     1100    100     0       100     0       100     300     0       0       500     600     0       400     
4014   1955 2800    1200    1900    400     500     1100    700     0       0       200     100     200     200     300     600     500     0       200     500     
4014   1956 1900    1000    1000    800     200     400     500     200     100     0       0       200     300     0       100     400     100     0       500     
4014   1957 4300    2400    1800    1700    900     1200    1000    500     700     600     300     0       500     600     100     300     100     600     0       
4014   1958 2600    1300    1500    600     700     600     600     0       600     0       0       700     100     400     100     200     400     0       100     
4014   1959 2500    1100    1800    200     1100    1200    100     100     0       500     500     100     100     700     400     0       0       100     0       
4014   1960 2500    900     1000    500     500     800     300     400     100     300     100     100     0       100     700     0       0       300     400     
4014   1961 4400    2700    1500    1400    1600    400     1100    200     800     1000    500     100     100     100     200     500     600     0       300     
4014   1962 2300    1500    1500    900     900     500     300     500     100     0       800     100     500     0       0       100     100     100     0       
4014   1963 3300    200     2200    0       1200    700     1400    0       0       0       700     500     200     200     300     300     0       1100    0       
4014   1964 3300    1200    2800    100     700     1500    1000    0       100     0       500     200     600     600     300     600     0       400     0       
4014   1965 1000    600     700     100     200     500     100     100     0       100     0       100     200     100     200     100     0       0       100     
4014   1966 4300    1300    2100    1000    1100    1200    1000    200     700     300     500     300     500     200     500     100     900     0       100     
4014   1967 4200    2400    1700    900     1100    700     1400    100     700     600     200     300     200     300     200     500     800     100     200     
4014   1968 3600    1700    2000    400     1100    1300    1000    200     0       400     600     100     300     400     600     0       800     200     0       
4014   1969 2600    1000    1700    0       600     800     1200    0       0       0       300     300     100     700     0       300     200     700     0       
4014   1970 2500    900     1500    0       500     700     1100    0       0       0       300     200     300     300     100     300     300     500     200     
4014   1971 4100    1800    1900    900     800     1100    600     500     200     100     100     600     0       400     700     100     200     300     900     
4014   1972 3300    1600    2500    1000    700     1700    700     0       100     100     400     200     300     900     500     200     0       500     100     
4014   1973 2200    1200    1400    600     300     800     600     100     400     100     100     100     400     200     200     400     0       200     0       
4014   1974 4000    2400    700     1900    400     400     500     1000    900     300     100     0       0       0       400     200     0       300     800     
4014   1975 4700    3200    2100    2700    700     1200    700     1600    300     200     100     400     400     500     300     400     300     0       200     
4014   1976 2900    1700    1100    1300    400     600     800     900     200     100     100     200     0       400     200     200     300     300     0       
4014   1977 5300    2400    2500    700     1900    1300    1200    300     400     1100    400     400     1000    0       300     400     300     500     200     
4014   1978 3400    2000    1300    500     1100    700     900     100     200     700     100     300     200     200     300     200     200     500     400     
4014   1979 4200    1400    2500    400     1300    1100    700     0       0       300     0       1000    800     0       300     400     0       300     1100    
4014   1980 3200    2000    1000    1500    200     900     900     100     300     200     0       0       500     200     200     100     200     600     800     
4014   1981 4500    2900    2900    1200    1500    1700    900     0       400     900     300     300     900     300     500     600     0       300     0       
4014   1982 4500    800     2400    300     700     1500    1600    300     0       200     200     300     500     300     700     400     300     900     400     
4014   1983 6100    3500    2900    1600    1700    1500    1200    1200    0       700     500     500     200     800     500     400     600     200     500     
4014   1984 2300    1700    800     800     400     400     1200    300     0       100     0       300     100     200     100     100     800     300     0       
4014   1985 4500    1600    2600    200     1900    600     800     0       200     300     700     900     100     200     300     400     400     0       1000    
4014   1986 3900    1800    2400    1200    1400    1200    900     200     0       200     300     900     500     400     300     0       200     700     200     
4014   1987 4200    1400    2200    200     700     1300    1300    0       0       300     300     100     100     500     700     500     400     400     900     
4014   1988 4600    3200    2300    2400    1000    1000    700     1100    400     0       100     900     100     400     500     300     300     100     400     
4014   1989 5800    2300    2500    1600    900     1100    2000    600     600     300     500     100     100     600     400     800     1200    0       600     
4014   1990 5300    4900    1400    2900    1400    800     800     1000    1300    800     300     300     300     100     400     0       700     100     0       
4014   1991 4000    2300    2300    1000    800     1800    400     900     100     500     200     100     200     900     700     200     100     100     0       
4014   1992 4300    1400    2800    1200    400     2300    400     500     700     0       300     100     400     800     1100    100     0       300     0       
4014   1993 4400    1900    2100    1200    1900    500     400     1200    0       400     900     600     200     100     200     100     300     0       400     
4014   1994 4300    1700    2100    900     700     1800    600     500     0       500     100     100     400     800     600     100     100     400     700     
4014   1995 5200    2600    3000    2000    1000    1700    1200    200     1100    100     500     400     0       900     800     400     700     100     0       
4014   1996 2300    800     1500    0       600     900     800     0       0       0       200     400     500     200     200     0       400     400     0       
4014   1997 4800    2300    2500    1000    1400    1300    700     0       1000    500     100     800     400     0       900     300     300     100     400     
4014   1998 6800    3700    3000    2800    2100    1100    600     1300    1100    500     1000    600     800     300     0       300     300     0       600     
4014   1999 5000    2000    3000    1400    1100    1300    1400    600     200     300     500     300     200     800     300     900     300     200     400     
4014   2000 6300    2300    3200    1500    2000    1200    1500    200     900     300     900     800     700     100     400     300     800     400     500     
4014   2001 4900    3100    2400    1400    1400    1500    1100    300     600     500     400     500     100     200     1200    0       1000    100     0       
4014   2002 4700    2900    2700    1700    1100    1500    400     700     1000    100     200     800     300     400     800     200     100     100     0       
4014   2003 2700    300     2100    100     600     1500    500     100     0       0       200     400     300     700     500     0       0       500     0       
4014   2004 2700    1800    800     800     800     400     500     100     700     500     100     200     100     0       300     100     300     100     200     
4014   2005 4300    2000    2300    1300    1400    800     900     1100    0       300     300     800     200     400     200     400     300     200     100     
4014   2006 5800    1100    3200    400     500     2500    1500    0       300     200     300     0       800     1600    100     400     400     700     1000    
4014   2007 5700    5200    2000    3600    1600    900     200     1900    700     500     400     700     200     400     300     0       0       200     400     
4014   2008 4900    2700    1800    2200    700     1300    1000    900     900     300     200     200     400     500     400     100     100     800     100     
4014   2009 3400    1300    1900    100     1100    1100    1200    0       0       300     700     100     200     600     300     0       100     1100    0       
4014   2010 2900    1400    2200    0       500     1800    600     0       0       200     100     200     200     1200    400     100     0       500     0       
4014   2011 4200    1600    2400    900     1300    900     800     600     300     200     900     200     300     200     400     400     300     100     300     
4014   2012 4800    2300    2400    1400    1900    1000    500     700     400     500     500     900     100     400     500     0       200     300     300     
4014   2013 5100    1600    2800    1100    1100    1500    1000    700     100     0       600     500     400     400     700     200     600     200     700     
4014   2014 6600    3300    3000    1800    1500    1500    2000    500     600     700     400     400     300     1000    200     700     1000    300     500     
4014   2015 5500    2500    2600    1100    600     2000    900     400     200     100     300     200     0       800     1200    100     0       800     1400    
4014   2016 3800    3200    2300    2400    700     900     900     200     800     0       100     600     300     300     300     700     0       200     300     
4014   2017 4000    1600    1900    1000    900     1300    700     0       700     400     100     400     400     400     500     100     500     100     400     
4014   2018 6400    2100    4300    1300    1800    2300    600     900     0       200     800     800     900     500     900     400     0       200     800     
4014   2019 5900    2300    3400    1500    1000    2800    1000    300     400     600     400     0       1100    800     900     200     700     100     400     
4014   2020 6800    3200    3100    2300    300     2800    1500    700     1200    100     100     100     800     400     1600    100     700     700     300     
4014   2021 3900    2300    2200    800     400     1300    1300    300     200     100     0       300     700     500     100     600     500     200     400     
