EUROPEAN CLIMATE ASSESSMENT & DATASET (ECA&D), file created on: 20-01-2022
THESE DATA CAN BE USED FOR NON-COMMERCIAL RESEARCH AND EDUCATION PROVIDED THAT THE FOLLOWING SOURCE IS ACKNOWLEDGED: 

Klein Tank, A.M.G. and Coauthors, 2002. Daily dataset of 20th-century surface
air temperature and precipitation series for the European Climate Assessment.
Int. J. of Climatol., 22, 1441-1453.
Data and metadata available at http://www.ecad.eu

FILE FORMAT (MISSING VALUE CODE = -999999):

THIS FILE HOLDS DATA FOR STATION CROATIA                                  GOSPIC                                   (STAID:   1684)
LATITUDE: dd:mm:ss +44:33:00
LONGITUDE: ddd:mm:ss +015:22:00
ELEVATION: m  564

DATA IS FOR INDEX Days with TN > 90th percentile of daily min temp (warm nights) (TN90p) with unit 0.01 No of days

01-06 SOUID: Source identifier
08-11 YEAR : YYYY
13-20 ANNUAL DATA VALUES
21-28 WINTER HALF YEAR DATA VALUES
29-36 SUMMER HALF YEAR DATA VALUES
37-44 WINTER (DJF) DATA VALUES
45-52 SPRING (MAM) DATA VALUES
53-60 SUMMER (JJA) DATA VALUES
61-68 AUTUMN (SON) DATA VALUES
69-76 JANUARY DATA VALUES
etc. 
157-164 DECEMBER DATA VALUES

1684   1880 -999999 -999999 4700    -999999 1000    3100    -999999 0       200     0       600     400     800     1500    800     600     -999999 -999999 -999999 
1684   1881 -999999 -999999 -999999 -999999 -999999 -999999 -999999 -999999 -999999 -999999 -999999 -999999 -999999 -999999 -999999 -999999 -999999 -999999 -999999 
1684   1882 -999999 -999999 -999999 -999999 -999999 -999999 -999999 -999999 -999999 -999999 -999999 -999999 -999999 -999999 -999999 -999999 -999999 -999999 -999999 
1684   1883 -999999 -999999 -999999 -999999 -999999 -999999 -999999 -999999 -999999 -999999 -999999 -999999 -999999 -999999 -999999 -999999 -999999 -999999 -999999 
1684   1884 -999999 -999999 -999999 -999999 -999999 -999999 -999999 -999999 -999999 -999999 -999999 -999999 -999999 -999999 -999999 -999999 -999999 -999999 -999999 
1684   1885 -999999 -999999 -999999 -999999 -999999 -999999 -999999 -999999 -999999 -999999 -999999 -999999 -999999 -999999 -999999 -999999 -999999 -999999 -999999 
1684   1886 -999999 -999999 -999999 -999999 -999999 -999999 -999999 -999999 -999999 -999999 -999999 -999999 -999999 -999999 -999999 -999999 -999999 -999999 -999999 
1684   1887 -999999 -999999 -999999 -999999 -999999 -999999 -999999 -999999 -999999 -999999 -999999 -999999 -999999 -999999 -999999 -999999 -999999 -999999 -999999 
1684   1888 -999999 -999999 -999999 -999999 -999999 -999999 -999999 -999999 -999999 -999999 -999999 -999999 -999999 -999999 -999999 -999999 -999999 -999999 -999999 
1684   1889 -999999 -999999 -999999 -999999 -999999 -999999 -999999 -999999 -999999 -999999 -999999 -999999 -999999 -999999 -999999 -999999 -999999 -999999 -999999 
1684   1890 -999999 -999999 -999999 -999999 -999999 -999999 -999999 -999999 -999999 -999999 -999999 -999999 -999999 -999999 -999999 -999999 -999999 -999999 -999999 
1684   1891 -999999 -999999 -999999 -999999 -999999 -999999 -999999 -999999 -999999 -999999 -999999 -999999 -999999 -999999 -999999 -999999 -999999 -999999 -999999 
1684   1892 -999999 -999999 -999999 -999999 -999999 -999999 -999999 -999999 -999999 -999999 -999999 -999999 -999999 -999999 -999999 -999999 -999999 -999999 -999999 
1684   1893 -999999 -999999 -999999 -999999 -999999 -999999 -999999 -999999 -999999 -999999 -999999 -999999 -999999 -999999 -999999 -999999 -999999 -999999 -999999 
1684   1894 -999999 -999999 -999999 -999999 -999999 -999999 -999999 -999999 -999999 -999999 -999999 -999999 -999999 -999999 -999999 -999999 -999999 -999999 -999999 
1684   1895 -999999 -999999 -999999 -999999 -999999 -999999 -999999 -999999 -999999 -999999 -999999 -999999 -999999 -999999 -999999 -999999 -999999 -999999 -999999 
1684   1896 -999999 -999999 -999999 -999999 -999999 -999999 -999999 -999999 -999999 -999999 -999999 -999999 -999999 -999999 -999999 -999999 -999999 -999999 -999999 
1684   1897 -999999 -999999 -999999 -999999 -999999 -999999 -999999 -999999 -999999 -999999 -999999 -999999 -999999 -999999 -999999 -999999 -999999 -999999 -999999 
1684   1898 -999999 -999999 -999999 -999999 -999999 -999999 -999999 -999999 -999999 -999999 -999999 -999999 -999999 -999999 -999999 -999999 -999999 -999999 -999999 
1684   1899 -999999 -999999 -999999 -999999 -999999 -999999 -999999 -999999 -999999 -999999 -999999 -999999 -999999 -999999 -999999 -999999 -999999 -999999 -999999 
1684   1900 -999999 -999999 -999999 -999999 -999999 -999999 -999999 -999999 -999999 -999999 -999999 -999999 -999999 -999999 -999999 -999999 -999999 -999999 -999999 
1684   1901 -999999 -999999 -999999 -999999 -999999 -999999 -999999 -999999 -999999 -999999 -999999 -999999 -999999 -999999 -999999 -999999 700     200     900     
1684   1902 4300    2900    2700    1600    900     1400    1200    200     500     400     500     0       200     600     600     800     400     0       100     
1684   1903 -999999 1700    1800    1100    1000    600     600     800     200     200     0       800     100     300     200     400     100     100     -999999 
1684   1904 6100    -999999 3500    -999999 1700    2100    600     200     800     500     700     500     700     1100    300     200     200     200     700     
1684   1905 -999999 1100    -999999 700     -999999 -999999 400     0       0       0       300     -999999 -999999 -999999 -999999 400     0       0       200     
1684   1906 2600    900     1700    700     500     1400    100     400     100     200     300     0       400     800     200     0       0       100     100     
1684   1907 3800    300     1200    200     0       900     2000    100     0       0       0       0       400     0       500     300     1600    100     800     
1684   1908 4300    2700    4100    1000    1100    3000    0       200     0       0       0       1100    1800    1000    200     0       0       0       0       
1684   1909 2800    500     1100    400     400     600     600     400     0       100     200     100     200     200     200     200     200     200     800     
1684   1910 4200    2100    1700    1700    300     1200    600     500     400     0       200     100     400     100     700     200     0       400     1200    
1684   1911 2400    1700    1300    1300    100     1100    700     100     0       0       100     0       200     400     500     100     400     200     400     
1684   1912 -999999 2200    -999999 1400    700     -999999 -999999 500     500     200     0       500     -999999 -999999 -999999 -999999 -999999 -999999 -999999 
1684   1913 -999999 -999999 1000    -999999 600     300     1300    -999999 -999999 400     100     100     100     0       200     500     500     300     100     
1684   1914 2400    1800    600     500     800     200     500     0       400     500     0       300     100     100     0       100     200     200     500     
1684   1915 4500    1900    2000    1200    1100    1000    300     500     200     300     200     600     600     100     300     200     100     0       1400    
1684   1916 3400    2400    1100    1500    1200    700     600     100     0       800     300     100     0       600     100     0       0       600     800     
1684   1917 2500    2200    1600    1600    0       1600    100     800     0       0       0       0       400     500     700     0       100     0       0       
1684   1918 -999999 1600    -999999 1200    -999999 -999999 -999999 1200    0       300     200     -999999 -999999 -999999 -999999 -999999 -999999 -999999 -999999 
1684   1919 -999999 -999999 -999999 -999999 -999999 -999999 -999999 -999999 -999999 -999999 -999999 -999999 -999999 -999999 -999999 -999999 -999999 -999999 -999999 
1684   1920 -999999 -999999 -999999 -999999 -999999 -999999 -999999 -999999 -999999 -999999 -999999 -999999 -999999 2700    -999999 -999999 -999999 -999999 -999999 
1684   1921 -999999 -999999 -999999 -999999 -999999 -999999 -999999 -999999 -999999 -999999 -999999 -999999 -999999 -999999 -999999 -999999 -999999 -999999 -999999 
1684   1922 -999999 -999999 -999999 -999999 -999999 -999999 -999999 -999999 -999999 -999999 -999999 -999999 -999999 -999999 -999999 -999999 -999999 -999999 -999999 
1684   1923 -999999 -999999 -999999 -999999 -999999 -999999 -999999 -999999 -999999 -999999 -999999 -999999 -999999 -999999 -999999 -999999 -999999 -999999 -999999 
1684   1924 3500    -999999 2600    -999999 1100    1000    600     -999999 0       0       700     400     300     500     200     500     0       100     600     
1684   1925 4700    2300    2300    1600    1900    600     800     300     700     600     300     1000    300     100     200     400     400     0       400     
1684   1926 5000    2400    1000    1700    800     300     2600    300     1000    300     400     100     0       300     0       200     800     1600    0       
1684   1927 4800    2800    2700    200     800     1400    2000    200     0       200     300     300     400     700     300     700     400     900     400     
1684   1928 -999999 -999999 -999999 -999999 -999999 3500    1300    600     -999999 500     800     -999999 200     1900    1400    500     500     300     200     
1684   1929 -999999 -999999 2500    200     900     1500    800     0       0       0       100     800     100     300     1100    100     600     100     -999999 
1684   1930 -999999 -999999 -999999 -999999 -999999 3000    -999999 -999999 -999999 -999999 -999999 400     2000    700     300     1100    -999999 -999999 200     
1684   1931 3900    -999999 2400    700     500     2000    800     400     100     300     0       200     900     300     800     200     200     400     100     
1684   1932 3100    800     2000    200     400     600     1700    100     0       0       100     300     300     100     200     1000    700     0       300     
1684   1933 2700    1400    1700    600     500     800     1000    300     0       100     100     300     300     200     300     500     400     100     100     
1684   1934 6100    1500    3500    200     2600    1100    1200    0       100     800     1100    700     100     300     700     600     500     100     1100    
1684   1935 3900    2000    1900    1200    700     1200    1100    0       100     200     200     300     500     400     300     200     700     200     800     
1684   1936 5300    5200    1600    3600    1300    1000    200     2000    800     700     500     100     300     400     300     0       0       200     0       
1684   1937 4600    1700    2200    400     1500    1500    700     0       400     1100    100     300     900     400     200     300     400     0       500     
1684   1938 2700    1100    1300    700     0       1200    700     200     0       0       0       0       200     700     300     100     400     200     600     
1684   1939 1900    2000    500     1400    0       500     600     700     100     0       0       0       300     100     100     0       500     100     0       
1684   1940 1800    800     700     0       500     300     1000    0       0       200     200     100     100     0       200     100     300     600     0       
1684   1941 2600    2100    1200    800     1000    600     200     600     200     400     300     300     100     200     300     0       200     0       0       
1684   1942 -999999 200     2700    0       600     1300    -999999 0       0       0       100     500     700     200     400     800     0       -999999 -999999 
1684   1943 -999999 -999999 -999999 -999999 -999999 -999999 -999999 -999999 -999999 -999999 -999999 -999999 -999999 -999999 -999999 -999999 -999999 -999999 -999999 
1684   1944 -999999 -999999 -999999 -999999 -999999 -999999 -999999 -999999 -999999 -999999 -999999 -999999 -999999 -999999 -999999 -999999 -999999 -999999 -999999 
1684   1945 -999999 -999999 -999999 -999999 -999999 -999999 -999999 -999999 -999999 200     0       -999999 -999999 -999999 -999999 -999999 -999999 -999999 -999999 
1684   1946 2800    -999999 1400    -999999 1000    600     600     200     400     600     100     300     400     100     100     400     0       200     0       
1684   1947 4200    1500    2000    300     1400    1400    700     0       300     1000    200     200     0       600     800     200     100     400     400     
1684   1948 5100    2900    2400    2400    1100    1100    700     1800    200     0       400     700     700     100     300     200     500     0       200     
1684   1949 3600    1700    1000    1200    500     200     1600    900     100     0       400     100     100     0       100     300     600     700     300     
1684   1950 4000    2000    2700    700     700     1600    1000    0       400     0       500     200     700     700     200     400     0       600     300     
1684   1951 7000    3400    2800    2300    1700    900     2000    1200    800     500     500     700     200     200     500     700     400     900     400     
1684   1952 5400    2400    3000    800     1200    1100    2200    300     100     300     600     300     100     500     500     1000    800     400     500     
1684   1953 3800    1800    1900    600     600     900     1500    100     0       0       400     200     700     0       200     400     1100    0       700     
1684   1954 3400    2600    1900    1000    600     1700    400     100     200     500     100     0       1000    400     300     100     200     100     400     
1684   1955 3600    2000    1100    1600    200     600     900     500     700     100     0       100     200     200     200     400     400     100     700     
1684   1956 3000    2500    1600    2000    600     800     300     1300    0       0       600     0       100     300     400     200     100     0       0       
1684   1957 3500    1200    1400    700     500     1100    800     100     600     400     100     0       700     0       400     200     300     300     400     
1684   1958 5600    2700    1800    2100    500     1100    1100    800     900     0       0       500     400     300     400     200     500     400     1200    
1684   1959 5300    3900    2000    2100    1500    1100    1100    900     0       900     500     100     300     500     300     300     200     600     700     
1684   1960 6900    3600    2100    2000    1800    500     2500    400     900     800     300     700     200     200     100     600     1200    700     800     
1684   1961 3700    3000    1800    1100    1100    400     1300    300     0       0       900     200     100     200     100     300     500     500     600     
1684   1962 2600    2300    1400    1000    500     900     700     400     0       300     100     100     300     400     200     300     100     300     100     
1684   1963 5900    1200    3400    700     1000    1800    2500    600     0       100     700     200     300     700     800     700     200     1600    0       
1684   1964 3400    2400    2100    300     1000    1100    800     0       300     300     400     300     900     100     100     300     400     100     200     
1684   1965 3800    1600    1700    700     700     700     1400    500     0       400     100     200     200     300     200     700     0       700     500     
1684   1966 5900    2900    2600    1900    1500    1200    1700    0       1400    300     1000    200     400     500     300     200     1400    100     100     
1684   1967 4200    2800    2200    400     1700    1100    800     100     200     900     500     300     300     600     200     300     300     200     300     
1684   1968 4000    1600    2700    800     1600    1000    900     0       500     300     400     900     400     300     300     400     100     400     0       
1684   1969 4300    1400    2400    400     1200    800     1900    300     100     500     100     600     300     0       500     900     0       1000    0       
1684   1970 2900    2100    1200    1100    300     400     1100    800     300     0       200     100     300     0       100     500     0       600     0       
1684   1971 2900    1500    1700    600     600     1300    400     500     100     300     200     100     500     400     400     100     0       300     0       
1684   1972 4900    1600    2200    300     1800    1200    1100    100     200     1000    500     300     400     600     200     200     600     300     500     
1684   1973 3900    1800    2300    900     800     1200    1000    300     100     0       100     700     400     500     300     300     300     400     500     
1684   1974 2800    2200    1500    1200    400     1200    300     0       700     300     100     0       500     100     600     200     0       100     200     
1684   1975 4000    1600    2400    700     1500    1400    400     500     0       800     300     400     500     600     300     300     0       100     200     
1684   1976 1800    600     700     500     400     100     700     300     0       0       100     300     0       100     0       200     300     200     300     
1684   1977 4800    3500    1800    2300    1400    1100    200     700     1300    700     400     300     200     400     500     0       0       200     100     
1684   1978 2400    1500    500     900     500     400     0       400     400     400     100     0       200     0       200     0       0       0       700     
1684   1979 4300    3000    1000    1800    1400    700     700     400     700     1200    100     100     300     300     100     100     400     200     400     
1684   1980 2300    1600    1200    1000    0       900     800     300     300     0       0       0       200     200     500     300     400     100     0       
1684   1981 4800    1200    2100    100     1300    800     1800    100     0       600     200     500     100     100     600     600     1100    100     800     
1684   1982 5700    2500    3500    1100    900     2200    1800    300     0       200     0       700     1000    800     400     600     800     400     500     
1684   1983 2800    1900    2000    500     1000    800     400     0       0       200     300     500     0       100     700     400     0       0       600     
1684   1984 2400    1100    700     1100    200     100     1400    200     300     0       0       200     100     0       0       400     700     300     200     
1684   1985 2800    1700    1200    600     600     700     300     300     100     100     300     200     100     300     300     0       0       300     800     
1684   1986 3100    1700    2200    1400    1100    1100    200     400     200     0       100     1000    400     100     600     0       200     0       100     
1684   1987 4400    800     2300    600     300     1500    1900    100     400     0       300     0       500     800     200     500     1200    200     200     
1684   1988 4200    3900    1500    2400    800     800     200     1700    500     100     100     600     100     400     300     0       200     0       200     
1684   1989 5400    1600    2500    800     1400    1700    700     100     500     600     600     200     100     700     900     0       200     500     1000    
1684   1990 4500    3200    1900    2000    1400    800     1000    500     500     500     300     600     400     300     100     200     500     300     300     
1684   1991 5200    2600    3100    1100    700     2200    1500    700     100     700     0       0       300     1400    500     900     300     300     0       
1684   1992 3900    1300    1700    500     800     1000    1300    300     200     200     500     100     400     400     200     100     700     500     300     
1684   1993 4800    1900    2800    600     500     1500    1700    300     0       100     0       400     400     200     900     900     700     100     800     
1684   1994 7000    3800    3600    2000    1700    2100    1700    800     400     1000    300     400     500     900     700     800     700     200     300     
1684   1995 3900    2500    1800    1200    600     1400    600     300     600     400     0       200     200     1100    100     200     300     100     400     
1684   1996 4900    1400    2700    900     1300    1500    1300    400     100     100     400     800     700     300     500     0       400     900     300     
1684   1997 3300    2100    1600    800     200     1400    1000    100     400     0       0       200     800     300     300     0       200     800     200     
1684   1998 5800    2700    3600    1300    1000    2200    1500    900     200     400     600     0       700     700     800     800     600     100     0       
1684   1999 6000    1800    3900    500     1400    2400    1200    500     0       600     400     400     1100    200     1100    700     500     0       500     
1684   2000 6500    1200    3100    700     1100    1700    2600    100     100     0       700     400     600     800     300     300     1100    1200    900     
1684   2001 7200    6600    2900    2500    3000    1400    1200    1000    600     1800    200     1000    200     400     800     300     900     0       0       
1684   2002 8400    2700    4400    800     2100    2900    2300    200     600     1000    300     800     800     1300    800     400     500     1400    300     
1684   2003 7700    2500    6200    600     1400    4500    1300    300     0       0       300     1100    1800    900     1800    300     300     700     200     
1684   2004 6400    1800    3200    600     1100    2000    2000    300     100     200     600     300     400     600     1000    300     1200    500     900     
1684   2005 5700    2900    4300    1000    1100    2700    1700    100     0       200     300     600     800     1100    800     700     800     200     100     
1684   2006 8400    2000    5100    600     1600    3000    2600    100     400     400     700     500     1000    1200    800     900     1000    700     700     
1684   2007 7000    5200    3900    2900    1700    2700    400     1100    1100    600     200     900     1500    300     900     100     100     200     0       
1684   2008 8500    2300    4900    1500    1900    2700    2000    1200    300     500     900     500     1100    1000    600     800     600     600     400     
1684   2009 8800    3200    5500    1300    2200    2900    2200    400     500     700     1000    500     500     1500    900     1100    500     600     600     
1684   2010 6900    3300    3900    1300    1900    2200    1600    400     300     900     500     500     500     1100    600     700     200     700     500     
1684   2011 6800    2900    3900    1300    1200    2800    1100    600     200     700     400     100     1000    1100    700     600     500     0       900     
1684   2012 8600    2300    6100    1400    1800    3700    2200    400     100     400     700     700     1500    1500    700     1000    400     800     400     
1684   2013 6600    2900    3700    1000    1800    2200    1600    500     100     700     500     600     400     900     900     400     800     400     400     
1684   2014 10000   5000    4200    3200    2200    1900    2800    1600    1200    600     1200    400     400     700     800     700     700     1400    300     
1684   2015 7900    3600    6000    1200    1900    3500    1600    900     0       300     500     1100    700     1500    1300    900     600     100     0       
1684   2016 8300    3300    4500    2100    1800    2500    1900    800     1300    500     700     600     900     1200    400     700     300     900     0       
1684   2017 6600    2600    4400    800     1300    3300    700     0       800     600     400     300     1200    900     1200    400     200     100     500     
1684   2018 10200   2500    6600    1700    2900    4000    1600    1100    100     500     1200    1200    1500    1100    1400    200     900     500     500     
1684   2019 9200    2700    6100    900     1200    4700    2100    200     200     400     600     200     1700    1100    1900    600     200     1300    800     
1684   2020 8100    3900    5300    1700    1800    3300    1700    0       900     700     400     700     600     700     2000    900     700     100     400     
1684   2021 8900    3300    5300    2200    1300    3800    1100    900     900     300     200     800     1100    1600    1100    500     300     300     900     
