EUROPEAN CLIMATE ASSESSMENT & DATASET (ECA&D), file created on: 20-01-2022
THESE DATA CAN BE USED FOR NON-COMMERCIAL RESEARCH AND EDUCATION PROVIDED THAT THE FOLLOWING SOURCE IS ACKNOWLEDGED: 

Klein Tank, A.M.G. and Coauthors, 2002. Daily dataset of 20th-century surface
air temperature and precipitation series for the European Climate Assessment.
Int. J. of Climatol., 22, 1441-1453.
Data and metadata available at http://www.ecad.eu

FILE FORMAT (MISSING VALUE CODE = -999999):

THIS FILE HOLDS DATA FOR STATION LATVIA                                   SKULTE                                   (STAID:    982)
LATITUDE: dd:mm:ss +57:18:00
LONGITUDE: ddd:mm:ss +024:24:00
ELEVATION: m    9

DATA IS FOR INDEX Days with TN > 90th percentile of daily min temp (warm nights) (TN90p) with unit 0.01 No of days

01-06 SOUID: Source identifier
08-11 YEAR : YYYY
13-20 ANNUAL DATA VALUES
21-28 WINTER HALF YEAR DATA VALUES
29-36 SUMMER HALF YEAR DATA VALUES
37-44 WINTER (DJF) DATA VALUES
45-52 SPRING (MAM) DATA VALUES
53-60 SUMMER (JJA) DATA VALUES
61-68 AUTUMN (SON) DATA VALUES
69-76 JANUARY DATA VALUES
etc. 
157-164 DECEMBER DATA VALUES

982    1933 1500    -999999 900     -999999 400     600     500     0       0       400     0       0       300     300     0       300     200     0       0       
982    1934 -999999 -999999 -999999 -999999 -999999 -999999 -999999 -999999 -999999 -999999 -999999 -999999 -999999 -999999 -999999 -999999 -999999 200     100     
982    1935 -999999 -999999 -999999 -999999 -999999 -999999 -999999 -999999 -999999 -999999 -999999 -999999 -999999 -999999 -999999 300     -999999 -999999 -999999 
982    1936 -999999 -999999 -999999 -999999 -999999 -999999 -999999 -999999 -999999 -999999 -999999 -999999 -999999 -999999 200     -999999 -999999 -999999 800     
982    1937 4200    -999999 2900    1500    1000    1200    1300    400     300     0       600     400     600     400     200     700     300     300     0       
982    1938 3500    1400    1800    200     600     1200    1500    0       200     600     0       0       0       600     600     600     500     400     0       
982    1939 -999999 2100    -999999 1100    300     -999999 400     300     800     100     200     0       -999999 400     400     100     0       300     200     
982    1940 2600    600     1600    300     300     1300    900     0       100     0       0       300     700     600     0       0       100     800     0       
982    1941 700     900     600     0       0       600     0       0       0       0       0       0       0       500     100     0       0       0       100     
982    1942 -999999 -999999 700     -999999 -999999 200     1200    0       -999999 -999999 0       0       0       100     100     500     500     200     200     
982    1943 3800    2200    1500    1100    900     600     900     0       900     400     400     100     0       200     400     400     500     0       500     
982    1944 -999999 2100    -999999 1600    400     800     -999999 800     300     0       100     300     0       200     600     -999999 -999999 -999999 -999999 
982    1945 -999999 -999999 2200    -999999 500     1800    100     -999999 -999999 200     200     100     100     800     900     100     0       0       0       
982    1946 2400    300     2000    300     400     1100    500     300     0       0       300     100     200     500     400     500     0       0       100     
982    1947 2900    300     2000    300     200     1300    800     200     0       0       200     0       300     700     300     500     300     0       400     
982    1948 4600    1100    2900    800     1400    1000    1400    100     300     0       500     900     200     300     500     500     200     700     400     
982    1949 5100    2400    2400    1500    1200    800     1200    400     700     0       400     800     500     0       300     400     600     200     800     
982    1950 4000    2100    2400    1100    1400    500     1300    0       300     200     700     500     100     100     300     700     400     200     500     
982    1951 3800    1300    2400    700     900     800     1300    100     100     0       800     100     300     300     200     700     200     400     600     
982    1952 1300    1700    800     1100    600     200     0       500     0       0       500     100     0       0       200     0       0       0       0       
982    1953 4100    0       2800    0       700     1500    1400    0       0       0       400     300     700     600     200     600     600     200     500     
982    1954 4000    1800    2500    600     1100    1100    1400    100     0       400     0       700     400     400     300     700     400     300     300     
982    1955 2800    1300    1600    600     0       500     1900    100     200     0       0       0       0       100     400     1100    600     200     100     
982    1956 1700    900     700     100     0       600     400     0       0       0       0       0       500     100     0       100     300     0       700     
982    1957 5300    2200    2100    1900    500     1500    1600    500     700     0       400     100     200     900     400     100     700     800     500     
982    1958 2600    2200    1300    700     400     600     1200    100     100     0       100     300     300     300     0       300     600     300     200     
982    1959 3800    1900    2400    800     1300    1300    500     600     0       200     700     400     400     300     600     0       400     100     100     
982    1960 3000    600     1600    100     400     1200    400     0       0       0       200     200     100     700     400     0       0       400     1000    
982    1961 5100    3200    2000    2000    1400    1100    1400    300     700     800     200     400     800     300     0       300     900     200     200     
982    1962 3000    2400    700     1300    700     0       700     1000    100     0       700     0       0       0       0       0       300     400     500     
982    1963 4000    1200    3400    500     1500    1200    1100    0       0       0       500     1000    0       400     800     700     0       400     200     
982    1964 2600    800     1400    400     100     1100    700     100     100     0       100     0       600     400     100     200     200     300     500     
982    1965 3700    1500    2800    900     800     900     1500    300     100     100     700     0       300     0       600     1200    300     0       100     
982    1966 2500    800     1300    400     300     1000    900     0       300     100     0       200     400     500     100     100     800     0       0       
982    1967 5000    1700    2100    100     1600    600     2500    0       100     800     500     300     0       200     400     700     1000    800     200     
982    1968 3700    2400    2400    300     700     1400    1300    0       100     300     100     300     400     100     900     600     200     500     200     
982    1969 1300    900     600     200     200     300     800     0       0       0       100     100     200     0       100     100     400     300     0       
982    1970 1900    800     1200    0       300     800     300     0       0       100     200     0       400     400     0       200     0       100     500     
982    1971 4200    1600    1900    1400    800     1100    600     800     100     100     400     300     0       400     700     100     400     100     800     
982    1972 6600    1400    4700    900     900     3400    600     100     0       0       300     600     700     1500    1200    400     0       200     1600    
982    1973 3900    3100    2000    2500    600     1600    300     300     600     400     0       200     400     900     300     200     100     0       500     
982    1974 3500    1500    1400    1300    300     500     1300    0       800     100     0       200     100     200     200     700     100     500     600     
982    1975 6300    3300    3300    2000    2100    1000    1200    1100    300     700     100     1300    100     600     300     900     300     0       600     
982    1976 1500    1400    900     1000    300     400     400     300     100     100     200     0       0       400     0       300     0       100     0       
982    1977 3500    700     1800    100     900     1100    1300    0       100     500     0       400     900     100     100     300     300     700     100     
982    1978 2700    2100    600     200     1200    300     1100    100     0       900     100     200     100     0       200     0       0       1100    0       
982    1979 2300    1300    1300    0       900     500     500     0       0       200     200     500     500     0       0       100     200     200     400     
982    1980 1800    800     1000    400     300     700     300     0       0       0       300     0       400     300     0       0       0       300     500     
982    1981 2800    1000    2100    500     700     1000    1100    0       0       200     0       500     700     100     200     600     500     0       0       
982    1982 3300    500     1600    0       300     1000    1600    0       0       0       100     200     0       600     400     300     200     1100    400     
982    1983 5400    3100    2900    1700    1700    1000    1100    1300    0       100     800     800     200     300     500     300     500     300     300     
982    1984 4500    1500    2600    700     1700    700     1300    400     0       0       800     900     400     100     200     200     900     200     400     
982    1985 2000    1600    1300    400     600     800     600     0       0       100     0       500     0       100     700     0       600     0       0       
982    1986 3900    1200    1700    200     1200    900     1100    200     0       400     600     200     300     200     400     0       0       1100    500     
982    1987 1700    2100    500     900     400     200     600     0       400     100     0       300     0       200     0       0       200     400     100     
982    1988 5200    2000    3800    1200    1300    2100    700     600     500     200     600     500     600     1000    500     600     0       100     0       
982    1989 9200    5400    2600    3700    2400    1400    1200    1900    1800    1600    800     0       400     500     500     400     600     200     500     
982    1990 7300    6000    1700    3700    2400    800     500     1100    2100    1500    800     100     200     200     400     0       200     300     400     
982    1991 5100    2600    2000    1500    1700    600     1200    700     400     600     800     300     100     100     400     300     300     600     500     
982    1992 5200    3900    2400    2000    1600    1400    400     800     700     1000    500     100     200     700     500     400     0       0       300     
982    1993 3600    1900    1600    1800    1600    100     200     1200    300     100     300     1200    0       100     0       0       200     0       200     
982    1994 4100    1200    2500    700     1400    1100    800     500     0       300     1100    0       0       700     400     300     100     400     300     
982    1995 6400    3200    2900    1800    1900    1600    1300    200     1300    900     500     500     1200    200     200     300     900     100     100     
982    1996 2900    1100    1600    100     700     900     1300    0       0       0       100     600     100     100     700     0       400     900     0       
982    1997 4400    2800    2300    900     700     1800    900     0       900     600     100     0       300     600     900     400     100     400     100     
982    1998 6300    3000    3300    2500    2000    800     600     1400    1000    0       1400    600     600     200     0       500     100     0       500     
982    1999 7900    1500    5100    900     2000    3000    2000    400     0       500     1400    100     1400    1300    300     600     600     800     500     
982    2000 7600    3500    3000    1800    2000    1100    1700    400     900     300     1400    300     200     200     700     200     800     700     1500    
982    2001 6900    4500    4300    2600    1300    3100    1400    600     500     400     500     400     600     1700    800     300     1000    100     0       
982    2002 6200    3400    3700    1900    1800    1900    600     500     1400    400     600     800     200     1000    700     400     0       200     0       
982    2003 5000    900     3100    500     500     2300    900     500     0       200     0       300     100     1600    600     500     0       400     800     
982    2004 4900    1700    2900    1000    1500    1100    1600    0       200     300     500     700     0       500     600     600     500     500     500     
982    2005 4100    2500    2000    1500    500     600     1700    1000    0       0       500     0       100     200     300     900     100     700     300     
982    2006 8000    1100    3300    300     700     1500    3600    0       0       0       300     400     400     700     400     1100    1100    1400    2200    
982    2007 6700    7200    2400    3600    1900    1200    1000    1400    0       1100    100     700     100     200     900     400     600     0       1200    
982    2008 8000    5600    2700    4200    1800    1300    1700    1100    1900    800     700     300     0       100     1200    400     1000    300     200     
982    2009 4100    2200    1800    900     500     600     2000    400     300     0       400     100     200     300     100     700     100     1200    300     
982    2010 7500    2400    5700    400     1700    4300    1400    0       100     700     300     700     300     2400    1600    400     0       1000    0       
982    2011 8900    1700    4800    400     700     3000    3400    300     100     300     200     200     900     1400    700     1400    800     1200    1400    
982    2012 6700    4400    4200    2000    1800    1700    2500    500     100     400     800     600     200     1200    300     1100    500     900     100     
982    2013 6600    1800    3300    400     1000    2100    1900    300     0       0       0       1000    900     700     500     200     1100    600     1300    
982    2014 7900    5900    3300    3100    2300    1800    1300    700     1100    1100    400     800     300     900     600     300     600     400     700     
982    2015 -999999 3600    1500    -999999 1200    600     -999999 600     500     800     200     200     0       100     500     500     200     -999999 -999999 
982    2016 7100    -999999 3700    -999999 1300    2300    800     400     1000    400     600     300     700     800     800     500     0       300     1300    
982    2017 3600    2900    1300    2000    1100    600     700     300     400     600     300     200     100     0       500     200     300     200     500     
982    2018 7800    2300    5400    1500    1400    2900    2200    1000    0       300     500     600     300     1400    1200    1400    300     500     300     
982    2019 8700    2800    4000    1300    1800    2200    2300    0       1000    700     600     500     1300    600     300     700     700     900     1400    
982    2020 11300   8600    3200    5900    1700    1400    3300    2600    1900    1100    600     0       900     300     200     1200    1100    1000    400     
982    2021 6800    3600    3900    800     1400    3000    1400    100     300     700     400     300     1000    1600    400     200     600     600     600     
