EUROPEAN CLIMATE ASSESSMENT & DATASET (ECA&D), file created on: 20-01-2022
THESE DATA CAN BE USED FOR NON-COMMERCIAL RESEARCH AND EDUCATION PROVIDED THAT THE FOLLOWING SOURCE IS ACKNOWLEDGED: 

Klein Tank, A.M.G. and Coauthors, 2002. Daily dataset of 20th-century surface
air temperature and precipitation series for the European Climate Assessment.
Int. J. of Climatol., 22, 1441-1453.
Data and metadata available at http://www.ecad.eu

FILE FORMAT (MISSING VALUE CODE = -999999):

THIS FILE HOLDS DATA FOR STATION GERMANY                                  BAD KONIGSHOFEN                          (STAID:   4299)
LATITUDE: dd:mm:ss +50:17:07
LONGITUDE: ddd:mm:ss +010:26:48
ELEVATION: m  288

DATA IS FOR INDEX Days with TN > 90th percentile of daily min temp (warm nights) (TN90p) with unit 0.01 No of days

01-06 SOUID: Source identifier
08-11 YEAR : YYYY
13-20 ANNUAL DATA VALUES
21-28 WINTER HALF YEAR DATA VALUES
29-36 SUMMER HALF YEAR DATA VALUES
37-44 WINTER (DJF) DATA VALUES
45-52 SPRING (MAM) DATA VALUES
53-60 SUMMER (JJA) DATA VALUES
61-68 AUTUMN (SON) DATA VALUES
69-76 JANUARY DATA VALUES
etc. 
157-164 DECEMBER DATA VALUES

4299   1951 2800    -999999 1600    -999999 700     1000    600     200     100     300     100     300     200     400     400     200     0       400     200     
4299   1952 3900    1200    3000    500     1900    1300    400     100     200     300     1500    100     400     500     400     100     300     0       0       
4299   1953 3400    900     1900    400     600     1300    800     100     300     200     100     300     800     200     300     200     300     300     300     
4299   1954 3200    1200    1600    400     500     600     1600    100     0       200     300     0       500     0       100     700     800     100     400     
4299   1955 2300    1500    1400    400     500     900     600     0       0       200     200     100     200     500     200     200     200     200     300     
4299   1956 2900    900     1600    300     800     600     800     0       0       200     400     200     300     200     100     400     300     100     700     
4299   1957 5300    3600    2400    2100    1400    1800    700     300     1100    1100    200     100     600     1000    200     300     200     200     0       
4299   1958 3000    1100    1900    700     900     900     500     0       700     0       100     800     100     200     600     100     200     200     0       
4299   1959 2800    1400    1800    500     1300    1000    0       400     100     500     600     200     300     400     300     0       0       0       0       
4299   1960 3700    1300    1500    800     1200    800     500     400     400     500     300     400     300     100     400     0       100     400     400     
4299   1961 6000    2400    3300    1300    2500    800     1300    200     700     600     1700    200     600     0       200     600     500     200     500     
4299   1962 2000    2100    1000    1300    600     300     300     800     0       100     300     200     200     0       100     200     100     0       0       
4299   1963 2700    100     1700    0       800     500     1400    0       0       0       500     300     100     200     200     400     0       1000    0       
4299   1964 2900    1500    1900    400     900     800     800     0       400     100     400     400     300     400     100     300     0       500     0       
4299   1965 1400    800     700     100     400     500     100     100     0       200     0       200     100     400     0       0       0       100     300     
4299   1966 5800    2200    2800    1900    1600    1000    1500    100     1500    200     1200    200     600     100     300     400     1000    100     100     
4299   1967 4800    2800    2000    1300    900     1100    1500    400     800     400     100     400     300     300     500     400     1100    0       100     
4299   1968 3400    1800    1800    600     500     1300    1100    300     200     100     200     200     300     300     700     100     900     100     0       
4299   1969 3300    1200    2700    100     800     1700    700     100     0       100     200     500     200     1000    500     300     0       400     0       
4299   1970 3100    600     1200    0       600     600     1600    0       0       200     200     200     300     100     200     200     600     800     300     
4299   1971 4100    2400    2200    1000    600     1500    600     400     300     0       0       600     100     600     800     100     400     100     700     
4299   1972 2800    1400    2100    900     700     1300    500     0       200     0       400     300     100     700     500     100     0       400     100     
4299   1973 2700    900     2100    400     800     1300    300     0       300     100     100     600     500     400     400     100     0       200     0       
4299   1974 3800    1900    900     1100    900     400     300     700     400     600     300     0       0       200     200     200     0       100     1100    
4299   1975 4600    2900    2400    2400    1100    1200    1000    1100    200     400     200     500     600     300     300     500     400     100     0       
4299   1976 4000    1800    1500    1300    100     1200    1400    1200    100     0       0       100     400     700     100     200     600     600     0       
4299   1977 4600    3400    1200    1300    1000    800     1400    300     1000    900     100     0       500     100     200     300     500     600     100     
4299   1978 2800    2000    1200    400     800     600     500     100     200     500     300     0       400     200     0       300     100     100     600     
4299   1979 3300    1300    1900    600     900     1300    200     0       0       500     0       400     900     200     200     200     0       0       900     
4299   1980 3600    1500    1700    1200    300     1100    1500    100     200     300     0       0       400     100     600     600     300     600     400     
4299   1981 4000    2600    1600    600     1500    900     1400    0       200     1100    0       400     500     300     100     300     400     700     0       
4299   1982 3100    1300    2100    200     400     1400    800     200     0       0       100     300     200     600     600     300     100     400     300     
4299   1983 5300    2600    2200    1500    1100    1400    1100    1100    100     600     500     0       300     800     300     300     400     400     500     
4299   1984 2700    1700    1300    800     300     800     1300    200     100     100     0       200     300     200     300     300     600     400     0       
4299   1985 3400    1400    2200    200     1600    400     700     0       200     200     500     900     200     100     100     400     100     200     500     
4299   1986 4600    1400    3400    1000    1500    1800    500     500     0       100     200     1200    800     400     600     200     0       300     300     
4299   1987 4000    1100    2200    600     500     1000    1400    100     200     200     300     0       0       500     500     900     200     300     800     
4299   1988 4500    2900    1500    2100    800     700     1000    1000    300     300     100     400     0       200     500     300     500     200     700     
4299   1989 4900    2800    1900    1600    900     1000    1200    400     500     500     400     0       0       600     400     500     500     200     900     
4299   1990 3000    3300    900     1800    1000    700     300     500     400     800     0       200     200     0       500     0       100     200     100     
4299   1991 3600    1900    1600    1000    700     1000    800     900     0       600     100     0       200     200     600     500     100     200     200     
4299   1992 3700    1600    1900    1300    100     1700    600     500     600     0       100     0       300     400     1000    100     100     400     200     
4299   1993 3800    1800    2000    1000    1100    1000    400     800     0       300     600     200     500     200     300     200     200     0       500     
4299   1994 8100    3300    3400    1800    1800    2500    1800    1100    200     1300    200     300     700     1000    800     400     300     1100    700     
4299   1995 5700    3700    2500    2100    1200    1300    1700    200     1200    200     700     300     0       1000    300     200     1300    200     100     
4299   1996 2000    1700    1100    200     300     800     800     0       100     0       200     100     600     100     100     0       400     400     0       
4299   1997 4800    3100    1700    1100    1600    1000    600     0       1100    1200    0       400     200     0       800     300     200     100     500     
4299   1998 6300    3500    2700    2400    1800    1000    1400    1000    900     800     600     400     900     100     0       700     600     100     200     
4299   1999 5200    2100    3000    900     1200    1600    1300    500     200     500     400     300     500     800     300     700     500     100     400     
4299   2000 5700    2800    2200    1500    2100    700     1000    500     600     700     800     600     400     0       300     100     700     200     800     
4299   2001 5700    3700    2400    2000    1400    1600    1200    400     800     800     200     400     100     400     1100    200     900     100     300     
4299   2002 5800    3500    2300    2100    1200    1400    1200    800     1000    400     200     600     600     200     600     100     200     900     200     
4299   2003 6100    2000    4700    500     2000    3100    600     300     0       400     300     1300    900     1100    1100    0       0       600     100     
4299   2004 4500    2400    2000    1200    1000    1300    1000    200     900     600     300     100     200     400     700     300     200     500     100     
4299   2005 4900    2800    2200    1300    2000    500     1200    1000    200     800     500     700     100     100     300     500     400     300     0       
4299   2006 4700    1600    1500    300     1200    500     2100    0       300     600     400     200     100     400     0       400     1100    600     600     
4299   2007 4500    4700    1200    2900    600     600     500     1400    900     100     0       500     300     300     0       100     200     200     500     
4299   2008 4500    2700    2400    1700    1400    1100    700     600     600     600     100     700     300     300     500     500     100     100     100     
4299   2009 2800    900     1000    400     800     400     1200    0       300     300     200     300     0       300     100     100     300     800     100     
4299   2010 2500    1700    1100    400     400     900     900     0       300     200     0       200     200     500     200     0       200     700     0       
4299   2011 3100    2200    1400    1000    500     700     700     600     400     300     200     0       200     0       500     500     200     0       200     
4299   2012 4800    2500    1900    1800    1500    900     400     900     700     500     400     600     300     200     400     0       0       400     400     
4299   2013 3800    1700    1600    1300    800     600     1100    800     100     0       400     400     300     100     200     200     700     200     400     
4299   2014 4700    2800    1900    1300    1500    600     1200    300     600     600     600     300     200     400     0       400     800     0       500     
4299   2015 5000    2000    2100    1100    400     1800    1200    600     0       100     100     200     100     600     1100    0       200     1000    1000    
4299   2016 3300    3400    1800    2200    600     800     600     400     800     0       400     200     400     400     0       400     100     100     100     
4299   2017 3600    1600    1400    800     900     900     800     0       700     600     200     100     100     400     400     200     500     100     300     
4299   2018 5600    2400    2500    1600    1400    1100    1000    1300    0       200     700     500     500     100     500     200     300     500     800     
4299   2019 3000    3100    700     1400    1000    500     800     400     200     900     0       100     100     100     300     100     400     300     100     
4299   2020 4400    2900    1100    1900    400     900     1100    600     1200    300     100     0       200     100     600     100     500     500     200     
4299   2021 2500    1500    1600    400     200     1100    500     100     100     100     0       100     900     0       200     400     100     0       500     
