EUROPEAN CLIMATE ASSESSMENT & DATASET (ECA&D), file created on: 20-01-2022
THESE DATA CAN BE USED FOR NON-COMMERCIAL RESEARCH AND EDUCATION PROVIDED THAT THE FOLLOWING SOURCE IS ACKNOWLEDGED: 

Klein Tank, A.M.G. and Coauthors, 2002. Daily dataset of 20th-century surface
air temperature and precipitation series for the European Climate Assessment.
Int. J. of Climatol., 22, 1441-1453.
Data and metadata available at http://www.ecad.eu

FILE FORMAT (MISSING VALUE CODE = -999999):

THIS FILE HOLDS DATA FOR STATION TURKEY                                   ANKARA                                   (STAID:    246)
LATITUDE: dd:mm:ss +39:57:00
LONGITUDE: ddd:mm:ss +032:52:59
ELEVATION: m  891

DATA IS FOR INDEX Days with TN > 90th percentile of daily min temp (warm nights) (TN90p) with unit 0.01 No of days

01-06 SOUID: Source identifier
08-11 YEAR : YYYY
13-20 ANNUAL DATA VALUES
21-28 WINTER HALF YEAR DATA VALUES
29-36 SUMMER HALF YEAR DATA VALUES
37-44 WINTER (DJF) DATA VALUES
45-52 SPRING (MAM) DATA VALUES
53-60 SUMMER (JJA) DATA VALUES
61-68 AUTUMN (SON) DATA VALUES
69-76 JANUARY DATA VALUES
etc. 
157-164 DECEMBER DATA VALUES

246    1930 3800    -999999 2100    -999999 800     1400    700     200     400     300     300     200     200     500     700     200     200     300     300     
246    1931 2800    2300    1300    1000    1200    400     500     400     300     800     100     300     0       300     100     500     0       0       0       
246    1932 2300    500     1100    200     800     200     1100    100     100     300     100     400     200     0       0       400     400     300     0       
246    1933 2500    1300    900     600     500     400     800     200     400     0       200     300     0       100     300     0       200     600     200     
246    1934 2700    1200    1300    200     900     100     1100    0       0       200     200     500     100     0       0       500     300     300     600     
246    1935 3100    1400    2300    700     1000    900     700     0       100     100     100     800     400     300     200     500     100     100     400     
246    1936 4100    1900    2100    1500    800     1400    700     500     600     200     500     100     0       200     1200    100     200     400     100     
246    1937 5300    1200    4000    300     1300    1400    2300    0       200     300     600     400     200     1200    0       1600    400     300     100     
246    1938 3800    900     2700    200     300     1700    1200    0       100     0       200     100     200     600     900     700     200     300     500     
246    1939 4700    1600    2400    1000    1500    700     1400    500     0       100     500     900     500     100     100     300     900     200     600     
246    1940 6000    2700    2500    1100    1000    1900    1600    200     300     500     400     100     700     700     500     100     1200    300     1000    
246    1941 3300    3500    1800    2000    800     900     600     400     600     0       200     600     700     200     0       100     100     400     0       
246    1942 3100    1000    1900    100     800     1500    600     0       100     400     0       400     1000    100     400     0       500     100     100     
246    1943 3800    800     1500    200     400     700     2300    100     0       0       0       400     300     200     200     400     1300    600     300     
246    1944 3400    3000    1300    700     800     300     1600    0       400     400     400     0       200     100     0       600     700     300     300     
246    1945 3900    1400    2900    400     700     1400    1400    100     0       0       100     600     300     400     700     800     100     500     300     
246    1946 3500    1500    1800    700     700     300     1700    100     300     200     200     300     200     100     0       1000    100     600     400     
246    1947 4800    2000    2800    500     1700    1400    1200    0       100     800     200     700     900     500     0       500     0       700     400     
246    1948 2300    2100    1200    1400    200     1000    100     800     200     0       0       200     300     200     500     0       100     0       0       
246    1949 2100    200     1000    0       300     700     500     0       0       100     0       200     500     0       200     100     0       400     600     
246    1950 2700    1100    2000    600     1700    0       700     0       0       100     1400    200     0       0       0       400     100     200     300     
246    1951 2800    1700    1400    1000    800     600     700     400     300     400     100     300     0       300     300     400     200     100     0       
246    1952 3100    1000    1300    400     500     200     1400    100     300     300     200     0       100     0       100     900     200     300     600     
246    1953 1700    1400    700     900     0       500     900     100     200     0       0       0       200     0       300     200     500     200     0       
246    1954 3100    800     2000    0       500     1500    800     0       0       100     0       400     400     900     200     100     300     400     300     
246    1955 5700    3000    1800    1900    700     1300    1600    1000    600     400     100     200     700     400     200     200     1000    400     500     
246    1956 2400    2600    1100    1200    300     700     400     500     200     0       200     100     200     0       500     100     100     200     300     
246    1957 6900    1200    4400    700     900     2600    2400    0       400     200     500     200     900     300     1400    1100    1000    300     600     
246    1958 4000    3500    1900    1500    1500    1100    400     400     500     700     100     700     700     100     300     0       100     300     100     
246    1959 2500    1000    1100    400     500     800     600     300     0       200     200     100     0       700     100     0       0       600     300     
246    1960 4400    2200    1800    1500    900     600     1000    800     400     100     100     700     0       500     100     400     300     300     700     
246    1961 3100    1800    1800    1000    900     1100    600     200     100     200     400     300     200     300     600     0       500     100     200     
246    1962 7300    2100    3200    900     900     2800    2500    500     200     600     0       300     1200    500     1100    100     1100    1300    400     
246    1963 5400    4700    1800    2100    400     1000    1500    800     900     200     200     0       300     100     600     600     400     500     800     
246    1964 3600    2300    1700    1000    700     1400    700     0       200     400     100     200     600     700     100     0       200     500     600     
246    1965 4400    2700    1900    1400    1400    900     600     800     0       600     300     500     600     0       300     200     0       400     700     
246    1966 7500    3400    2800    2300    1400    2000    1700    1000    600     700     700     0       200     600     1200    100     600     1000    800     
246    1967 2400    2700    700     1100    300     200     900     300     0       0       100     200     200     0       0       200     300     400     700     
246    1968 3500    1800    2100    1100    1300    500     700     200     200     0       500     800     100     100     300     300     100     300     600     
246    1969 4700    2100    2500    1000    1100    1200    1300    300     100     700     0       400     600     100     500     900     200     200     700     
246    1970 5000    3600    2200    2500    1700    900     500     1200    600     700     700     300     0       800     100     300     100     100     100     
246    1971 4400    2200    2100    1500    1300    900     700     900     500     500     200     600     100     500     300     400     0       300     100     
246    1972 3600    400     3000    100     1100    1400    1100    0       0       0       800     300     400     800     200     500     600     0       0       
246    1973 1600    900     800     300     100     400     800     100     200     0       0       100     200     200     0       300     300     200     0       
246    1974 3100    1600    600     300     1000    400     1400    0       300     800     0       200     200     100     100     0       1200    200     0       
246    1975 3100    1500    2600    0       900     1200    1000    0       0       100     800     0       400     500     300     600     200     200     0       
246    1976 1500    400     600     0       300     300     600     0       0       0       100     200     0       200     100     0       300     300     300     
246    1977 2800    1700    1500    1100    800     500     600     0       800     0       700     100     0       200     300     200     0       400     100     
246    1978 2800    2100    1000    1300    700     600     100     0       1200    400     100     200     400     200     0       100     0       0       200     
246    1979 5100    2500    1800    1900    1100    800     1300    700     1000    600     100     400     400     0       400     500     600     200     200     
246    1980 3100    1100    1600    200     200     1500    600     0       0       100     0       100     500     900     100     0       300     300     800     
246    1981 4700    3000    1500    1800    800     700     1300    800     200     600     200     0       400     300     0       600     500     200     900     
246    1982 2100    2100    700     1200    600     200     500     200     100     200     200     200     200     0       0       100     200     200     500     
246    1983 2100    1400    1300    600     1300    100     600     0       100     400     500     400     0       100     0       300     100     200     0       
246    1984 3900    1800    1800    1000    1100    600     1200    600     400     500     100     500     500     100     0       600     300     300     0       
246    1985 4200    1600    2500    800     1700    1000    700     800     0       200     400     1100    300     0       700     0       100     600     0       
246    1986 4800    1900    3400    1000    400     2100    1300    600     400     200     200     0       100     800     1200    1100    200     0       0       
246    1987 3600    1400    1500    1100    700     500     1000    400     700     100     100     500     100     100     300     400     500     100     300     
246    1988 1900    1100    1300    500     400     600     400     100     100     0       100     300     300     100     200     300     100     0       300     
246    1989 5000    1100    3900    500     2800    1200    800     0       200     500     1300    1000    400     300     500     400     100     300     0       
246    1990 3900    600     2400    100     1000    1500    900     0       100     100     500     400     500     900     100     0       400     500     400     
246    1991 3400    2000    2300    700     600     2000    500     100     200     400     200     0       400     800     800     100     400     0       0       
246    1992 2800    600     1600    0       900     600     1300    0       0       200     100     600     200     100     300     300     900     100     0       
246    1993 3300    1100    1900    0       800     500     1600    0       0       100     500     200     300     200     0       700     500     400     400     
246    1994 8800    2400    5500    1200    2100    1700    4200    500     300     300     900     900     400     800     500     2000    1800    400     0       
246    1995 5400    3400    3200    1100    1100    1600    1000    700     400     100     100     900     900     0       700     600     200     200     600     
246    1996 6400    2000    4200    1600    900     2900    500     400     600     0       100     800     800     1500    600     400     100     0       1100    
246    1997 4600    1800    2700    1600    1200    1500    1100    400     100     100     100     1000    900     500     100     100     700     300     300     
246    1998 8200    2200    6300    1000    2200    3200    1700    400     300     200     1100    900     700     1000    1500    1100    500     100     400     
246    1999 7600    2000    4600    1300    1000    3200    1900    600     300     100     300     600     700     1000    1500    500     1000    400     600     
246    2000 5300    2200    4200    700     1100    2600    1400    100     0       100     800     200     300     1300    1000    600     500     300     100     
246    2001 8700    3000    4900    700     1900    3500    2200    0       600     1500    400     0       600     1700    1200    1000    500     700     500     
246    2002 6100    2600    4300    700     1700    2600    1500    0       200     700     700     300     700     1400    500     700     500     300     100     
246    2003 7400    2400    4100    1600    1300    2500    2100    1400    100     0       100     1200    900     600     1000    300     1400    400     0       
246    2004 5800    3300    3000    800     1400    1700    1700    300     500     700     400     300     600     500     600     600     500     600     200     
