EUROPEAN CLIMATE ASSESSMENT & DATASET (ECA&D), file created on: 20-01-2022
THESE DATA CAN BE USED FOR NON-COMMERCIAL RESEARCH AND EDUCATION PROVIDED THAT THE FOLLOWING SOURCE IS ACKNOWLEDGED: 

Klein Tank, A.M.G. and Coauthors, 2002. Daily dataset of 20th-century surface
air temperature and precipitation series for the European Climate Assessment.
Int. J. of Climatol., 22, 1441-1453.
Data and metadata available at http://www.ecad.eu

FILE FORMAT (MISSING VALUE CODE = -999999):

THIS FILE HOLDS DATA FOR STATION SPAIN                                    A CORUNA                                 (STAID:    420)
LATITUDE: dd:mm:ss +43:22:01
LONGITUDE: ddd:mm:ss -008:25:09
ELEVATION: m   58

DATA IS FOR INDEX Days with TN > 90th percentile of daily min temp (warm nights) (TN90p) with unit 0.01 No of days

01-06 SOUID: Source identifier
08-11 YEAR : YYYY
13-20 ANNUAL DATA VALUES
21-28 WINTER HALF YEAR DATA VALUES
29-36 SUMMER HALF YEAR DATA VALUES
37-44 WINTER (DJF) DATA VALUES
45-52 SPRING (MAM) DATA VALUES
53-60 SUMMER (JJA) DATA VALUES
61-68 AUTUMN (SON) DATA VALUES
69-76 JANUARY DATA VALUES
etc. 
157-164 DECEMBER DATA VALUES

420    1882 -999999 -999999 -999999 -999999 -999999 -999999 -999999 -999999 -999999 -999999 -999999 -999999 100     -999999 500     -999999 -999999 300     -999999 
420    1883 -999999 -999999 -999999 -999999 -999999 -999999 -999999 0       -999999 -999999 -999999 -999999 -999999 -999999 -999999 -999999 -999999 -999999 -999999 
420    1884 -999999 -999999 -999999 -999999 -999999 -999999 -999999 -999999 -999999 -999999 0       0       -999999 -999999 -999999 -999999 -999999 -999999 -999999 
420    1885 -999999 -999999 -999999 -999999 -999999 -999999 -999999 100     -999999 -999999 -999999 -999999 -999999 -999999 -999999 0       0       -999999 200     
420    1886 -999999 -999999 -999999 -999999 2500    1400    600     0       -999999 1400    700     400     100     700     600     400     100     100     200     
420    1887 -999999 -999999 -999999 -999999 300     -999999 -999999 -999999 100     300     0       0       1300    -999999 -999999 -999999 0       0       200     
420    1888 3600    -999999 2000    300     500     700     2000    0       100     200     0       300     300     0       400     1000    700     300     300     
420    1889 2400    -999999 1800    -999999 0       1400    800     0       100     0       0       0       300     700     400     400     100     300     100     
420    1890 -999999 -999999 -999999 -999999 -999999 1400    -999999 -999999 0       200     400     0       500     200     700     100     0       100     0       
420    1891 -999999 -999999 -999999 -999999 1400    1100    -999999 0       100     100     1000    300     300     500     300     500     200     -999999 300     
420    1892 -999999 -999999 -999999 -999999 400     -999999 -999999 0       200     100     200     100     -999999 0       400     200     -999999 500     -999999 
420    1893 -999999 -999999 -999999 -999999 -999999 -999999 -999999 0       -999999 700     -999999 -999999 800     600     900     -999999 -999999 -999999 -999999 
420    1894 -999999 -999999 -999999 -999999 -999999 -999999 -999999 -999999 -999999 100     200     0       -999999 200     0       -999999 100     0       -999999 
420    1895 -999999 -999999 -999999 -999999 -999999 -999999 -999999 -999999 -999999 -999999 -999999 -999999 -999999 100     -999999 -999999 -999999 -999999 -999999 
420    1896 -999999 -999999 -999999 -999999 -999999 -999999 -999999 200     -999999 -999999 -999999 -999999 -999999 500     300     400     -999999 0       -999999 
420    1897 -999999 -999999 -999999 -999999 -999999 -999999 -999999 100     -999999 800     900     -999999 700     400     -999999 -999999 -999999 300     200     
420    1898 -999999 -999999 -999999 -999999 -999999 -999999 -999999 100     -999999 100     200     -999999 -999999 -999999 -999999 -999999 -999999 -999999 -999999 
420    1899 -999999 -999999 -999999 -999999 -999999 -999999 -999999 -999999 -999999 200     1000    -999999 -999999 1300    -999999 -999999 -999999 500     -999999 
420    1900 -999999 -999999 -999999 -999999 -999999 -999999 -999999 -999999 -999999 -999999 -999999 -999999 -999999 1800    -999999 -999999 100     300     -999999 
420    1901 -999999 -999999 -999999 -999999 1700    -999999 -999999 100     100     300     900     500     500     200     100     200     0       0       400     
420    1902 -999999 -999999 -999999 1000    1600    1200    600     200     400     200     1200    200     300     500     400     100     300     200     100     
420    1903 -999999 1600    -999999 700     700     -999999 1400    500     100     400     200     100     100     -999999 700     100     700     600     100     
420    1904 4300    2400    2600    1000    900     1600    800     400     500     100     300     500     600     600     400     200     500     100     100     
420    1905 -999999 1600    1800    100     1500    1100    -999999 0       0       900     600     0       400     500     200     100     -999999 -999999 100     
420    1906 6800    -999999 4800    1100    1000    2900    1800    800     200     200     300     500     1000    300     1600    1100    700     0       100     
420    1907 4800    1200    3200    300     800     1800    1300    100     100     200     400     200     600     300     900     800     200     300     700     
420    1908 4900    1600    1900    900     1500    400     2600    100     100     200     400     900     200     0       200     200     900     1500    200     
420    1909 -999999 -999999 1500    -999999 1300    600     -999999 -999999 0       600     400     300     0       200     400     200     700     -999999 500     
420    1910 -999999 -999999 -999999 1000    500     -999999 -999999 300     200     300     200     0       400     100     -999999 -999999 100     300     400     
420    1911 -999999 -999999 -999999 -999999 400     -999999 1800    -999999 -999999 100     200     100     600     -999999 800     1300    200     300     300     
420    1912 -999999 2600    -999999 1700    -999999 100     500     500     900     400     -999999 600     0       0       100     200     200     100     400     
420    1913 4500    1500    1800    1000    900     600     2100    400     200     200     400     300     200     100     300     500     200     1400    300     
420    1914 5200    3100    3200    1100    1900    700     1400    300     500     400     500     1000    0       100     600     1000    200     200     400     
420    1915 4000    1800    1800    800     1400    600     600     400     0       600     200     600     200     100     300     400     100     100     1000    
420    1916 -999999 -999999 -999999 -999999 -999999 -999999 -999999 -999999 -999999 -999999 -999999 -999999 -999999 -999999 -999999 -999999 -999999 -999999 -999999 
420    1917 3200    -999999 2800    -999999 1200    1600    400     0       0       300     100     800     500     800     300     300     100     0       0       
420    1918 4900    1200    3300    900     1000    1700    900     700     200     200     300     500     100     500     1100    800     0       100     400     
420    1919 4600    2300    2500    1500    1100    1300    800     100     1000    700     0       400     500     0       800     800     0       0       300     
420    1920 -999999 1700    -999999 1100    -999999 1100    -999999 500     300     600     800     900     800     100     200     100     200     300     700     
420    1921 -999999 -999999 -999999 -999999 600     1800    2900    500     0       0       200     400     400     600     800     900     1500    500     200     
420    1922 -999999 -999999 -999999 -999999 -999999 -999999 -999999 0       200     -999999 -999999 -999999 700     200     600     200     200     300     0       
420    1923 -999999 -999999 2300    0       1200    1200    1000    0       0       400     400     400     100     400     700     300     600     100     -999999 
420    1924 6300    -999999 3700    -999999 3300    1200    1100    100     200     1200    1000    1100    300     300     600     400     300     400     400     
420    1925 4500    1300    2600    600     700     1800    800     200     0       0       500     200     800     0       1000    100     400     300     1000    
420    1926 4800    2800    3000    2000    1000    1000    1700    400     600     100     600     300     400     100     500     1100    400     200     100     
420    1927 5500    1500    4000    300     2600    1900    400     0       200     600     600     1400    600     800     500     100     300     0       400     
420    1928 5400    2200    3000    1600    1000    1900    1200    300     900     300     300     400     400     700     800     400     300     500     100     
420    1929 -999999 2400    3900    1300    1000    2600    1700    600     600     300     500     200     1100    800     700     600     300     800     -999999 
420    1930 -999999 -999999 -999999 -999999 1600    -999999 1700    -999999 0       400     700     500     -999999 600     800     800     400     500     100     
420    1931 2000    1700    900     400     400     900     300     200     100     400     0       0       600     0       300     0       100     200     100     
420    1932 1600    600     900     200     200     600     600     0       100     100     0       100     100     0       500     200     200     200     100     
420    1933 1600    700     1200    300     400     500     500     0       200     0       400     0       200     0       300     300     200     0       0       
420    1934 2100    200     1200    0       500     500     300     0       0       0       200     300     300     200     0       200     100     0       800     
420    1935 -999999 -999999 500     -999999 500     200     100     0       -999999 300     200     0       0       100     100     100     0       0       400     
420    1936 2900    1900    1400    1500    1000    400     400     600     500     400     600     0       0       300     100     400     0       0       0       
420    1937 1800    600     800     600     500     300     200     200     400     0       500     0       100     0       200     0       0       200     200     
420    1938 1700    800     400     600     100     300     600     300     100     0       0       100     200     0       100     0       0       600     300     
420    1939 1800    1900    700     1100    600     200     200     700     100     200     300     100     100     0       100     100     0       100     0       
420    1940 2300    1600    400     1000    800     100     300     500     500     500     300     0       0       100     0       0       0       300     100     
420    1941 1100    800     400     500     100     200     200     0       400     0       100     0       200     0       0       100     100     0       200     
420    1942 2400    600     1900    200     1000    700     700     0       0       300     300     400     500     0       200     500     100     100     0       
420    1943 2600    800     2000    400     900     1300    0       400     0       200     200     500     500     300     500     0       0       0       0       
420    1944 2300    100     1700    100     600     1100    400     0       100     0       500     100     0       300     800     0       0       400     100     
420    1945 3000    800     1300    400     1100    200     1100    100     200     0       800     300     0       200     0       0       700     400     300     
420    1946 1300    1600    200     500     0       100     900     100     100     0       0       0       0       100     0       100     500     300     100     
420    1947 4000    1900    2300    500     1000    1600    900     200     200     600     300     100     300     400     900     300     0       600     100     
420    1948 4200    2300    1400    1300    500     1100    1200    900     300     400     100     0       300     100     700     200     100     900     200     
420    1949 5200    1900    2900    700     1200    1500    2000    100     400     200     800     200     400     500     600     400     1200    400     0       
420    1950 2900    2400    1400    400     600     1100    800     100     300     400     100     100     300     800     0       100     100     600     0       
420    1951 1800    1500    800     500     700     300     100     500     0       300     300     100     100     100     100     100     0       0       200     
420    1952 3100    900     1600    500     1100    900     800     100     200     400     200     500     300     200     400     0       300     500     0       
420    1953 1900    1100    700     100     500     300     300     100     0       200     200     100     100     0       200     100     0       200     700     
420    1954 1200    1300    200     1100    200     0       600     300     100     0       100     100     0       0       0       0       400     200     0       
420    1955 3000    2300    700     1300    800     200     200     1100    200     400     300     100     0       0       200     100     0       100     500     
420    1956 2000    1200    1100    1100    700     300     300     500     100     0       400     300     100     100     100     100     200     0       100     
420    1957 3900    2600    1500    1000    1800    600     600     300     600     1400    300     100     100     200     300     500     0       100     0       
420    1958 4100    2000    1700    1300    1600    600     400     400     900     600     200     800     200     200     200     100     0       300     200     
420    1959 4100    1700    2600    1000    1100    1600    600     800     0       400     400     300     300     300     1000    300     300     0       0       
420    1960 4800    2100    2800    1300    1300    1900    300     700     600     500     400     400     1300    200     400     100     0       200     0       
420    1961 5200    900     3300    200     2400    1100    700     100     100     500     600     1300    900     0       200     300     400     0       800     
420    1962 3100    1600    2100    900     1200    600     900     100     0       300     300     600     200     200     200     600     300     0       300     
420    1963 1600    1300    400     600     500     300     500     300     0       400     0       100     200     100     0       0       300     200     0       
420    1964 3000    1300    2100    600     900     1000    500     300     300     200     200     500     100     600     300     400     0       100     0       
420    1965 3900    1700    1300    500     1600    700     600     200     300     1100    200     300     300     0       400     100     500     0       500     
420    1966 4600    3200    1900    2600    1100    500     800     1200    900     100     700     300     300     0       200     400     400     0       100     
420    1967 1900    1800    300     800     600     100     400     400     300     600     0       0       0       100     0       200     200     0       100     
420    1968 3800    800     1300    500     300     800     1800    200     200     100     100     100     300     100     400     300     1000    500     500     
420    1969 3000    3300    1100    1000    1400    500     500     500     0       800     200     400     100     200     200     0       400     100     100     
420    1970 2200    1000    1300    500     300     600     900     200     200     0       200     100     300     100     200     400     0       500     0       
420    1971 1700    700     900     200     0       600     800     100     100     0       0       0       0       600     0       300     500     0       100     
420    1972 2200    700     800     200     200     600     1000    0       100     0       100     100     0       500     100     0       300     700     300     
420    1973 1200    1300    800     300     200     300     700     0       0       0       100     100     0       100     200     300     200     200     0       
420    1974 2200    1500    400     800     300     300     300     600     200     300     0       0       100     100     100     100     0       200     500     
420    1975 3500    1700    1400    1400    500     1000    1100    800     100     100     400     0       300     200     500     0       800     300     0       
420    1976 2800    1300    2100    200     0       2100    400     0       200     0       0       0       500     1500    100     0       300     100     100     
420    1977 3200    1800    300     800     700     100     1000    100     600     600     100     0       0       0       100     100     300     600     700     
420    1978 2200    2100    600     1100    200     200     500     0       400     100     100     0       0       200     0       300     100     100     900     
420    1979 3500    2500    1000    2100    600     600     600     300     900     200     100     300     100     300     200     0       200     400     500     
420    1980 3700    2600    1600    1400    800     1300    700     500     400     600     200     0       100     100     1100    100     500     100     0       
420    1981 4300    1700    1700    100     1700    600     1400    100     0       1000    500     200     500     100     0       400     400     600     500     
420    1982 3500    2700    1500    1600    400     800     800     800     300     100     100     200     200     300     300     400     100     300     400     
420    1983 5400    1800    2600    1200    700     1800    1700    400     400     200     500     0       500     900     400     300     200     1200    400     
420    1984 3000    2400    1800    900     1100    600     600     400     100     100     1000    0       300     0       300     200     200     200     200     
420    1985 4900    1700    2400    1300    700     800     1900    400     700     0       600     100     300     400     100     900     300     700     400     
420    1986 2000    1800    1200    800     300     100     1000    400     0       0       0       300     0       0       100     800     100     100     200     
420    1987 6400    2000    3400    1100    1900    1300    1500    400     500     700     1100    100     500     300     500     900     100     500     800     
420    1988 5700    2900    2500    1800    1900    700     1900    700     300     500     800     600     100     300     300     400     500     1000    200     
420    1989 7800    2200    5400    400     2000    3700    1400    0       200     300     0       1700    1600    900     1200    0       800     600     500     
420    1990 8800    4900    5200    2500    3000    2500    1100    300     1700    1000    300     1700    900     800     800     700     100     300     200     
420    1991 4400    1500    3400    500     1300    1400    1400    300     0       600     0       700     300     300     800     1300    100     0       0       
420    1992 4800    300     3400    200     1400    1900    1200    0       200     0       300     1100    400     600     900     100     0       1100    100     
420    1993 4200    3000    1900    1300    1300    1200    0       1100    100     600     500     200     700     200     300     0       0       0       500     
420    1994 2800    1100    800     900     300     600     700     200     200     200     0       100     100     100     400     100     300     300     800     
420    1995 8100    2400    4300    1500    2000    2500    1700    300     400     300     500     1200    600     800     1100    100     700     900     1200    
420    1996 5900    4300    3300    1900    2200    1900    800     400     300     800     800     600     1000    600     300     0       500     300     300     
420    1997 10200   3100    5400    1700    3200    2500    2500    500     900     600     1300    1300    900     400     1200    300     1700    500     600     
420    1998 6900    5500    3400    2700    1600    1700    1200    1100    1000    600     300     700     700     400     600     700     200     300     300     
420    1999 7600    2200    5900    1300    2300    3200    900     700     300     400     900     1000    200     1200    1800    800     100     0       200     
420    2000 5400    800     3800    600     1400    2100    1000    0       400     100     100     1200    1100    400     600     400     0       600     500     
420    2001 5400    3100    2600    1300    1500    2200    700     200     600     1200    100     200     600     600     1000    100     600     0       200     
420    2002 5700    2600    1500    1500    900     400     1900    800     500     500     200     200     200     0       200     700     600     600     1200    
420    2003 8300    4200    5800    1700    2400    4100    900     300     200     1300    700     400     1300    500     2300    600     0       300     400     
420    2004 8400    2700    6200    2200    1200    4500    800     1300    500     200     300     700     1900    1100    1500    700     100     0       100     
420    2005 8300    2100    5400    700     2900    3600    1100    600     0       1300    900     700     1900    1100    600     200     700     200     100     
420    2006 11600   2000    7500    200     2600    4600    3700    100     0       900     800     900     1200    2100    1300    1200    1200    1300    600     
420    2007 5800    5600    2800    2300    1700    1900    200     1200    500     800     400     500     600     600     700     0       200     0       300     
420    2008 6900    2500    4400    1900    1500    3100    500     700     900     400     500     600     1200    600     1300    200     200     100     200     
420    2009 5700    1300    2300    700     600     1700    2400    500     0       300     100     200     800     500     400     300     1400    700     500     
420    2010 6200    3200    4700    800     2200    2400    800     300     0       300     900     1000    800     700     900     400     100     300     500     
420    2011 7500    2600    5200    2000    3200    1100    1700    1000    500     200     2100    900     600     100     400     1100    500     100     0       
420    2012 6500    1800    3800    600     1700    2300    1100    500     100     600     0       1100    600     400     1300    400     700     0       800     
420    2013 6900    3100    3200    1600    1400    1900    2700    500     300     800     500     100     300     900     700     700     1200    800     100     
420    2014 8800    3000    6000    800     1600    2800    3600    500     200     200     1100    300     1100    900     800     1800    1400    400     100     
420    2015 7700    2300    4000    200     2100    2200    1900    100     0       300     1000    800     700     1000    500     0       600     1300    1400    
420    2016 5900    4600    3700    2700    500     2900    600     700     600     0       100     400     1000    900     1000    300     0       300     600     
420    2017 8400    2200    5900    1300    2500    3600    1400    500     200     600     300     1600    1600    1300    700     400     700     300     200     
420    2018 7100    2500    4700    1400    700     3500    900     1000    200     100     400     200     600     2000    900     600     100     200     800     
420    2019 6500    2000    4200    1200    1200    3100    1600    0       400     500     400     300     800     900     1400    400     600     600     200     
420    2020 11100   3700    7800    1900    4300    3300    1300    600     1100    600     1600    2100    1000    800     1500    800     300     200     500     
420    2021 8300    2900    5100    2000    1800    2500    1500    600     900     400     900     500     900     800     800     1200    300     0       1000    
