EUROPEAN CLIMATE ASSESSMENT & DATASET (ECA&D), file created on: 20-01-2022
THESE DATA CAN BE USED FOR NON-COMMERCIAL RESEARCH AND EDUCATION PROVIDED THAT THE FOLLOWING SOURCE IS ACKNOWLEDGED: 

Klein Tank, A.M.G. and Coauthors, 2002. Daily dataset of 20th-century surface
air temperature and precipitation series for the European Climate Assessment.
Int. J. of Climatol., 22, 1441-1453.
Data and metadata available at http://www.ecad.eu

FILE FORMAT (MISSING VALUE CODE = -999999):

THIS FILE HOLDS DATA FOR STATION ITALY                                    ISOLA DI CAPO RIZZUTO - CAMPOLONGO       (STAID:  16979)
LATITUDE: dd:mm:ss +38:56:35
LONGITUDE: ddd:mm:ss +017:00:30
ELEVATION: m  151

DATA IS FOR INDEX Days with TN > 90th percentile of daily min temp (warm nights) (TN90p) with unit 0.01 No of days

01-06 SOUID: Source identifier
08-11 YEAR : YYYY
13-20 ANNUAL DATA VALUES
21-28 WINTER HALF YEAR DATA VALUES
29-36 SUMMER HALF YEAR DATA VALUES
37-44 WINTER (DJF) DATA VALUES
45-52 SPRING (MAM) DATA VALUES
53-60 SUMMER (JJA) DATA VALUES
61-68 AUTUMN (SON) DATA VALUES
69-76 JANUARY DATA VALUES
etc. 
157-164 DECEMBER DATA VALUES

16979  1951 6100    -999999 2800    -999999 3500    400     600     800     700     1200    1000    1300    300     0       100     100     0       500     100     
16979  1952 5200    900     3100    300     1000    1300    1900    0       200     100     400     500     700     200     400     900     600     400     800     
16979  1953 2400    1900    1200    900     700     200     1000    100     0       0       600     100     0       200     0       300     700     0       400     
16979  1954 3100    2000    1000    700     900     500     800     100     200     600     300     0       200     200     100     200     200     400     600     
16979  1955 4500    4200    400     3000    900     100     800     1400    1000    600     0       300     100     0       0       0       500     300     300     
16979  1956 2400    1900    1500    1000    300     800     600     500     200     100     100     100     200     100     500     500     0       100     0       
16979  1957 4300    700     2300    600     200     2000    1000    100     500     0       200     0       1000    400     600     100     900     0       500     
16979  1958 5100    2200    2700    1000    1400    1300    1100    100     400     300     200     900     500     200     600     300     300     500     800     
16979  1959 3600    3000    1000    1500    1100    300     800     300     400     700     200     200     100     0       200     300     100     400     700     
16979  1960 6200    3200    2100    2000    1600    700     1900    400     900     700     300     600     400     0       300     500     1200    200     700     
16979  1961 5100    2900    2300    1300    1800    500     1500    600     0       200     1200    400     400     0       100     200     600     700     700     
16979  1962 7300    3600    4300    1600    1600    2900    1700    600     300     700     400     500     800     400     1700    500     1000    200     200     
16979  1963 5800    2800    2500    1400    600     1700    1400    1000    200     200     400     0       300     900     500     400     0       1000    900     
16979  1964 4100    2800    1800    1200    800     1200    1300    0       300     600     200     0       700     300     200     400     400     500     500     
16979  1965 3700    2200    2100    900     500     1400    900     300     100     400     100     0       700     500     200     600     0       300     500     
16979  1966 3800    1900    1700    1400    800     900     1100    100     800     200     500     100     800     0       100     200     800     100     100     
16979  1967 4100    1700    2100    200     1400    800     1600    0       100     600     300     500     100     100     600     500     400     700     200     
16979  1968 5000    2300    3100    900     2000    1000    1000    0       700     300     400     1300    200     600     200     400     0       600     300     
16979  1969 4400    2200    2000    900     2100    500     1200    200     400     700     300     1100    200     100     200     100     0       1100    0       
16979  1970 4100    3000    1900    1100    1100    1300    500     700     400     800     300     0       600     400     300     300     100     100     100     
16979  1971 2700    1100    1600    600     900     800     500     400     100     300     200     400     0       0       800     200     0       300     0       
16979  1972 5200    2600    2000    1800    1200    1000    600     900     900     500     600     100     400     200     400     300     0       300     600     
16979  1973 7200    2000    4800    1500    1300    2800    1900    600     300     200     0       1100    700     1400    700     900     900     100     300     
16979  1974 1500    1900    800     600     400     400     400     100     200     300     100     0       0       300     100     300     100     0       0       
16979  1975 1500    500     400     0       500     0       700     0       0       400     100     0       0       0       0       300     200     200     300     
16979  1976 1800    1200    500     800     200     200     500     0       500     0       0       200     0       200     0       100     400     0       400     
16979  1977 3200    2700    700     2000    700     200     600     700     900     300     100     300     100     0       100     100     300     200     100     
16979  1978 1900    1500    300     800     300     200     0       300     400     200     0       100     200     0       0       0       0       0       700     
16979  1979 3600    2500    800     2200    400     500     800     500     1000    300     100     0       400     0       100     200     500     100     400     
16979  1980 700     1400    0       700     100     0       300     200     100     100     0       0       0       0       0       0       200     100     0       
16979  1981 1500    500     600     0       300     500     300     0       0       200     100     0       400     0       100     0       300     0       400     
16979  1982 1500    1100    1000    500     500     700     100     0       100     300     200     0       300     200     200     100     0       0       100     
16979  1983 2800    600     2200    300     1100    1100    300     200     0       300     300     500     200     600     300     300     0       0       100     
16979  1984 1700    600     400     600     200     100     700     300     200     0       0       200     100     0       0       100     500     100     200     
16979  1985 3700    1600    2000    700     1100    1000    800     300     200     300     300     500     600     300     100     200     200     400     300     
16979  1986 4200    2100    2500    800     2200    800     700     300     200     700     300     1200    200     200     400     200     200     300     0       
16979  1987 5800    1200    3400    700     500     2100    2000    300     400     0       500     0       500     1000    600     800     700     500     500     
16979  1988 6000    2300    4200    1100    1000    2900    1000    400     200     0       300     700     200     1700    1000    300     700     0       500     
16979  1989 1900    1400    900     600     300     600     200     0       100     100     100     100     0       300     300     100     0       100     700     
16979  1990 5700    2000    2900    1300    1900    1300    1900    200     400     600     800     500     300     500     500     300     800     800     0       
16979  1991 2200    2200    500     300     300     300     1300    100     200     300     0       0       300     0       0       200     900     200     0       
16979  1992 7600    1900    4200    500     1600    2300    2900    300     200     300     600     700     100     300     1900    600     1400    900     300     
16979  1993 6500    3100    4300    400     1700    2700    1100    100     0       400     500     800     800     1000    900     300     600     200     900     
16979  1994 7000    3000    4500    1900    1400    2700    1900    400     600     300     700     400     600     900     1200    700     1000    200     -999999 
16979  1995 4600    -999999 2700    -999999 500     1500    900     400     400     0       100     400     200     400     900     700     0       200     900     
16979  1996 7600    3700    3200    2900    2200    1500    1300    1200    800     600     400     1200    800     0       700     100     200     1000    600     
16979  1997 6700    3000    4000    1400    1600    1500    2600    300     500     400     300     900     900     100     500     1300    500     800     200     
16979  1998 -999999 -999999 7100    -999999 1400    5200    1300    -999999 300     0       800     600     1800    1300    2100    500     500     300     0       
16979  1999 8600    1200    6800    -999999 2900    3600    1500    100     0       300     700     1900    1600    600     1400    600     700     200     500     
16979  2000 10700   1900    8300    -999999 4000    4300    1700    0       -999999 400     1400    2200    1800    1100    1400    400     600     700     600     
16979  2001 10200   4700    5800    1700    3700    3300    2100    800     300     1700    700     1300    600     800     1900    500     1100    500     0       
16979  2002 10900   4200    6600    700     4300    3700    1900    0       700     1900    1200    1200    1600    1000    1100    500     500     900     300     
16979  2003 12700   2400    9700    1000    2500    6600    2200    700     0       0       800     1700    2700    1700    2200    600     1100    500     700     
16979  2004 11300   4100    6100    2100    1800    3900    2900    600     800     400     1300    100     900     1300    1700    800     1600    500     1300    
16979  2005 9400    4300    7200    1500    3300    3500    2000    0       200     700     900     1700    1500    1100    900     1100    400     500     400     
16979  2006 9700    2700    6700    1000    3600    3200    1700    100     500     800     1300    1500    1500    1000    700     700     1000    0       600     
16979  2007 12300   4500    8200    1900    5000    4400    1600    800     500     1600    1500    1900    1700    1500    1200    400     800     400     0       
16979  2008 -999999 2500    7300    800     2000    4800    -999999 600     200     500     700     800     1400    1700    1700    1000    400     -999999 -999999 
16979  2009 -999999 -999999 -999999 -999999 -999999 -999999 1900    100     -999999 300     -999999 2000    1700    1300    -999999 600     1000    300     800     
16979  2010 10500   3800    7100    1700    3400    4300    1000    400     500     800     1500    1100    1300    1500    1500    200     100     700     900     
16979  2011 11000   2800    8700    1300    3000    4300    2700    300     100     700     1100    1200    1700    1000    1600    2100    300     300     600     
16979  2012 14400   2200    10700   800     2900    7200    3800    0       200     800     1000    1100    2500    2200    2500    1400    1300    1100    300     
16979  2013 9600    4100    6600    700     3600    3500    2000    300     100     1000    1200    1400    1000    800     1700    500     1200    300     100     
16979  2014 7700    3200    4200    1500    1200    2500    2100    600     800     200     600     400     1200    300     1000    700     500     900     500     
16979  2015 9300    2700    8200    800     3000    4500    1500    300     0       500     900     1600    1000    2000    1500    1200    200     100     0       
16979  2016 -999999 -999999 -999999 -999999 -999999 -999999 -999999 -999999 -999999 -999999 -999999 -999999 -999999 -999999 -999999 -999999 -999999 -999999 -999999 
16979  2017 8700    -999999 7500    -999999 2000    5500    400     0       600     300     900     800     2400    1400    1700    300     0       100     200     
16979  2018 16100   3400    11000   1600    6400    4600    3300    900     500     1700    2200    2500    1700    1200    1700    1700    800     800     400     
16979  2019 12600   3400    7900    800     2000    5600    3500    0       400     1000    1000    0       2400    1300    1900    1300    1400    800     1100    
16979  2020 12700   5400    8900    2400    3500    4200    2800    400     900     800     1100    1600    700     1100    2400    2000    400     400     900     
