EUROPEAN CLIMATE ASSESSMENT & DATASET (ECA&D), file created on: 20-01-2022
THESE DATA CAN BE USED FOR NON-COMMERCIAL RESEARCH AND EDUCATION PROVIDED THAT THE FOLLOWING SOURCE IS ACKNOWLEDGED: 

Klein Tank, A.M.G. and Coauthors, 2002. Daily dataset of 20th-century surface
air temperature and precipitation series for the European Climate Assessment.
Int. J. of Climatol., 22, 1441-1453.
Data and metadata available at http://www.ecad.eu

FILE FORMAT (MISSING VALUE CODE = -999999):

THIS FILE HOLDS DATA FOR STATION SWEDEN                                   EDSBYN_A                                 (STAID:   5591)
LATITUDE: dd:mm:ss +61:21:36
LONGITUDE: ddd:mm:ss +015:43:12
ELEVATION: m  184

DATA IS FOR INDEX Days with TN > 90th percentile of daily min temp (warm nights) (TN90p) with unit 0.01 No of days

01-06 SOUID: Source identifier
08-11 YEAR : YYYY
13-20 ANNUAL DATA VALUES
21-28 WINTER HALF YEAR DATA VALUES
29-36 SUMMER HALF YEAR DATA VALUES
37-44 WINTER (DJF) DATA VALUES
45-52 SPRING (MAM) DATA VALUES
53-60 SUMMER (JJA) DATA VALUES
61-68 AUTUMN (SON) DATA VALUES
69-76 JANUARY DATA VALUES
etc. 
157-164 DECEMBER DATA VALUES

5591   1951 3600    -999999 1900    -999999 200     1000    1200    0       200     0       200     0       100     200     700     700     100     400     1000    
5591   1952 1600    2100    900     1600    600     300     0       300     300     0       500     100     100     200     0       0       0       0       100     
5591   1953 6300    800     3100    300     2300    1300    1400    200     0       500     900     900     500     400     400     0       1100    300     1100    
5591   1954 3200    2800    1800    1300    1000    600     400     200     0       100     300     600     100     400     100     300     100     0       1000    
5591   1955 2200    1500    1000    1400    0       700     900     400     0       0       0       0       100     200     400     300     300     300     200     
5591   1956 1200    1100    500     300     300     400     0       100     0       200     0       100     400     0       0       0       0       0       400     
5591   1957 4200    1200    2100    1000    800     1200    800     400     200     200     200     400     100     900     200     300     100     400     800     
5591   1958 2800    1700    1100    1200    300     800     1100    300     100     0       100     200     200     300     300     0       700     400     200     
5591   1959 5500    2500    2400    800     2000    1000    800     0       600     600     1000    400     400     100     500     0       0       800     1100    
5591   1960 3600    2700    2000    1900    500     1000    800     600     200     0       300     200     200     400     400     500     0       300     500     
5591   1961 5800    2800    1900    1400    1500    1000    2400    100     800     1100    100     300     600     400     0       500     1500    400     0       
5591   1962 1400    2600    0       700     0       0       600     600     100     0       0       0       0       0       0       0       200     400     100     
5591   1963 2000    800     1200    100     500     500     600     0       0       100     0       400     100     100     300     300     300     0       400     
5591   1964 3800    1700    2000    1200    1400    700     500     500     300     200     600     600     300     100     300     100     300     100     400     
5591   1965 3400    2200    1700    1200    900     400     1300    700     100     600     300     0       0       0       400     1000    300     0       0       
5591   1966 2000    400     1100    0       500     600     700     0       0       100     100     300     200     400     0       100     200     400     200     
5591   1967 4100    2300    1800    700     1200    1300    900     0       500     1000    100     100     100     500     700     300     300     300     200     
5591   1968 3500    1600    2500    400     1400    1000    900     100     100     600     800     0       400     200     400     700     0       200     0       
5591   1969 2900    500     2100    300     500     1300    700     300     0       0       300     200     200     600     500     300     400     0       100     
5591   1970 1800    500     800     100     200     300     800     0       0       0       0       200     200     100     0       300     200     300     500     
5591   1971 3600    2700    1200    2200    500     600     400     1100    600     0       200     300     0       500     100     100     100     200     400     
5591   1972 4500    1000    2500    400     500     2200    100     0       0       300     100     100     600     1200    400     100     0       0       1700    
5591   1973 3800    3400    1800    3000    700     1400    100     1100    200     400     0       300     600     700     100     100     0       0       300     
5591   1974 3800    1300    1800    1300    500     900     900     500     500     0       500     0       300     0       600     400     0       500     500     
5591   1975 6500    2800    3300    2000    1300    1500    1800    1300    200     300     200     800     300     500     700     800     400     600     400     
5591   1976 1900    1600    1000    500     700     400     400     0       100     100     300     300     300     0       100     0       0       400     300     
5591   1977 3100    1500    900     600     700     600     1200    300     0       500     0       200     200     100     300     100     600     500     300     
5591   1978 2700    2400    1000    900     800     500     800     300     300     400     200     200     300     100     100     100     100     600     0       
5591   1979 3300    900     1900    0       900     1000    500     0       0       200     300     400     700     100     200     200     100     200     900     
5591   1980 3600    1300    2900    1000    800     1500    700     0       100     0       500     300     1100    0       400     600     100     0       500     
5591   1981 2600    900     1900    700     700     900     800     100     100     100     300     300     100     400     400     400     300     100     0       
5591   1982 3900    1000    2200    200     1300    900     1100    0       200     400     700     200     100     200     600     400     100     600     400     
5591   1983 4900    2300    3100    1300    1400    1300    1100    900     0       300     700     400     400     600     300     700     300     100     200     
5591   1984 4300    800     2000    400     1300    600     1400    200     0       0       600     700     100     0       500     100     700     600     800     
5591   1985 2100    2100    1600    800     300     1100    500     0       0       0       0       300     100     300     700     200     300     0       200     
5591   1986 -999999 900     -999999 300     1000    -999999 1500    100     0       300     0       700     600     -999999 0       0       500     1000    400     
5591   1987 -999999 2200    -999999 600     700     -999999 1300    0       200     100     300     300     0       -999999 200     0       600     700     200     
5591   1988 5300    3000    3500    1700    1000    2000    700     900     600     0       300     700     700     1200    100     500     100     100     100     
5591   1989 7000    3400    2900    2600    1800    1100    1500    1000    1500    600     800     400     300     300     500     600     500     400     100     
5591   1990 6800    3900    2700    2000    2800    800     600     100     1800    1000    1000    800     0       0       800     100     400     100     700     
5591   1991 5900    2700    3000    1600    1800    1600    1200    600     300     600     1000    200     0       500     1100    200     400     600     400     
5591   1992 5300    3700    -999999 1500    2400    -999999 200     800     300     1200    200     1000    500     -999999 300     100     0       100     800     
5591   1993 3300    2600    1300    2200    1500    0       300     800     600     300     500     700     0       0       0       100     200     0       100     
5591   1994 5200    900     2900    500     1500    1600    800     400     0       200     1300    0       300     700     600     0       500     300     900     
5591   1995 5900    3500    2800    2300    1100    1800    1600    600     800     400     100     600     700     500     600     300     1200    100     0       
5591   1996 2600    1700    1000    400     0       900     700     400     0       0       0       0       300     0       600     100     600     0       600     
5591   1997 4300    2700    1900    1600    800     1400    400     500     500     500     200     100     200     300     900     200     0       200     700     
5591   1998 4800    2900    1900    2500    1300    200     1000    900     900     200     400     700     100     100     0       600     300     100     500     
5591   1999 4800    2000    2000    1300    700     700     2200    700     100     300     200     200     300     300     100     900     400     900     400     
5591   2000 6700    2800    1600    1300    900     600     3000    500     400     200     300     400     300     200     100     300     1100    1600    1300    
5591   2001 3700    5100    1700    2300    600     600     1400    700     300     100     500     0       0       100     500     600     600     200     100     
5591   2002 4000    1800    3100    800     1300    1900    100     300     400     200     600     500     500     600     800     100     0       0       0       
5591   2003 3900    1100    1800    700     1000    900     800     500     200     400     0       600     100     600     200     300     0       500     500     
5591   2004 3700    1400    2600    700     1400    800     1000    100     100     200     700     500     0       0       800     600     100     300     300     
5591   2005 5000    1600    2400    1200    900     1000    2000    600     300     0       400     500     200     400     400     500     500     1000    200     
5591   2006 6800    2600    2600    1100    400     1700    2100    600     300     0       300     100     500     300     900     500     600     1000    1700    
5591   2007 3800    4100    2100    2100    1300    1000    600     300     100     400     400     500     100     100     800     200     400     0       500     
5591   2008 3800    3100    900     2100    1400    100     400     700     900     600     600     200     0       0       100     0       300     100     300     
5591   2009 4100    1000    2300    600     500     1100    1700    300     0       0       400     100     100     600     400     700     0       1000    500     
5591   2010 3500    1600    3000    500     1100    1900    500     0       0       100     400     600     0       1100    800     100     300     100     0       
5591   2011 6000    800     3700    300     1800    1400    1500    200     100     100     1100    600     200     600     600     600     300     600     1000    
5591   2012 3900    3000    1800    1300    1500    1000    800     100     200     800     500     200     0       600     400     100     0       700     300     
5591   2013 4500    1500    2500    700     1500    1000    800     300     100     100     600     800     500     100     400     100     300     400     800     
5591   2014 7200    4800    2100    3100    2000    1000    1500    900     1400    1000    400     600     0       700     300     100     700     700     400     
5591   2015 5200    3500    1900    1700    1100    800     1200    600     700     400     400     300     200     200     400     400     200     600     800     
5591   2016 5000    2600    2500    1600    900     1000    1300    200     600     200     500     200     400     200     400     800     0       500     1000    
5591   2017 -999999 2700    -999999 1600    1300    -999999 900     300     300     600     300     400     300     -999999 -999999 700     0       200     500     
5591   2018 5000    1100    3300    900     1000    2000    -999999 400     0       0       100     900     400     700     900     300     -999999 900     400     
5591   2019 5000    -999999 2000    1500    400     1400    1100    300     800     200     100     100     700     0       700     400     200     500     1000    
5591   2020 8100    5100    1800    3900    1000    800     2000    1900    1000    500     500     0       300     200     300     500     700     800     1400    
5591   2021 4900    4200    2000    2200    700     1600    1400    400     400     500     0       200     600     800     200     200     700     500     400     
