EUROPEAN CLIMATE ASSESSMENT & DATASET (ECA&D), file created on: 20-01-2022
THESE DATA CAN BE USED FOR NON-COMMERCIAL RESEARCH AND EDUCATION PROVIDED THAT THE FOLLOWING SOURCE IS ACKNOWLEDGED: 

Klein Tank, A.M.G. and Coauthors, 2002. Daily dataset of 20th-century surface
air temperature and precipitation series for the European Climate Assessment.
Int. J. of Climatol., 22, 1441-1453.
Data and metadata available at http://www.ecad.eu

FILE FORMAT (MISSING VALUE CODE = -999999):

THIS FILE HOLDS DATA FOR STATION RUSSIAN FEDERATION                       POGRANICHNOE                             (STAID:   8484)
LATITUDE: dd:mm:ss +50:24:00
LONGITUDE: ddd:mm:ss +143:46:00
ELEVATION: m    6

DATA IS FOR INDEX Days with TN > 90th percentile of daily min temp (warm nights) (TN90p) with unit 0.01 No of days

01-06 SOUID: Source identifier
08-11 YEAR : YYYY
13-20 ANNUAL DATA VALUES
21-28 WINTER HALF YEAR DATA VALUES
29-36 SUMMER HALF YEAR DATA VALUES
37-44 WINTER (DJF) DATA VALUES
45-52 SPRING (MAM) DATA VALUES
53-60 SUMMER (JJA) DATA VALUES
61-68 AUTUMN (SON) DATA VALUES
69-76 JANUARY DATA VALUES
etc. 
157-164 DECEMBER DATA VALUES

8484   1936 -999999 -999999 -999999 -999999 -999999 -999999 1300    700     900     200     -999999 100     -999999 200     0       700     300     300     200     
8484   1937 2000    1000    1100    400     400     600     200     0       200     0       400     0       300     100     200     100     100     0       600     
8484   1938 5100    1400    3000    1200    500     1300    2400    300     300     100     0       400     200     0       1100    1300    200     900     300     
8484   1939 4300    2500    3000    700     1400    1700    800     300     100     700     400     300     0       700     1000    600     100     100     0       
8484   1940 -999999 1500    -999999 800     800     800     -999999 800     0       500     100     200     0       300     500     -999999 100     300     1100    
8484   1941 1400    1800    700     1400    500     200     300     0       300     0       300     200     100     0       100     0       300     0       100     
8484   1942 2500    -999999 600     200     500     200     1500    0       100     200     200     100     100     100     0       100     900     500     200     
8484   1943 7100    3400    4200    1100    1000    3400    1500    800     100     900     0       100     400     1400    1600    700     800     0       300     
8484   1944 3400    1600    2600    300     700     2100    600     0       0       500     0       200     400     1200    500     300     200     100     0       
8484   1945 4100    2200    800     1300    1100    200     900     300     1000    600     500     0       100     0       100     100     200     600     600     
8484   1946 2800    1600    1400    600     400     600     800     0       0       200     200     0       300     200     100     600     100     100     1000    
8484   1947 3500    2200    1000    1800    500     500     1300    200     600     200     100     200     100     400     0       200     300     800     400     
8484   1948 4700    2500    3100    1200    1400    1500    1000    500     300     200     300     900     0       600     900     400     300     300     0       
8484   1949 2800    900     2100    300     400     1100    800     200     100     0       0       400     400     400     300     600     100     100     200     
8484   1950 5900    1400    4300    700     1300    2900    1000    200     300     500     400     400     500     900     1500    600     100     300     200     
8484   1951 2000    900     1100    400     500     700     300     0       200     100     0       400     300     100     300     0       200     100     300     
8484   1952 2300    700     1900    400     600     1100    500     0       100     0       400     200     200     600     300     200     300     0       0       
8484   1953 2600    1200    1500    300     600     1000    500     300     0       600     0       0       300     100     600     500     0       0       200     
8484   1954 3600    900     1300    900     500     200     1400    100     600     0       300     200     0       0       200     600     400     400     800     
8484   1955 3900    2000    2100    1100    200     1900    1000    0       300     100     0       100     700     1000    200     100     600     300     500     
8484   1956 3400    2500    600     1400    500     100     1200    200     700     200     300     0       100     0       0       200     300     700     700     
8484   1957 3100    2400    1400    1200    400     900     900     200     300     200     100     100     100     300     500     300     400     200     400     
8484   1958 -999999 -999999 1100    -999999 300     500     -999999 200     -999999 0       0       300     0       400     100     300     100     0       300     
8484   1959 -999999 -999999 -999999 -999999 -999999 200     1100    0       -999999 300     -999999 100     100     0       100     200     500     400     400     
8484   1960 3700    -999999 1900    -999999 400     1000    1700    200     100     300     100     0       100     400     500     800     0       900     300     
8484   1961 3900    2100    1500    1100    600     200     1600    200     600     100     400     100     100     100     0       800     200     600     700     
8484   1962 4000    2600    2500    1600    1500    900     600     900     0       200     1100    200     500     400     0       300     200     100     100     
8484   1963 3600    2300    900     1900    1000    0       800     1300    500     100     200     700     0       0       0       0       300     500     0       
8484   1964 2800    1100    1400    100     1200    400     700     100     0       200     400     600     300     0       100     0       200     500     400     
8484   1965 -999999 2600    -999999 1500    700     -999999 700     400     700     400     100     200     100     400     -999999 200     400     100     200     
8484   1966 -999999 -999999 1200    -999999 400     1100    700     -999999 -999999 300     100     0       400     200     500     0       700     0       200     
8484   1967 -999999 -999999 -999999 300     -999999 -999999 100     0       100     -999999 300     1000    0       -999999 0       0       100     0       800     
8484   1968 4500    2800    1300    2300    800     400     1700    700     800     400     200     200     200     100     100     500     0       1200    100     
8484   1969 -999999 1500    -999999 300     600     400     -999999 200     0       0       100     500     100     300     0       -999999 -999999 -999999 -999999 
8484   1970 3700    -999999 1900    -999999 600     1000    700     900     300     100     100     400     100     400     500     400     100     200     200     
8484   1971 2400    1800    300     900     800     100     600     0       700     600     100     100     100     0       0       0       600     0       200     
8484   1972 4400    2100    1400    500     1700    300     1900    0       300     1000    400     300     300     0       0       400     900     600     200     
8484   1973 3600    2100    2200    400     800     1000    1200    0       200     200     200     400     400     100     500     600     200     400     400     
8484   1974 3800    3100    1300    2500    300     300     1100    1400    700     0       200     100     100     200     0       700     300     100     0       
8484   1975 5400    2400    2500    1100    1400    1800    -999999 800     300     900     300     200     800     400     600     200     500     400     0       
8484   1976 4100    2500    1600    1200    800     1000    600     800     400     400     200     200     200     700     100     200     200     200     500     
8484   1977 -999999 1400    1600    800     400     1200    -999999 0       300     200     0       200     400     200     600     200     100     -999999 0       
8484   1978 4500    -999999 3700    0       900     3000    600     0       0       400     200     300     300     1400    1300    200     100     300     0       
8484   1979 3100    500     2100    0       500     1300    600     0       0       100     200     200     300     300     700     400     0       200     700     
8484   1980 3600    1100    1500    900     600     900     600     200     0       0       0       600     500     400     0       0       200     400     1300    
8484   1981 3300    2100    2100    1500    900     1100    700     200     0       0       200     700     0       800     300     100     500     100     400     
8484   1982 3500    1600    2400    900     800     1300    900     0       500     100     600     100     200     600     500     400     200     300     0       
8484   1983 2700    700     1900    100     1100    900     400     100     0       100     1000    0       0       200     700     0       0       400     200     
8484   1984 6100    1800    4500    1000    800     4000    500     400     400     400     0       400     2200    1200    600     100     400     0       0       
8484   1985 -999999 -999999 -999999 -999999 -999999 -999999 -999999 -999999 -999999 -999999 -999999 -999999 -999999 -999999 -999999 -999999 -999999 -999999 -999999 
8484   1986 2800    -999999 1700    -999999 1200    700     500     100     100     600     300     300     200     0       500     400     0       100     200     
8484   1987 2800    1500    1400    600     1400    400     600     0       400     800     300     300     400     0       0       400     0       200     0       
8484   1988 4600    1300    1400    500     1200    700     1700    100     400     600     500     100     300     0       400     100     1200    400     500     
8484   1989 5400    3600    3000    700     1900    1800    800     200     0       1300    500     100     0       900     900     600     0       200     700     
8484   1990 -999999 1500    -999999 1200    1100    -999999 2300    0       500     100     900     100     200     -999999 500     600     800     900     800     
8484   1991 3100    4600    400     2900    300     100     600     1600    500     0       300     0       100     0       0       0       500     100     0       
8484   1992 3500    1400    2000    700     700     1100    700     200     500     100     200     400     600     200     300     300     200     200     300     
8484   1993 3500    1400    1400    900     400     700     1700    500     100     100     200     100     200     500     0       400     700     600     100     
8484   1994 6600    3400    3500    1500    1300    1500    1900    0       1400    600     0       700     0       500     1000    1300    400     200     500     
8484   1995 8100    3300    3000    2100    1600    1700    2100    800     800     600     100     900     800     700     200     300     700     1100    1100    
8484   1996 4500    3900    2400    1900    1000    1500    900     700     100     200     600     200     300     1000    200     100     300     500     300     
8484   1997 4000    3400    700     2300    500     400     900     1200    800     300     0       200     100     300     0       100     500     300     200     
8484   1998 5100    1600    3400    400     1400    2400    900     100     100     400     300     700     900     800     700     0       600     300     200     
8484   1999 4600    1800    2400    900     300     1600    1300    700     0       0       100     200     800     200     600     500     800     0       700     
8484   2000 3800    2600    1800    1700    800     400     1500    700     300     100     100     600     100     300     0       700     500     300     100     
8484   2001 3100    2100    1500    500     1200    1000    300     400     0       800     300     100     200     500     300     100     100     100     200     
8484   2002 5400    1700    2800    1500    1800    700     1500    800     500     0       500     1300    600     100     0       300     400     800     100     
8484   2003 4100    1900    2400    600     800     1100    1700    500     0       100     200     500     1000    0       100     600     700     400     0       
8484   2004 3300    2000    1600    500     600     1100    800     200     300     400     0       200     700     100     300     300     200     300     300     
8484   2005 6800    1500    3600    1000    500     2600    2000    200     500     0       400     100     800     800     1000    500     400     1100    1000    
8484   2006 3400    3500    2000    1700    700     1000    1000    500     200     300     0       400     300     400     300     600     0       400     0       
8484   2007 4500    1100    2900    100     800     2300    900     100     0       600     0       200     800     900     600     400     400     100     400     
8484   2008 6300    2800    3100    1100    2000    1600    1500    100     600     1200    500     300     200     1400    0       700     400     400     500     
8484   2009 6400    3800    2100    1800    2800    500     1100    900     400     1200    500     1100    300     100     100     0       900     200     700     
8484   2010 6500    3000    3300    1800    100     2900    1600    700     400     100     0       0       1500    400     1000    400     400     800     800     
8484   2011 7400    3700    3300    2300    500     2200    2300    1000    500     200     200     100     500     900     800     800     600     900     900     
8484   2012 6000    3000    3000    1500    700     1800    2400    600     0       0       200     500     700     600     500     500     600     1300    500     
8484   2013 6500    3500    2800    1400    800     1600    2200    600     300     200     500     100     900     500     200     600     500     1100    1000    
8484   2014 7300    3600    4800    1700    1400    2400    2300    0       700     300     500     600     1400    100     900     1300    200     800     500     
8484   2015 6700    4200    2500    2200    1100    1900    1600    700     1000    1000    0       100     500     1100    300     500     500     600     400     
8484   2016 4800    2900    3200    800     2600    1100    600     300     100     1000    600     1000    300     400     400     500     0       100     100     
8484   2017 4000    2200    1600    1400    700     1000    600     300     1000    700     0       0       100     900     0       600     0       0       400     
8484   2018 -999999 800     -999999 600     800     -999999 1600    200     0       200     400     200     -999999 100     0       100     700     800     400     
8484   2019 -999999 2300    -999999 500     1400    -999999 -999999 100     0       300     300     800     200     -999999 -999999 -999999 -999999 -999999 -999999 
