EUROPEAN CLIMATE ASSESSMENT & DATASET (ECA&D), file created on: 20-01-2022
THESE DATA CAN BE USED FOR NON-COMMERCIAL RESEARCH AND EDUCATION PROVIDED THAT THE FOLLOWING SOURCE IS ACKNOWLEDGED: 

Klein Tank, A.M.G. and Coauthors, 2002. Daily dataset of 20th-century surface
air temperature and precipitation series for the European Climate Assessment.
Int. J. of Climatol., 22, 1441-1453.
Data and metadata available at http://www.ecad.eu

FILE FORMAT (MISSING VALUE CODE = -999999):

THIS FILE HOLDS DATA FOR STATION RUSSIAN FEDERATION                       TAMBOV                                   (STAID:    100)
LATITUDE: dd:mm:ss +52:48:00
LONGITUDE: ddd:mm:ss +041:30:00
ELEVATION: m  127

DATA IS FOR INDEX Days with TN > 90th percentile of daily min temp (warm nights) (TN90p) with unit 0.01 No of days

01-06 SOUID: Source identifier
08-11 YEAR : YYYY
13-20 ANNUAL DATA VALUES
21-28 WINTER HALF YEAR DATA VALUES
29-36 SUMMER HALF YEAR DATA VALUES
37-44 WINTER (DJF) DATA VALUES
45-52 SPRING (MAM) DATA VALUES
53-60 SUMMER (JJA) DATA VALUES
61-68 AUTUMN (SON) DATA VALUES
69-76 JANUARY DATA VALUES
etc. 
157-164 DECEMBER DATA VALUES

100    1936 4800    -999999 2800    -999999 200     2400    1200    700     0       100     0       100     400     1000    1000    300     0       900     300     
100    1937 3900    2300    1400    700     900     300     1500    200     200     700     0       200     0       200     100     900     400     200     800     
100    1938 6300    2300    3200    1400    500     2200    3000    400     200     300     200     0       100     1100    1000    800     1100    1100    0       
100    1939 3400    2900    2000    600     300     1600    500     200     400     100     0       200     500     700     400     200     200     100     400     
100    1940 3000    900     1800    400     300     1200    1500    0       0       200     100     0       100     500     600     500     0       1000    0       
100    1941 1800    1700    700     500     200     400     600     100     400     200     0       0       0       300     100     300     200     100     100     
100    1942 1100    400     400     100     0       200     600     0       0       0       0       0       0       100     100     200     100     300     300     
100    1943 2500    1000    1600    500     700     500     900     100     100     100     100     500     100     100     300     500     200     200     200     
100    1944 3400    2600    800     1500    800     200     1100    1000    300     700     100     0       100     0       100     500     300     300     0       
100    1945 1700    600     1300    0       0       1000    600     0       0       0       0       0       200     400     400     300     300     0       100     
100    1946 3200    1200    2400    900     100     2000    300     500     300     0       0       100     700     0       1300    300     0       0       0       
100    1947 2600    600     900     400     400     600     600     300     100     200     200     0       100     400     100     100     200     300     600     
100    1948 4800    2300    2800    1600    600     2200    800     500     500     200     0       400     1500    100     600     200     300     300     200     
100    1949 2300    1200    1500    600     500     700     500     200     200     0       0       500     300     100     300     300     0       200     200     
100    1950 3200    1000    1800    600     1300    200     1100    0       400     200     800     300     100     0       100     500     0       600     200     
100    1951 4900    1400    3900    200     1700    2000    900     0       0       600     1000    100     700     500     800     800     0       100     300     
100    1952 4500    1100    2400    1000    0       1400    2200    700     0       0       0       0       500     400     500     1000    600     600     200     
100    1953 1800    1500    1200    300     100     800     600     100     0       0       0       100     400     200     200     300     300     0       200     
100    1954 5800    500     4000    200     200     3300    1800    0       0       0       0       200     1100    1400    800     500     300     1000    500     
100    1955 3700    3500    1300    1700    800     600     1000    400     800     500     0       300     0       300     300     400     600     0       100     
100    1956 1900    1000    1100    400     0       900     400     300     0       0       0       0       500     0       400     200     200     0       300     
100    1957 6400    1700    4200    1500    800     2000    2100    200     1000    0       0       800     200     800     1000    1400    200     500     300     
100    1958 3000    2000    1200    900     900     600     300     300     300     400     0       500     100     300     200     100     200     0       600     
100    1959 2300    1100    1600    900     800     800     0       200     100     0       500     300     200     500     100     0       0       0       400     
100    1960 4100    1200    1500    1200    0       1400    500     400     400     0       0       0       200     1200    0       100     300     100     1400    
100    1961 4400    3200    1700    2400    600     1400    800     600     400     400     200     0       500     300     600     100     200     500     600     
100    1962 4100    2700    1400    1500    900     400     1700    700     200     500     200     200     0       300     100     600     400     700     200     
100    1963 2700    1500    1400    300     400     300     1900    0       100     100     0       300     0       200     100     800     500     600     0       
100    1964 1900    1100    700     0       0       400     800     0       0       0       0       0       200     100     100     300     400     100     700     
100    1965 2400    1700    1000    1200    100     500     500     500     0       0       0       100     0       400     100     400     100     0       800     
100    1966 6000    3400    2600    2100    2300    1400    1000    200     1100    1200    600     500     100     600     700     100     600     300     0       
100    1967 4000    900     2600    0       1700    800     1100    0       0       0       600     1100    0       100     700     100     800     200     400     
100    1968 1600    1700    1100    700     500     300     300     200     100     0       0       500     100     100     100     300     0       0       200     
100    1969 1900    300     1100    300     200     900     700     0       100     0       100     100     200     200     500     0       0       700     0       
100    1970 2500    800     2000    100     1100    400     800     0       100     0       500     600     0       300     100     500     300     0       100     
100    1971 4700    1500    2400    1200    0       1400    2200    1000    100     0       0       0       100     900     400     1000    200     1000    0       
100    1972 6700    1300    5500    0       300     4900    900     0       0       100     100     100     1300    1500    2100    400     200     300     600     
100    1973 2900    2100    1500    1400    1500    200     200     0       800     200     1100    200     0       100     100     0       100     100     200     
100    1974 4300    2100    900     1400    700     300     1800    0       1200    500     0       200     0       200     100     400     900     500     300     
100    1975 4700    2900    3200    800     2700    800     500     400     100     700     1400    600     800     0       0       400     100     0       200     
100    1976 600     500     100     300     100     100     100     100     0       100     0       0       100     0       0       0       0       100     200     
100    1977 4100    1200    2200    500     1500    1000    1200    0       300     600     300     600     0       400     600     300     0       900     100     
100    1978 1600    1700    300     200     700     0       700     100     0       600     100     0       0       0       0       200     0       500     100     
100    1979 3700    1400    2000    700     1100    800     600     500     100     200     100     800     100     200     500     300     100     200     600     
100    1980 3300    1000    1800    700     700     400     1300    0       100     0       600     100     0       400     0       700     300     300     800     
100    1981 5200    2200    3900    1600    600     3100    500     300     500     0       0       600     1600    800     700     200     300     0       200     
100    1982 3300    900     1300    400     500     500     1000    200     0       200     0       300     0       200     300     500     300     200     1100    
100    1983 5600    4200    2200    2700    3000    100     800     1100    500     1000    1200    800     0       100     0       100     400     300     100     
100    1984 3600    1000    2400    300     1100    700     1400    200     0       0       0       1100    200     500     0       600     500     300     200     
100    1985 2900    1200    1800    400     600     1100    900     100     100     0       100     500     0       0       1100    100     500     300     100     
100    1986 4300    1700    3000    600     1400    1800    500     500     0       300     900     200     1000    100     700     100     400     0       100     
100    1987 1600    700     1400    300     300     1000    100     0       200     0       0       300     800     200     0       100     0       0       0       
100    1988 4700    1100    3100    800     400     2800    500     800     0       300     0       100     1200    1300    300     200     300     0       200     
100    1989 7500    3500    2300    2500    1000    1400    1700    1300    1000    700     300     0       1000    200     200     600     800     300     1100    
100    1990 6600    6500    1300    3600    2600    500     900     900     1600    1800    800     0       0       500     0       0       400     500     100     
100    1991 5700    2200    3100    1100    1000    1900    1700    900     100     200     300     500     1300    400     200     400     1200    100     100     
100    1992 3800    2800    1700    600     1300    800     1200    300     200     900     400     0       300     100     400     500     300     400     0       
100    1993 3200    2100    800     1200    600     400     500     1100    100     200     0       400     0       400     0       0       500     0       500     
100    1994 4200    2000    2100    1400    300     500     2400    900     0       100     100     100     200     100     200     1400    700     300     100     
100    1995 9200    3300    6200    1300    3400    2300    2300    300     900     1000    1100    1300    1500    500     300     1500    500     300     0       
100    1996 5800    1000    3900    200     1400    2000    1900    0       200     0       100     1300    500     800     700     500     400     1000    300     
100    1997 4000    2900    1600    1000    1000    1100    900     100     600     500     400     100     400     100     600     0       400     500     300     
100    1998 5400    2900    2600    1300    1100    1800    1300    400     600     700     100     300     700     500     600     400     700     200     200     
100    1999 5100    3300    1400    1800    900     700     1100    1200    400     600     200     100     100     400     200     400     600     100     800     
100    2000 5700    3100    2600    2200    800     1400    1200    600     800     200     500     100     200     800     400     600     400     200     900     
100    2001 5900    4100    2400    2700    1500    1000    1600    1300    500     800     700     0       0       800     200     700     400     500     0       
100    2002 7000    4900    1800    2600    1500    1100    1800    1000    1600    1400    100     0       100     800     200     600     500     700     0       
100    2003 2600    1800    500     600     200     300     1000    600     0       0       0       200     0       0       300     0       500     500     500     
100    2004 5300    3400    1600    900     1500    600     2300    100     300     1500    0       0       200     0       400     1000    400     900     500     
100    2005 5200    3600    1900    2200    1100    200     1900    1500    200     100     200     800     100     100     0       700     600     600     300     
100    2006 5700    2000    2000    600     500     1000    2200    300     0       200     300     0       300     0       700     700     1100    400     1700    
100    2007 7000    6400    3100    3800    1900    1700    1300    2000    100     1100    300     500     400     200     1100    600     600     100     0       
100    2008 8000    3800    2200    1200    3200    700     2000    400     800     1900    1200    100     0       200     500     200     1100    700     900     
100    2009 5600    3900    2200    1800    500     1500    2300    300     600     300     100     100     500     1000    0       500     1100    700     400     
100    2010 9100    2800    5900    500     1400    4100    3000    0       100     500     200     700     800     1200    2100    900     200     1900    500     
100    2011 3800    2700    2300    500     200     1900    1200    0       0       100     0       100     400     1000    500     300     600     300     500     
100    2012 6600    2500    3300    1300    1700    1500    2200    700     100     300     800     600     500     500     500     400     1100    700     400     
100    2013 5800    3500    1600    1500    1000    300     2600    800     300     200     200     600     100     100     100     500     900     1200    800     
100    2014 4900    5200    1300    2500    1100    600     1000    900     800     600     200     300     100     0       500     200     400     400     500     
100    2015 5800    3100    2400    1700    1300    1000    1200    600     600     600     100     600     600     400     0       700     100     400     1100    
100    2016 6500    4200    2800    2500    2000    1800    1100    200     1200    1200    700     100     600     400     800     200     700     200     200     
100    2017 5800    3100    1900    1000    1700    800     1000    300     500     1200    100     400     300     400     100     600     200     200     1500    
100    2018 4300    2400    3300    2000    900     1000    1900    400     100     0       300     600     200     700     100     1400    100     400     0       
100    2019 -999999 1600    -999999 500     1100    -999999 -999999 0       500     600     300     200     300     -999999 -999999 -999999 -999999 -999999 -999999 
100    2020 -999999 -999999 -999999 -999999 -999999 -999999 -999999 -999999 -999999 -999999 -999999 -999999 -999999 -999999 -999999 -999999 -999999 -999999 -999999 
100    2021 -999999 -999999 -999999 -999999 -999999 -999999 -999999 -999999 -999999 -999999 -999999 -999999 -999999 -999999 -999999 -999999 -999999 -999999 -999999 
