EUROPEAN CLIMATE ASSESSMENT & DATASET (ECA&D), file created on: 20-01-2022
THESE DATA CAN BE USED FOR NON-COMMERCIAL RESEARCH AND EDUCATION PROVIDED THAT THE FOLLOWING SOURCE IS ACKNOWLEDGED: 

Klein Tank, A.M.G. and Coauthors, 2002. Daily dataset of 20th-century surface
air temperature and precipitation series for the European Climate Assessment.
Int. J. of Climatol., 22, 1441-1453.
Data and metadata available at http://www.ecad.eu

FILE FORMAT (MISSING VALUE CODE = -999999):

THIS FILE HOLDS DATA FOR STATION RUSSIAN FEDERATION                       PERESLAVL'-ZALESSKIJ                     (STAID:   8172)
LATITUDE: dd:mm:ss +56:43:00
LONGITUDE: ddd:mm:ss +038:49:59
ELEVATION: m  174

DATA IS FOR INDEX Days with TN > 90th percentile of daily min temp (warm nights) (TN90p) with unit 0.01 No of days

01-06 SOUID: Source identifier
08-11 YEAR : YYYY
13-20 ANNUAL DATA VALUES
21-28 WINTER HALF YEAR DATA VALUES
29-36 SUMMER HALF YEAR DATA VALUES
37-44 WINTER (DJF) DATA VALUES
45-52 SPRING (MAM) DATA VALUES
53-60 SUMMER (JJA) DATA VALUES
61-68 AUTUMN (SON) DATA VALUES
69-76 JANUARY DATA VALUES
etc. 
157-164 DECEMBER DATA VALUES

8172   1959 -999999 -999999 -999999 -999999 -999999 -999999 0       -999999 -999999 -999999 -999999 -999999 -999999 300     100     0       0       0       -999999 
8172   1960 3200    -999999 1300    -999999 200     900     500     0       0       0       200     0       300     400     200     200     100     200     1600    
8172   1961 3900    3400    1000    2700    500     900     1000    600     500     400     100     0       400     300     200     0       300     700     400     
8172   1962 -999999 -999999 900     -999999 700     100     1300    400     0       0       300     400     0       0       100     100     400     800     300     
8172   1963 2400    1500    1800    300     400     700     1200    0       0       0       0       400     0       600     100     700     200     300     100     
8172   1964 2800    700     1000    -999999 0       600     1300    100     0       0       0       0       200     300     100     400     600     300     800     
8172   1965 1500    2000    600     1100    100     0       600     200     100     0       0       100     0       0       0       500     100     0       500     
8172   1966 -999999 -999999 1900    -999999 1600    500     700     -999999 -999999 500     600     500     100     100     300     300     400     0       0       
8172   1967 -999999 700     -999999 0       -999999 1200    1400    0       0       300     100     -999999 200     0       1000    100     900     400     0       
8172   1968 -999999 -999999 -999999 -999999 -999999 800     -999999 -999999 200     600     200     300     400     100     300     300     100     500     0       
8172   1969 2100    600     1200    0       300     700     1100    0       0       0       100     200     0       200     500     200     100     800     0       
8172   1970 2600    900     2100    0       600     1000    900     0       0       0       100     500     100     500     400     500     300     100     100     
8172   1971 2500    2000    700     1600    200     400     300     1400    100     0       0       200     100     200     100     100     200     0       100     
8172   1972 6600    500     4200    200     700     3200    1000    0       100     100     400     200     500     1400    1300    400     100     500     1600    
8172   1973 3800    3000    2100    2200    1200    1100    100     100     500     200     700     300     400     200     500     0       100     0       800     
8172   1974 4600    2700    1000    2300    400     400     2000    100     1400    300     0       100     100     300     0       500     800     700     300     
8172   1975 5300    3800    3000    1400    2400    500     1200    1100    0       900     1200    300     300     100     100     1000    100     100     100     
8172   1976 -999999 -999999 -999999 -999999 -999999 -999999 -999999 -999999 -999999 -999999 -999999 -999999 -999999 -999999 -999999 -999999 -999999 -999999 -999999 
8172   1977 4200    -999999 2700    -999999 1300    1800    900     0       100     500     100     700     500     400     900     100     0       800     100     
8172   1978 1700    1400    700     100     800     300     600     0       0       500     300     0       100     100     100     100     100     400     0       
8172   1979 -999999 1000    -999999 200     1900    -999999 800     200     0       300     200     1400    400     100     -999999 300     500     0       400     
8172   1980 2900    1000    1900    500     600     700     1000    0       100     0       400     200     500     200     0       600     100     300     500     
8172   1981 4500    1800    2800    1100    700     2200    800     300     300     300     0       400     800     700     700     200     600     0       200     
8172   1982 3600    1300    900     300     800     200     1400    100     0       400     100     300     0       100     100     300     300     800     1100    
8172   1983 6200    3900    3000    1900    2900    500     1400    800     0       900     1500    500     0       0       500     500     400     500     600     
8172   1984 3200    1600    2200    700     1000    400     1600    100     0       0       200     800     100     300     0       800     600     200     100     
8172   1985 2400    900     1500    100     300     1200    700     0       0       0       100     200     100     100     1000    0       700     0       200     
8172   1986 4600    2000    2700    600     1600    1700    800     400     0       700     600     300     1200    300     200     100     300     400     100     
8172   1987 1900    1100    1500    400     400     1100    0       0       300     0       0       400     700     200     200     0       0       0       100     
8172   1988 4600    1200    3100    1000    600     2400    700     500     400     200     200     200     900     1200    300     300     400     0       0       
8172   1989 8000    4100    3200    2900    1900    1800    1000    1500    1400    800     900     200     700     900     200     300     600     100     400     
8172   1990 6100    5400    1200    3300    2100    500     300     1000    1900    1400    700     0       0       500     0       0       200     100     300     
8172   1991 5500    1900    2400    1300    700     1600    2100    600     400     300     300     100     1200    300     100     400     1000    700     100     
8172   1992 4600    3700    2400    1000    1500    900     1000    500     400     1000    400     100     200     200     500     1000    0       0       300     
8172   1993 4000    2100    1400    1900    900     700     300     1300    300     200     300     400     0       400     300     0       300     0       500     
8172   1994 2900    1700    1500    1200    500     300     1100    700     0       200     300     0       0       100     200     900     100     100     300     
8172   1995 7400    3100    3900    1900    2600    1000    2200    300     1300    1000    900     700     600     100     300     1300    800     100     0       
8172   1996 4800    1300    2200    400     1200    900     1800    0       400     0       200     1000    400     500     0       100     600     1100    500     
8172   1997 4400    3900    1800    1500    1000    1200    800     300     700     700     200     100     900     100     200     300     200     300     400     
8172   1998 5700    2200    3200    1500    600     2400    800     500     600     200     100     300     1500    600     300     400     400     0       800     
8172   1999 7400    2700    4000    1800    1200    2800    1700    700     300     500     700     0       1500    1200    100     500     1000    200     700     
8172   2000 8300    4300    3100    2700    1800    1300    2000    700     1300    400     1000    400     400     800     100     400     800     800     1200    
8172   2001 6100    4500    3900    2300    2400    1600    1000    800     300     600     1600    200     200     1200    200     500     400     100     0       
8172   2002 6900    4800    2400    3100    1700    1600    500     1300    1800    1200    300     200     100     1300    200     300     100     100     0       
8172   2003 -999999 1000    -999999 600     600     -999999 1200    400     200     200     0       400     0       -999999 0       400     400     400     600     
8172   2004 5000    3000    1800    1000    1300    900     1800    100     300     1200    0       100     0       100     800     800     700     300     600     
8172   2005 4600    2600    2700    1600    1400    400     1800    1000    0       0       700     700     200     200     0       900     200     700     0       
8172   2006 6500    1400    2600    400     200     1300    2700    400     0       100     100     0       600     200     500     1200    800     700     1900    
8172   2007 8000    7300    2900    3900    3100    1600    800     2000    0       1900    200     1000    200     100     1300    100     700     0       500     
8172   2008 7200    3700    2400    2300    1600    1000    1900    600     1200    700     800     100     0       400     600     500     1200    200     900     
8172   2009 5400    4100    1900    2400    500     1000    1900    500     1000    300     200     0       500     500     0       700     200     1000    500     
8172   2010 7200    2100    5600    500     1800    3900    1500    0       0       400     400     1000    600     1700    1600    300     100     1100    0       
8172   2011 4400    1400    2500    200     200     1800    1400    200     0       0       200     0       100     1200    500     500     600     300     800     
8172   2012 5200    2200    3000    1300    800     1400    2300    400     100     0       700     100     300     700     400     800     800     700     200     
8172   2013 5500    2200    2300    600     1000    1100    2100    100     300     100     200     700     600     100     400     300     900     900     900     
8172   2014 5700    5500    1500    2600    1900    500     1000    700     1000    1100    300     500     100     100     300     200     300     500     600     
8172   2015 6600    4200    2100    2800    1100    1000    1000    1000    1200    600     100     400     400     300     300     600     100     300     1300    
8172   2016 5400    3700    2700    2700    1200    2100    300     300     1100    600     500     100     600     800     700     0       300     0       400     
8172   2017 5300    2500    2100    1200    1400    900     1000    300     500     1000    200     200     0       200     700     800     0       200     1200    
8172   2018 3500    1900    2200    1700    300     1400    1100    500     0       0       200     100     200     900     300     500     400     200     200     
8172   2019 -999999 2100    -999999 1000    1400    -999999 -999999 0       800     500     100     800     300     -999999 -999999 -999999 -999999 -999999 -999999 
