EUROPEAN CLIMATE ASSESSMENT & DATASET (ECA&D), file created on: 20-01-2022
THESE DATA CAN BE USED FOR NON-COMMERCIAL RESEARCH AND EDUCATION PROVIDED THAT THE FOLLOWING SOURCE IS ACKNOWLEDGED: 

Klein Tank, A.M.G. and Coauthors, 2002. Daily dataset of 20th-century surface
air temperature and precipitation series for the European Climate Assessment.
Int. J. of Climatol., 22, 1441-1453.
Data and metadata available at http://www.ecad.eu

FILE FORMAT (MISSING VALUE CODE = -999999):

THIS FILE HOLDS DATA FOR STATION KAZAKHSTAN                               IRTYSHSK                                 (STAID:   3232)
LATITUDE: dd:mm:ss +53:21:00
LONGITUDE: ddd:mm:ss +075:27:00
ELEVATION: m   94

DATA IS FOR INDEX Days with TN > 90th percentile of daily min temp (warm nights) (TN90p) with unit 0.01 No of days

01-06 SOUID: Source identifier
08-11 YEAR : YYYY
13-20 ANNUAL DATA VALUES
21-28 WINTER HALF YEAR DATA VALUES
29-36 SUMMER HALF YEAR DATA VALUES
37-44 WINTER (DJF) DATA VALUES
45-52 SPRING (MAM) DATA VALUES
53-60 SUMMER (JJA) DATA VALUES
61-68 AUTUMN (SON) DATA VALUES
69-76 JANUARY DATA VALUES
etc. 
157-164 DECEMBER DATA VALUES

3232   1936 2900    -999999 400     -999999 0       400     1500    100     500     0       0       0       300     100     0       0       700     800     400     
3232   1937 -999999 -999999 -999999 -999999 -999999 -999999 -999999 200     -999999 0       0       -999999 -999999 -999999 -999999 -999999 300     300     100     
3232   1938 2700    1300    1200    400     1300    200     700     0       300     300     500     500     0       0       200     0       200     500     200     
3232   1939 2900    1600    1700    700     1000    500     700     0       500     200     500     300     400     0       100     400     100     200     200     
3232   1940 3800    1400    2400    400     1700    1400    400     100     100     700     800     200     400     700     300     0       100     300     100     
3232   1941 1100    900     500     300     200     300     400     100     100     200     0       0       200     0       100     200     0       200     0       
3232   1942 3000    300     2200    100     0       1900    800     0       100     0       0       0       400     600     900     300     0       500     200     
3232   1943 2900    900     2200    200     800     1200    700     0       0       200     300     300     400     300     500     400     300     0       200     
3232   1944 3600    2300    1200    700     2000    100     800     100     400     1300    200     500     0       100     0       400     300     100     200     
3232   1945 1100    600     600     200     300     300     400     0       0       0       0       300     0       0       300     0       400     0       100     
3232   1946 2400    2200    500     1800    300     200     200     500     1200    0       0       300     0       100     100     0       200     0       0       
3232   1947 2900    800     1000    400     900     300     1100    200     200     200     700     0       0       200     100     0       200     900     200     
3232   1948 4000    2800    1500    1500    700     800     900     1200    100     200     100     400     100     500     200     200     600     100     300     
3232   1949 2900    2100    1400    1400    300     1000    500     800     300     0       100     200     200     200     600     100     300     100     0       
3232   1950 2100    700     1200    200     200     800     600     0       200     100     100     0       400     200     200     300     200     100     300     
3232   1951 3700    800     2300    400     700     900     900     100     0       100     200     400     200     400     300     800     100     0       1100    
3232   1952 4200    1500    3500    1400    900     2000    800     300     0       0       0       900     700     500     800     600     100     100     200     
3232   1953 4100    1500    2500    900     700     1600    800     0       700     400     0       300     400     700     500     600     200     0       300     
3232   1954 2500    600     1000    400     0       900     1500    0       100     0       0       0       0       400     500     100     700     700     0       
3232   1955 3500    1600    2700    200     600     1800    600     100     100     0       100     500     600     300     900     300     300     0       300     
3232   1956 1600    1200    500     800     200     400     300     400     100     100     100     0       100     100     200     0       100     200     200     
3232   1957 3400    1000    1800    700     700     800     1100    100     400     0       0       700     300     400     100     300     300     500     300     
3232   1958 3100    2700    600     1600    300     400     900     100     1200    300     0       0       0       100     300     200     400     300     200     
3232   1959 2800    1800    1600    900     500     800     800     700     0       200     0       300     300     200     300     500     300     0       0       
3232   1960 3100    1400    1300    1100    200     600     1000    200     900     0       100     100     400     0       200     500     100     400     200     
3232   1961 4300    1500    2100    500     2000    400     1200    100     200     500     800     700     100     0       300     200     0       1000    400     
3232   1962 4900    3500    1900    1800    1500    700     900     700     700     700     0       800     300     200     200     400     500     0       400     
3232   1963 4900    2300    1100    1100    700     900     2100    200     500     700     0       0       500     300     100     200     700     1200    500     
3232   1964 3000    2700    1400    800     100     1300    1000    300     0       0       0       100     200     300     800     0       0       1000    300     
3232   1965 4800    2300    3000    900     1300    1500    1300    600     0       400     400     500     400     800     300     600     500     200     100     
3232   1966 3100    1200    2300    400     200     1200    1400    0       300     100     100     0       400     300     500     1000    400     0       0       
3232   1967 3800    1000    1900    100     1500    900     1100    100     0       500     600     400     300     600     0       0       1000    100     200     
3232   1968 2600    2500    1100    500     2000    0       200     100     200     900     400     700     0       0       0       0       100     100     100     
3232   1969 2900    400     2200    200     200     1300    1300    0       100     0       200     0       300     900     100     700     300     300     0       
3232   1970 2900    1600    1400    600     900     700     600     100     500     400     400     100     300     0       400     200     300     100     100     
3232   1971 3200    1400    800     800     500     300     1200    600     100     200     200     100     100     200     0       200     300     700     500     
3232   1972 2200    1700    1100    700     700     300     600     0       200     0       500     200     200     0       100     100     200     300     400     
3232   1973 3800    1500    1800    800     600     1200    1100    0       400     200     200     200     700     300     200     200     100     800     500     
3232   1974 2700    2200    1700    1000    800     1000    400     200     300     300     200     300     400     300     300     200     200     0       0       
3232   1975 4500    2000    1500    1300    1100    800     400     900     400     500     400     200     300     400     100     100     200     100     900     
3232   1976 2800    2200    1700    1900    500     1200    100     700     300     0       100     400     300     200     700     0       100     0       0       
3232   1977 4400    700     2700    400     1500    1300    1000    0       400     200     800     500     900     400     0       100     200     700     200     
3232   1978 3500    1500    2100    500     800     900     1200    0       300     100     600     100     500     100     300     500     400     300     300     
3232   1979 3700    1300    1600    500     200     900     1600    0       200     100     0       100     200     400     300     600     700     300     800     
3232   1980 1900    1800    1300    800     800     400     400     0       0       0       100     700     0       100     300     100     0       300     300     
3232   1981 4000    2100    2400    1200    1100    1300    600     300     600     600     200     300     500     100     700     600     0       0       100     
3232   1982 5000    700     3000    500     1700    1000    1500    200     200     200     600     900     300     300     400     500     600     400     400     
3232   1983 6100    3800    1700    2400    800     1100    1600    1300    700     400     200     200     200     500     400     200     800     600     600     
3232   1984 3300    3200    1500    1700    300     1000    900     900     200     100     100     100     300     100     600     300     600     0       0       
3232   1985 1800    1100    1000    500     -999999 400     400     500     0       0       -999999 0       100     100     200     400     0       0       300     
3232   1986 2000    700     1200    700     400     700     400     400     0       0       300     100     100     300     300     100     100     200     100     
3232   1987 4600    1600    2600    1000    1000    1600    600     200     700     300     0       700     300     500     800     300     200     100     500     
3232   1988 5100    1600    3100    1000    700     1600    1600    500     0       300     400     0       400     600     600     1100    200     300     700     
3232   1989 5300    3400    2100    2500    900     1400    600     700     1100    400     300     200     0       900     500     200     400     0       600     
3232   1990 6300    3600    2500    1600    2100    1700    1200    400     600     1600    100     400     1200    300     200     300     800     100     300     
3232   1991 4500    1800    2700    900     900     1200    1700    400     200     0       300     600     900     300     0       600     1000    100     100     
3232   1992 4400    2900    1600    1800    800     800     900     800     900     0       200     600     100     300     400     0       500     400     200     
3232   1993 3400    2700    1300    1600    200     1300    300     900     500     200     0       0       100     300     900     0       300     0       200     
3232   1994 4100    1200    2000    600     1100    1000    1400    300     100     300     200     600     700     200     100     200     600     600     200     
3232   1995 6200    2900    3400    1100    2300    1300    1500    300     600     600     1200    500     100     600     600     400     600     500     200     
3232   1996 1900    1300    1300    200     500     800     400     0       0       0       100     400     100     400     300     0       300     100     200     
3232   1997 6400    2700    3000    1500    2800    700     1500    500     800     800     1100    900     0       200     500     300     900     300     100     
3232   1998 5900    1900    3300    600     700     2600    1300    0       500     100     100     500     600     900     1100    100     700     500     800     
3232   1999 7200    3100    3300    1800    1300    1900    2300    300     700     100     300     900     0       900     1000    200     1600    500     700     
3232   2000 3800    3700    2500    1600    1000    1200    300     100     800     0       900     100     200     300     700     300     0       0       400     
3232   2001 7300    2500    3100    1200    2900    1100    2000    300     500     1300    500     1100    400     100     600     400     400     1200    500     
