EUROPEAN CLIMATE ASSESSMENT & DATASET (ECA&D), file created on: 20-01-2022
THESE DATA CAN BE USED FOR NON-COMMERCIAL RESEARCH AND EDUCATION PROVIDED THAT THE FOLLOWING SOURCE IS ACKNOWLEDGED: 

Klein Tank, A.M.G. and Coauthors, 2002. Daily dataset of 20th-century surface
air temperature and precipitation series for the European Climate Assessment.
Int. J. of Climatol., 22, 1441-1453.
Data and metadata available at http://www.ecad.eu

FILE FORMAT (MISSING VALUE CODE = -999999):

THIS FILE HOLDS DATA FOR STATION FRANCE                                   BASTIA                                   (STAID:    758)
LATITUDE: dd:mm:ss +42:32:26
LONGITUDE: ddd:mm:ss +009:29:07
ELEVATION: m   10

DATA IS FOR INDEX Days with TN > 90th percentile of daily min temp (warm nights) (TN90p) with unit 0.01 No of days

01-06 SOUID: Source identifier
08-11 YEAR : YYYY
13-20 ANNUAL DATA VALUES
21-28 WINTER HALF YEAR DATA VALUES
29-36 SUMMER HALF YEAR DATA VALUES
37-44 WINTER (DJF) DATA VALUES
45-52 SPRING (MAM) DATA VALUES
53-60 SUMMER (JJA) DATA VALUES
61-68 AUTUMN (SON) DATA VALUES
69-76 JANUARY DATA VALUES
etc. 
157-164 DECEMBER DATA VALUES

758    1947 3100    -999999 1800    -999999 1000    1100    700     0       100     500     100     400     300     300     500     200     0       500     200     
758    1948 2100    1100    1500    600     600     800     300     300     100     0       100     500     600     0       200     100     200     0       0       
758    1949 2200    600     1300    200     700     200     900     100     100     200     200     300     0       200     0       600     200     100     200     
758    1950 1500    600     1100    200     300     800     400     0       0       100     0       200     300     300     200     100     100     200     0       
758    1951 1900    1200    800     600     400     200     700     200     400     300     100     0       0       0       200     500     0       200     0       
758    1952 2600    600     1800    200     1100    900     200     100     100     200     600     300     400     300     200     0       100     100     200     
758    1953 3400    400     1500    200     600     300     1400    0       0       0       400     200     200     0       100     600     600     200     1100    
758    1954 2100    2200    700     1100    600     400     600     0       0       300     200     100     300     0       100     0       100     500     500     
758    1955 3800    2800    900     2000    300     600     900     1000    500     200     0       100     400     100     100     200     100     600     500     
758    1956 1600    1600    1200    600     600     500     400     100     0       300     200     100     100     0       400     400     0       0       0       
758    1957 2200    500     1000    300     700     500     400     0       300     200     500     0       300     0       200     0       0       400     300     
758    1958 2700    1200    700     800     400     200     1200    200     300     0       0       400     100     100     0       100     300     800     400     
758    1959 2100    2100    1100    600     900     200     600     0       200     400     300     200     200     0       0       400     100     100     200     
758    1960 2300    1000    700     700     500     300     700     100     400     100     100     300     200     0       100     0       500     200     300     
758    1961 3200    1400    1500    500     1100    400     1100    0       200     200     600     300     200     100     100     200     200     700     400     
758    1962 3600    2500    2000    1500    600     700     1200    900     200     100     500     0       300     100     300     800     300     100     0       
758    1963 2200    600     1400    200     400     900     400     200     0       0       400     0       200     300     400     100     100     200     300     
758    1964 4200    1800    2500    1100    900     1800    400     0       800     400     500     0       800     500     500     200     100     100     300     
758    1965 3700    1300    800     800     400     600     1700    400     100     300     0       100     300     200     100     100     700     900     500     
758    1966 4900    3500    2400    1500    1400    1300    1200    400     600     400     800     200     1100    100     100     100     800     300     0       
758    1967 4500    2300    1900    400     1300    1100    1400    200     200     800     300     200     0       600     500     300     200     900     300     
758    1968 3300    1600    2300    500     1300    900     600     0       200     0       300     1000    100     800     0       100     0       500     300     
758    1969 3300    1300    2000    300     1800    600     800     0       0       500     300     1000    0       200     400     100     200     500     100     
758    1970 3200    2100    1400    1100    700     600     800     900     100     300     400     0       200     0       400     400     300     100     100     
758    1971 2100    800     1600    400     1000    500     200     300     0       0       300     700     0       200     300     100     100     0       100     
758    1972 4500    2900    1200    2200    1200    500     400     700     1400    600     400     200     100     200     200     100     0       300     300     
758    1973 3400    1700    1700    1200    700     400     1100    600     300     200     0       500     200     100     100     800     300     0       300     
758    1974 2500    2000    900     900     1400    300     100     200     400     800     300     300     100     0       200     0       0       100     100     
758    1975 1500    700     700     600     0       300     500     200     300     0       0       0       0       200     100     400     0       100     200     
758    1976 3400    900     1900    800     300     1200    800     100     500     0       100     200     400     600     200     400     400     0       500     
758    1977 5000    2900    1100    1800    1600    200     1700    1000    300     700     500     400     0       0       200     0       1000    700     200     
758    1978 2100    2800    800     800     700     400     0       100     500     300     100     300     100     0       300     0       0       0       400     
758    1979 4600    1900    2400    1600    600     2000    400     700     500     300     100     200     1300    300     400     100     300     0       400     
758    1980 1500    1100    900     700     400     500     200     100     200     100     300     0       100     0       400     100     100     0       100     
758    1981 4500    1600    1600    300     1500    800     1200    100     100     1200    300     0       500     100     200     500     300     400     800     
758    1982 8000    2800    5400    1800    600     3800    2000    700     300     300     100     200     1200    2000    600     1300    300     400     600     
758    1983 3900    1900    2700    1000    1200    1400    800     300     100     200     500     500     400     800     200     300     200     300     100     
758    1984 2200    1100    400     600     200     100     1100    200     300     0       0       200     100     0       0       100     100     900     300     
758    1985 2600    1800    1500    500     700     900     500     100     100     300     100     300     400     400     100     200     200     100     300     
758    1986 3900    1000    2600    500     1500    500     1400    200     0       200     300     1000    400     0       100     800     300     300     300     
758    1987 6500    1400    3500    700     400     1800    3000    100     300     100     300     0       300     600     900     1400    1100    500     900     
758    1988 5300    4200    2200    2100    1800    800     1100    900     300     500     200     1100    0       300     500     100     900     100     400     
758    1989 4400    2400    2400    900     800     2000    600     200     300     500     200     100     200     600     1200    100     0       500     500     
758    1990 5700    2800    2500    1600    1600    1200    1800    200     900     700     100     800     600     300     300     400     1300    100     0       
758    1991 3600    2600    2300    300     900     1400    1000    200     100     900     0       0       100     800     500     900     100     0       0       
758    1992 5300    700     3700    400     1100    2500    800     100     300     200     200     700     500     500     1500    300     0       500     500     
758    1993 5200    1800    2800    1200    600     1600    2100    600     100     100     200     300     600     100     900     700     1000    400     200     
758    1994 9100    2400    6600    700     1200    4400    2600    300     200     300     300     600     500     1800    2100    1300    500     800     400     
758    1995 5700    2400    3600    1000    700     2900    900     200     400     100     300     300     0       1800    1100    100     300     500     600     
758    1996 5900    3200    2700    2100    1400    1500    700     1200    300     300     700     400     800     500     200     100     200     400     800     
758    1997 7100    2600    3500    1600    800     2100    2800    500     300     400     100     300     1400    200     500     1000    1100    700     600     
758    1998 5900    2800    5100    900     1200    3000    1400    200     100     100     300     800     900     900     1200    1000    200     200     0       
758    1999 9800    800     7300    300     2100    3800    3200    300     0       100     400     1600    1200    900     1700    1500    1000    700     400     
758    2000 7400    3200    4400    1300    2100    2000    1500    300     600     200     300     1600    900     300     800     500     500     500     900     
758    2001 8700    4000    5000    1900    2600    3100    2000    700     300     1100    0       1500    800     700     1600    400     1300    300     0       
758    2002 7900    2500    4700    500     1800    2600    2000    200     300     400     600     800     1400    600     600     700     300     1000    1000    
758    2003 13000   3000    10700   1500    1900    8600    1400    400     100     200     400     1300    3000    2500    3100    400     400     600     600     
758    2004 5100    2800    1400    1600    300     1200    1800    400     600     200     100     0       300     400     500     100     1100    600     800     
758    2005 4200    3000    2800    900     700     1900    1500    100     0       400     0       300     1500    100     300     600     300     600     0       
758    2006 5500    1300    3800    300     900     2700    1200    200     100     100     200     600     400     1900    400     300     700     200     400     
758    2007 4200    2500    2100    1200    1500    900     700     500     300     400     400     700     600     100     200     100     200     400     300     
758    2008 4300    1800    2500    1000    800     1400    1300    400     300     200     200     400     500     500     400     500     500     300     100     
758    2009 4400    1200    3400    200     1500    1800    700     0       100     200     900     400     500     500     800     300     400     0       300     
758    2010 4000    1200    2700    700     600     2200    600     0       400     100     300     200     400     1600    200     0       600     0       200     
758    2011 4000    1500    1800    500     1100    500     1400    200     100     400     300     400     100     200     200     600     300     500     700     
758    2012 7100    1800    5200    900     1200    3100    2300    100     100     100     600     500     900     700     1500    1000    600     700     300     
758    2013 6000    2400    3200    500     1400    1900    2500    200     0       600     500     300     0       1200    700     500     1300    700     0       
758    2014 6900    3400    2400    1300    900     1100    3200    500     800     100     300     500     900     100     100     500     1500    1200    400     
758    2015 8000    3700    6200    600     1300    4500    1800    0       200     400     100     800     900     2600    1000    800     400     600     200     
758    2016 7900    2900    5000    1300    1700    2700    2100    300     800     600     600     500     700     1400    600     1200    300     600     300     
758    2017 7400    2700    5400    1200    1700    4100    500     100     800     600     600     500     2000    1100    1000    200     200     100     200     
758    2018 11900   1500    9600    1000    2900    5500    2600    700     100     200     1200    1500    1300    1900    2300    1400    500     700     100     
758    2019 9000    1400    6100    100     500     4900    2600    0       0       100     300     100     1500    1700    1700    800     1100    700     1000    
758    2020 7800    3900    5900    1900    2500    2500    1600    400     500     200     700     1600    300     700     1500    1100    0       500     300     
758    2021 8100    1300    5300    800     800     3700    2700    100     400     0       400     400     1300    1200    1200    800     800     1100    400     
