EUROPEAN CLIMATE ASSESSMENT & DATASET (ECA&D), file created on: 20-01-2022
THESE DATA CAN BE USED FOR NON-COMMERCIAL RESEARCH AND EDUCATION PROVIDED THAT THE FOLLOWING SOURCE IS ACKNOWLEDGED: 

Klein Tank, A.M.G. and Coauthors, 2002. Daily dataset of 20th-century surface
air temperature and precipitation series for the European Climate Assessment.
Int. J. of Climatol., 22, 1441-1453.
Data and metadata available at http://www.ecad.eu

FILE FORMAT (MISSING VALUE CODE = -999999):

THIS FILE HOLDS DATA FOR STATION UNITED KINGDOM                           WADDINGTON                               (STAID:    351)
LATITUDE: dd:mm:ss +53:09:57
LONGITUDE: ddd:mm:ss -000:31:26
ELEVATION: m   68

DATA IS FOR INDEX Days with TN > 90th percentile of daily min temp (warm nights) (TN90p) with unit 0.01 No of days

01-06 SOUID: Source identifier
08-11 YEAR : YYYY
13-20 ANNUAL DATA VALUES
21-28 WINTER HALF YEAR DATA VALUES
29-36 SUMMER HALF YEAR DATA VALUES
37-44 WINTER (DJF) DATA VALUES
45-52 SPRING (MAM) DATA VALUES
53-60 SUMMER (JJA) DATA VALUES
61-68 AUTUMN (SON) DATA VALUES
69-76 JANUARY DATA VALUES
etc. 
157-164 DECEMBER DATA VALUES

351    1949 4100    -999999 2800    -999999 1200    800     1300    400     300     100     1000    100     200     200     400     900     300     100     100     
351    1950 2700    1600    1500    800     600     1300    100     400     300     400     100     100     800     200     300     0       0       100     0       
351    1951 2100    400     1500    200     600     400     700     200     0       100     300     200     100     200     100     600     0       100     200     
351    1952 2700    900     2000    400     1200    1200    100     200     0       400     300     500     600     400     200     0       100     0       0       
351    1953 4000    1100    1500    700     800     800     900     300     400     300     0       500     500     100     200     200     200     500     800     
351    1954 3500    1900    1500    1000    1100    400     1300    100     100     200     300     600     300     100     0       200     1000    100     500     
351    1955 3300    1800    2700    600     1300    1000    800     100     0       100     1000    200     200     200     600     500     100     200     100     
351    1956 2700    700     1300    200     800     600     300     0       100     200     100     500     100     500     0       100     100     100     900     
351    1957 4300    3100    1600    1600    1600    1100    900     400     300     1300    200     100     300     700     100     200     400     300     0       
351    1958 3200    1600    1800    800     1000    300     900     300     500     100     300     600     0       100     200     600     200     100     200     
351    1959 5000    1500    3100    900     1500    1700    1000    200     500     300     800     400     300     400     1000    200     400     400     100     
351    1960 3800    1900    2200    800     1900    500     400     400     300     300     600     1000    300     100     100     100     200     100     300     
351    1961 5100    2200    3100    1300    1800    900     1100    0       1000    600     1000    200     300     300     300     1000    100     0       300     
351    1962 1600    800     1100    700     400     600     200     200     200     0       100     300     400     100     100     100     0       100     0       
351    1963 1800    500     800     0       700     400     700     0       0       400     300     0       200     200     0       100     200     400     0       
351    1964 3500    1100    2100    400     1000    900     900     0       400     100     300     600     200     300     400     300     0       600     300     
351    1965 2200    1300    1400    600     1000    400     300     300     0       100     300     600     400     0       0       100     100     100     200     
351    1966 3500    1800    1700    1300    900     700     700     300     800     300     200     400     600     100     0       400     200     100     100     
351    1967 3600    1600    1600    800     800     1200    600     400     300     500     300     0       400     600     200     100     400     100     300     
351    1968 3500    2100    700     1000    1100    100     1600    700     0       600     400     100     0       100     0       100     1100    400     0       
351    1969 3900    2200    2400    700     800     1300    1100    700     0       0       300     500     100     600     600     300     700     100     0       
351    1970 3500    1100    2300    200     1000    1000    1200    100     100     100     500     400     300     400     300     400     500     300     100     
351    1971 3500    1500    1400    500     800     600     1100    400     0       200     200     400     0       400     200     200     600     300     600     
351    1972 2200    2000    800     800     1000    100     800     100     100     300     400     300     0       100     0       0       400     400     100     
351    1973 3900    2100    2100    1100    700     800     1000    600     400     200     0       500     400     300     100     800     0       200     400     
351    1974 2700    1300    700     1100    0       600     100     100     600     0       0       0       200     0       400     100     0       0       1300    
351    1975 4300    2200    3000    2200    700     2100    300     700     200     0       700     0       200     700     1200    200     0       100     300     
351    1976 4600    2500    2500    2200    900     1500    300     1100    800     200     200     500     800     600     100     300     0       0       0       
351    1977 2500    400     1100    0       700     400     1100    0       0       400     200     100     0       200     200     400     500     200     300     
351    1978 3000    1600    900     600     400     500     1600    0       300     300     0       100     300     100     100     300     500     800     200     
351    1979 3200    1600    1900    200     800     700     1000    0       0       100     100     600     200     200     300     500     200     300     700     
351    1980 3700    1900    1400    1400    300     800     1200    0       700     0       100     200     400     100     300     300     100     800     700     
351    1981 4300    3500    1800    1400    1700    1000    900     500     200     1200    400     100     300     300     400     300     200     400     0       
351    1982 5400    1800    3000    900     1100    1900    1400    400     500     300     200     600     900     500     500     300     0       1100    100     
351    1983 5200    2700    2100    1200    400     1900    1500    1100    0       400     0       0       400     900     600     200     500     800     300     
351    1984 3600    2000    1900    600     100     1300    1500    200     100     100     0       0       500     200     600     600     400     500     400     
351    1985 3600    1600    1800    600     900     500     1000    0       200     100     600     200     0       500     0       500     400     100     1000    
351    1986 2400    1700    1300    1100    700     700     400     100     0       100     0       600     200     500     0       0       300     100     500     
351    1987 4300    1300    2500    700     1000    1300    900     0       200     200     600     200     300     200     800     400     200     300     900     
351    1988 4400    2500    1700    1500    1300    800     1100    300     300     500     600     200     200     300     300     100     900     100     600     
351    1989 5200    3400    2700    1800    1200    1600    900     800     400     600     0       600     500     800     300     500     300     100     300     
351    1990 8100    3900    3000    2000    2800    1400    2100    800     900     1500    400     900     200     200     1000    300     1100    700     100     
351    1991 5000    3300    3000    200     2500    1300    900     0       100     1300    600     600     100     400     800     500     300     100     200     
351    1992 4800    2000    3100    1100    2100    1200    500     300     600     500     500     1100    700     400     100     300     0       200     100     
351    1993 3600    1800    1800    1000    1600    700     100     400     500     600     700     300     300     300     100     100     0       0       300     
351    1994 6300    1900    2800    900     1600    2200    1400    500     100     1000    600     0       800     1000    400     0       200     1200    500     
351    1995 7100    3100    4100    1400    1600    2400    2100    200     700     300     700     600     100     1300    1000    400     1000    700     100     
351    1996 2700    2300    1800    600     600     900     700     300     200     0       300     300     300     300     300     300     200     200     0       
351    1997 7300    2400    3600    900     2300    2200    1300    100     800     1100    600     600     600     100     1500    200     100     1000    600     
351    1998 6400    4700    2700    2400    2500    800     900     400     1400    1200    700     600     500     100     200     600     200     100     400     
351    1999 7300    2300    4800    1000    2800    2300    1500    300     300     1000    1100    700     300     1000    1000    700     400     400     100     
351    2000 5100    2500    2600    800     1500    1200    1000    300     400     900     400     200     600     0       600     800     100     100     700     
351    2001 5400    1200    3800    800     1000    2700    1600    0       100     200     300     500     300     1200    1200    300     1000    300     0       
351    2002 6500    3600    3800    1800    1800    2000    600     1000    800     500     700     600     600     500     900     500     0       100     300     
351    2003 6500    -999999 5300    -999999 2300    2700    1000    200     100     300     900     1100    500     700     1500    600     0       400     200     
351    2004 9100    2700    5600    1800    2200    3200    1700    700     900     500     900     800     1100    700     1400    700     400     600     400     
351    2005 8700    3800    3700    1800    2700    1200    3200    800     600     1000    800     900     700     400     100     800     2000    400     200     
351    2006 13100   4600    7200    1400    3000    3100    4700    700     500     800     800     1400    800     1700    600     1900    2000    800     1100    
351    2007 7500    7000    3300    3700    2000    1400    1100    1200    1400    500     700     800     500     600     300     400     300     400     400     
351    2008 6400    2500    4300    1500    2100    2100    900     700     400     300     500     1300    600     500     1000    400     200     300     200     
351    2009 7500    2400    3700    1300    2200    1800    2200    300     800     600     1000    600     400     500     900     300     700     1200    200     
351    2010 -999999 -999999 3100    -999999 1700    1600    1500    0       0       900     400     400     200     800     600     700     500     300     0       
351    2011 -999999 -999999 3700    -999999 2200    900     3100    300     900     500     900     800     400     0       500     1100    900     1100    300     
351    2012 -999999 -999999 2100    -999999 1100    1100    -999999 800     800     200     100     800     300     300     500     100     200     200     100     
351    2013 7300    -999999 4300    1000    900     2600    2300    800     100     0       700     200     400     1200    1000    800     1200    300     600     
351    2014 9000    4400    4100    2100    2800    1500    3000    700     800     800     1000    1000    400     800     300     600     1500    900     200     
351    2015 7600    -999999 2800    -999999 2000    1400    2200    100     100     700     500     800     300     600     500     100     800     1300    1800    
351    2016 7000    -999999 5300    -999999 1300    2900    1600    500     400     200     300     800     900     900     1100    1300    200     100     300     
351    2017 -999999 -999999 4900    -999999 2700    2400    1800    100     1000    900     400     1400    1100    800     500     700     800     300     500     
351    2018 -999999 -999999 4600    -999999 1900    2400    1600    300     200     400     900     600     800     700     900     700     200     700     300     
351    2019 6000    -999999 3500    -999999 2000    1900    1000    100     600     1200    400     400     300     1200    400     800     100     100     400     
351    2020 10700   3600    5700    2800    2400    3200    2400    1200    1200    600     800     1000    700     700     1800    700     400     1300    300     
351    2021 9600    4300    4600    1600    1300    3000    3300    300     1000    1000    0       300     1000    1300    700     1300    1000    1000    700     
