EUROPEAN CLIMATE ASSESSMENT & DATASET (ECA&D), file created on: 20-01-2022
THESE DATA CAN BE USED FOR NON-COMMERCIAL RESEARCH AND EDUCATION PROVIDED THAT THE FOLLOWING SOURCE IS ACKNOWLEDGED: 

Klein Tank, A.M.G. and Coauthors, 2002. Daily dataset of 20th-century surface
air temperature and precipitation series for the European Climate Assessment.
Int. J. of Climatol., 22, 1441-1453.
Data and metadata available at http://www.ecad.eu

FILE FORMAT (MISSING VALUE CODE = -999999):

THIS FILE HOLDS DATA FOR STATION SWEDEN                                   LJUNGBYHED                               (STAID:   5201)
LATITUDE: dd:mm:ss +56:04:48
LONGITUDE: ddd:mm:ss +013:13:48
ELEVATION: m   43

DATA IS FOR INDEX Days with TN > 90th percentile of daily min temp (warm nights) (TN90p) with unit 0.01 No of days

01-06 SOUID: Source identifier
08-11 YEAR : YYYY
13-20 ANNUAL DATA VALUES
21-28 WINTER HALF YEAR DATA VALUES
29-36 SUMMER HALF YEAR DATA VALUES
37-44 WINTER (DJF) DATA VALUES
45-52 SPRING (MAM) DATA VALUES
53-60 SUMMER (JJA) DATA VALUES
61-68 AUTUMN (SON) DATA VALUES
69-76 JANUARY DATA VALUES
etc. 
157-164 DECEMBER DATA VALUES

5201   1949 -999999 -999999 -999999 -999999 -999999 500     500     -999999 -999999 -999999 -999999 -999999 400     100     0       200     300     0       500     
5201   1950 3000    2200    1600    1000    1900    300     300     100     400     900     200     800     100     0       200     300     0       0       0       
5201   1951 3200    0       1800    0       100     900     1300    0       0       0       100     0       100     200     600     800     0       500     900     
5201   1952 1700    1900    1100    1400    600     500     100     200     300     0       500     100     100     200     200     0       100     0       0       
5201   1953 5400    900     2500    500     1400    1100    2000    200     300     300     400     700     500     400     200     300     1200    500     400     
5201   1954 2600    2200    1500    500     0       800     1100    100     0       0       0       0       300     400     100     700     400     0       600     
5201   1955 2900    1000    1900    600     200     1000    1300    0       0       0       200     0       100     600     300     700     400     200     400     
5201   1956 2700    1300    1500    700     0       1100    700     300     0       0       0       0       500     500     100     400     300     0       600     
5201   1957 3100    1900    1200    1500    500     600     1000    500     400     100     200     200     100     200     300     200     300     500     100     
5201   1958 2100    1100    1400    300     100     1000    600     0       200     0       0       100     100     600     300     300     200     100     200     
5201   1959 5600    1800    3300    1000    1400    2100    800     400     400     500     800     100     200     1200    700     300     300     200     500     
5201   1960 3200    1500    1700    1000    500     900     900     500     0       0       200     300     300     0       600     300     100     500     400     
5201   1961 5000    3500    1800    1600    2400    400     1000    200     1000    1300    600     500     100     200     100     300     700     0       0       
5201   1962 1800    1200    800     500     400     400     500     400     100     0       200     200     300     0       100     0       300     200     0       
5201   1963 2300    500     1800    0       400     1000    900     0       0       0       100     300     0       600     400     400     200     300     0       
5201   1964 3900    500     2800    0       1300    1300    700     0       0       0       900     400     500     500     300     200     0       500     600     
5201   1965 1700    1200    1400    600     100     700     900     0       0       100     0       0       100     100     500     700     200     0       0       
5201   1966 4000    700     2500    300     800     1400    1200    0       300     200     200     400     800     400     200     500     600     100     300     
5201   1967 4700    2500    1900    600     1500    1000    1700    0       300     1200    100     200     0       500     500     600     900     200     200     
5201   1968 3900    2200    2100    400     1300    900     1500    100     100     700     500     100     400     100     400     600     600     300     0       
5201   1969 2400    900     1900    0       200     1500    700     0       0       0       100     100     600     700     200     200     400     100     0       
5201   1970 2600    500     1900    0       400     1100    800     0       0       0       0       400     400     300     400     400     300     100     300     
5201   1971 6200    1700    2500    1300    1500    1000    1300    400     600     0       900     600     0       400     600     0       800     500     1400    
5201   1972 5200    2700    3400    1400    1300    2000    600     0       0       0       900     400     500     1300    200     100     100     400     1300    
5201   1973 2800    3200    1400    2100    900     900     200     0       800     600     0       300     400     200     300     200     0       0       0       
5201   1974 3300    1300    800     1300    200     300     700     600     700     0       0       200     200     0       100     300     0       400     800     
5201   1975 5800    3500    2600    2700    1000    1500    800     1700    200     400     100     500     0       700     800     500     200     100     600     
5201   1976 2600    1700    1400    1300    600     900     400     500     200     100     200     300     200     500     200     0       100     300     0       
5201   1977 4000    900     2000    200     600     1700    1200    0       200     300     200     100     1000    400     300     0       800     400     300     
5201   1978 3300    2100    1100    500     800     700     1600    200     0       400     200     200     300     100     300     0       300     1300    0       
5201   1979 2400    1600    1500    0       700     500     600     0       0       0       0       700     400     100     0       300     200     100     600     
5201   1980 2900    900     1400    600     300     900     800     0       0       0       100     200     400     100     400     200     100     500     900     
5201   1981 2600    2100    1900    1100    900     700     800     0       200     400     0       500     400     0       300     700     0       100     0       
5201   1982 3300    300     1800    0       600     1000    1500    0       0       200     100     300     400     500     100     400     100     1000    200     
5201   1983 4300    3200    1800    1700    1000    600     1100    1500    0       400     300     300     0       300     300     600     300     200     100     
5201   1984 3200    800     1600    300     1000    600     1300    200     0       0       400     600     300     100     200     0       600     700     100     
5201   1985 1600    1400    1100    100     700     400     300     0       0       0       300     400     100     200     100     0       300     0       200     
5201   1986 2300    500     1000    200     400     600     900     0       0       0       100     300     0       500     100     0       0       900     400     
5201   1987 1600    1300    900     400     400     500     200     0       0       0       200     200     100     0       400     0       100     100     500     
5201   1988 5500    1700    3400    1500    800     2000    1000    800     200     0       500     300     900     600     500     600     200     200     700     
5201   1989 9300    6100    3100    4300    2600    1300    1400    1600    2000    1400    700     500     200     400     700     600     700     100     400     
5201   1990 7900    6300    2000    4100    2200    1200    700     1700    2000    1400    700     100     400     100     700     0       300     400     100     
5201   1991 5400    2600    2300    1100    1200    1400    1500    800     200     800     400     0       0       400     1000    500     500     500     300     
5201   1992 6400    4200    3000    2200    1600    2100    300     700     1200    1000    500     100     400     900     800     300     0       0       500     
5201   1993 3100    2100    1200    1600    1400    300     100     700     400     500     600     300     0       200     100     0       100     0       200     
5201   1994 4700    1200    2500    700     1200    1200    1100    500     0       400     700     100     0       500     700     500     0       600     700     
5201   1995 5500    2700    3100    1800    1300    1700    1400    0       1100    300     600     400     300     800     600     400     900     100     0       
5201   1996 2300    1000    1800    0       600     1200    500     0       0       0       400     200     300     200     700     0       200     300     0       
5201   1997 4900    2200    2600    1100    1300    1300    900     100     1000    600     500     200     300     300     700     600     300     0       300     
5201   1998 5900    3900    2200    3300    1300    700     600     1000    2000    300     800     200     300     300     100     500     100     0       300     
5201   1999 -999999 1400    -999999 -999999 1500    1100    1700    -999999 100     300     800     400     300     600     200     800     200     700     400     
5201   2000 6300    3300    1600    2200    1000    700     1500    800     1000    200     700     100     600     0       100     100     700     700     1300    
5201   2001 -999999 3900    -999999 2300    1100    -999999 -999999 500     500     200     500     400     100     -999999 -999999 -999999 -999999 -999999 -999999 
