EUROPEAN CLIMATE ASSESSMENT & DATASET (ECA&D), file created on: 20-01-2022
THESE DATA CAN BE USED FOR NON-COMMERCIAL RESEARCH AND EDUCATION PROVIDED THAT THE FOLLOWING SOURCE IS ACKNOWLEDGED: 

Klein Tank, A.M.G. and Coauthors, 2002. Daily dataset of 20th-century surface
air temperature and precipitation series for the European Climate Assessment.
Int. J. of Climatol., 22, 1441-1453.
Data and metadata available at http://www.ecad.eu

FILE FORMAT (MISSING VALUE CODE = -999999):

THIS FILE HOLDS DATA FOR STATION RUSSIAN FEDERATION                       KEM'-PORT                                (STAID:     79)
LATITUDE: dd:mm:ss +64:58:59
LONGITUDE: ddd:mm:ss +034:48:59
ELEVATION: m    7

DATA IS FOR INDEX Days with TN > 90th percentile of daily min temp (warm nights) (TN90p) with unit 0.01 No of days

01-06 SOUID: Source identifier
08-11 YEAR : YYYY
13-20 ANNUAL DATA VALUES
21-28 WINTER HALF YEAR DATA VALUES
29-36 SUMMER HALF YEAR DATA VALUES
37-44 WINTER (DJF) DATA VALUES
45-52 SPRING (MAM) DATA VALUES
53-60 SUMMER (JJA) DATA VALUES
61-68 AUTUMN (SON) DATA VALUES
69-76 JANUARY DATA VALUES
etc. 
157-164 DECEMBER DATA VALUES

79     1916 -999999 -999999 -999999 -999999 -999999 -999999 -999999 500     -999999 -999999 -999999 -999999 -999999 -999999 -999999 -999999 -999999 -999999 500     
79     1917 3500    -999999 1700    600     200     1300    1500    100     0       0       200     0       500     200     600     200     800     500     400     
79     1918 2300    2200    300     800     200     200     1400    300     100     100     100     0       0       200     0       0       700     700     100     
79     1919 2400    1800    1900    400     300     1200    500     300     0       0       100     200     400     700     100     400     0       100     100     
79     1920 4900    800     3200    200     2100    1000    1200    0       100     500     900     700     400     200     400     600     100     500     500     
79     1921 5700    2300    4300    1300    3000    1400    300     500     300     400     1200    1400    1000    0       400     300     0       0       200     
79     1922 2300    700     1300    700     100     500     900     300     200     0       0       100     200     200     100     700     200     0       300     
79     1923 2600    1900    300     1500    200     100     500     1200    0       200     0       0       0       100     0       200     300     0       600     
79     1924 2300    1100    500     800     100     100     700     200     0       0       0       100     0       0       100     300     300     100     1200    
79     1925 4400    3700    2200    3300    500     1600    100     1400    700     0       200     300     200     700     700     100     0       0       100     
79     1926 1600    300     500     200     100     500     700     0       100     100     0       0       300     0       200     0       0       700     200     
79     1927 1900    -999999 1100    -999999 500     800     200     -999999 400     300     100     100     100     300     400     100     100     0       0       
79     1928 2000    700     600     500     400     200     600     400     100     100     300     0       100     0       100     100     300     200     300     
79     1929 3500    1300    700     600     300     500     1500    300     0       200     0       100     0       100     400     100     700     700     900     
79     1930 5200    4500    1500    2900    500     1100    1400    1800    200     200     200     100     100     0       1000    100     700     600     200     
79     1931 2800    1800    2000    300     500     1700    500     0       100     200     0       300     0       700     1000    0       0       500     0       
79     1932 6100    1500    2900    1000    400     2100    1000    800     200     0       400     0       0       700     1400    400     100     500     1600    
79     1933 2600    3100    1200    2400    400     700     700     700     100     100     300     0       0       700     0       200     200     300     0       
79     1934 6000    2200    2900    1300    1400    700     2300    1200    100     400     100     900     100     400     200     1200    900     200     300     
79     1935 -999999 2200    700     800     400     300     -999999 100     400     300     100     0       200     0       100     300     -999999 -999999 -999999 
79     1936 5700    -999999 3000    -999999 700     2100    1100    600     0       0       200     500     300     800     1000    200     300     600     1200    
79     1937 5500    3200    3300    1900    1100    2200    1400    600     100     400     500     200     1100    200     900     400     400     600     100     
79     1938 8100    2700    3700    1400    800     2400    2700    300     1000    300     200     300     200     1300    900     800     800     1100    900     
79     1939 3000    3600    1500    1500    300     1200    800     100     500     200     100     0       400     0       800     200     0       600     100     
79     1940 3100    700     2500    100     500     1800    700     0       0       0       100     400     400     600     800     200     200     300     100     
79     1941 1100    900     600     400     0       600     200     300     0       0       0       0       0       300     300     0       0       200     0       
79     1942 2000    300     1700    100     800     600     400     0       100     0       600     200     100     0       500     300     100     0       100     
79     1943 5500    1600    2800    1000    1400    1600    1100    200     700     500     500     400     500     800     300     300     300     500     500     
79     1944 4300    2500    1600    1700    200     800     1600    900     300     0       100     100     100     0       700     600     700     300     500     
79     1945 1500    2000    700     1000    100     400     500     100     400     0       100     0       0       0       400     200     100     200     0       
79     1946 2800    600     1100    300     300     700     400     300     0       0       300     0       400     200     100     100     0       300     1100    
79     1947 2200    1600    1700    1300    400     700     900     200     0       0       200     200     600     0       100     600     200     100     0       
79     1948 5000    1400    2900    800     1700    1100    1100    400     400     300     800     600     900     0       200     400     300     400     300     
79     1949 5800    2700    2100    1900    1600    0       1600    1100    500     100     800     700     0       0       0       600     700     300     1000    
79     1950 4900    3000    1800    1500    1400    400     1700    300     200     500     800     100     100     0       300     500     1100    100     900     
79     1951 4600    2400    2600    1200    700     1300    1700    100     200     0       700     0       200     100     1000    600     600     500     600     
79     1952 2200    2800    1000    1700    300     600     100     800     300     0       300     0       0       600     0       100     0       0       100     
79     1953 4700    900     2800    600     1300    1800    500     400     100     300     800     200     900     200     700     0       400     100     600     
79     1954 4000    1800    2200    1000    700     1600    400     200     200     300     100     300     500     900     200     200     100     100     900     
79     1955 2000    1500    1400    1300    0       800     800     0       400     0       0       0       0       100     700     600     200     0       0       
79     1956 1500    700     600     500     200     400     0       400     100     0       0       200     400     0       0       0       0       0       400     
79     1957 4300    1400    2400    1400    700     1200    1300    300     700     0       500     200     0       500     700     500     400     400     100     
79     1958 1400    1100    200     300     0       100     1100    0       200     0       0       0       0       0       100     100     500     500     0       
79     1959 4900    2500    2900    500     2100    1800    500     300     200     1000    500     600     1000    200     600     0       0       500     0       
79     1960 4500    1300    3200    400     1400    2000    200     300     100     400     1000    0       100     1100    800     200     0       0       500     
79     1961 4700    2000    1000    1600    400     900     2200    700     400     400     0       0       500     400     0       100     2000    100     100     
79     1962 4200    3500    1700    1400    1600    100     1000    700     600     0       1100    500     0       100     0       0       300     700     200     
79     1963 -999999 1300    -999999 200     1400    -999999 1700    0       0       100     400     900     0       -999999 900     1200    400     100     200     
79     1964 4000    2200    1200    1600    600     600     600     1000    400     100     300     200     300     200     100     100     400     100     800     
79     1965 2600    1900    1500    1400    200     900     800     600     0       0       200     0       400     0       500     400     0       400     100     
79     1966 1900    500     1400    100     800     600     400     0       0       0       200     600     100     200     300     0       0       400     100     
79     1967 6600    2100    3300    400     2100    2000    2200    200     100     1300    800     0       300     600     1100    500     500     1200    0       
79     1968 2100    2100    1600    0       700     1300    0       0       0       400     100     200     1000    100     200     0       0       0       100     
79     1969 1000    100     400     100     0       100     700     0       0       0       0       0       0       100     0       300     100     300     200     
79     1970 3000    900     2200    300     200     1500    1000    100     0       200     0       0       700     600     200     700     200     100     200     
79     1971 2000    1600    700     1300    200     400     300     1000    100     0       100     100     0       100     300     100     0       200     0       
79     1972 6200    1300    3400    700     700     2800    300     300     400     400     300     0       200     1200    1400    300     0       0       1700    
79     1973 3600    3000    2200    2700    800     1700    100     500     500     300     200     300     800     300     600     0       0       100     0       
79     1974 7200    900     4500    800     400     2700    1800    300     500     0       400     0       400     1500    800     1400    400     0       1500    
79     1975 6700    4500    3000    3000    2600    1100    1100    900     600     1100    100     1400    300     500     300     400     100     600     400     
79     1976 2100    1500    1000    600     1000    200     300     0       200     200     600     200     0       100     100     0       0       300     400     
79     1977 3900    1800    2100    700     1700    1000    600     300     0       800     300     600     500     400     100     200     0       400     300     
79     1978 1600    1700    500     800     900     0       200     500     0       500     200     200     0       0       0       100     0       100     0       
79     1979 3400    500     1600    100     1100    700     800     100     0       300     0       800     100     0       600     100     0       700     700     
79     1980 2500    1700    1600    1000    400     700     1100    100     200     0       100     300     600     100     0       500     600     0       0       
79     1981 3100    1300    1600    500     600     900     900     400     100     200     200     200     300     500     100     300     600     0       200     
79     1982 4200    1400    1400    700     700     600     1500    0       500     100     400     200     0       500     100     200     200     1100    900     
79     1983 3500    2900    2200    1600    600     900     1000    300     400     0       200     400     500     200     200     700     300     0       300     
79     1984 4100    1300    2500    900     1800    500     800     400     200     100     700     1000    200     0       300     300     400     100     400     
79     1985 1600    1000    1000    400     100     600     800     0       0       100     0       0       0       100     500     400     400     0       100     
79     1986 4600    1500    2100    300     1500    1400    1300    200     0       800     500     200     800     400     200     0       100     1200    200     
79     1987 1600    1800    400     300     500     100     800     100     0       200     100     200     100     0       0       0       700     100     100     
79     1988 4000    2100    2200    1000    900     1200    900     400     500     300     500     100     200     700     300     400     400     100     100     
79     1989 9700    3800    5300    1600    3800    2500    1600    600     900     1700    700     1400    1300    500     700     700     100     800     300     
79     1990 4300    3700    1200    2400    1300    300     100     0       2100    400     700     200     0       200     100     0       100     0       500     
79     1991 3400    1000    1300    900     800     400     1500    200     200     0       700     100     0       200     200     100     600     800     300     
79     1992 5800    4200    2300    1700    1700    800     900     700     700     1100    0       600     400     400     0       900     0       0       1000    
79     1993 2300    2200    900     2100    700     300     100     600     500     100     200     400     200     100     0       0       100     0       100     
79     1994 2500    700     1400    400     1500    100     500     300     0       200     1200    100     100     0       0       0       500     0       100     
79     1995 5400    2900    2300    2100    1400    1000    1000    1000    1000    300     600     500     400     100     500     200     800     0       0       
79     1996 4100    1500    1300    700     100     1100    1500    400     300     0       100     0       300     100     700     100     300     1100    700     
79     1997 3100    3100    1700    1200    500     1300    400     100     400     500     0       0       300     300     700     400     0       0       400     
79     1998 3600    1600    1500    1600    500     600     1000    900     300     0       300     200     300     100     200     400     400     200     300     
79     1999 4600    1900    2500    1100    1000    1300    1400    500     300     200     800     0       500     800     0       400     600     400     100     
79     2000 7100    2000    3500    800     1900    1600    2200    400     300     200     700     1000    400     1000    200     200     1500    500     700     
79     2001 4300    3500    3100    1500    700     1000    1800    700     100     0       400     300     0       700     300     1400    400     0       0       
79     2002 -999999 1800    -999999 1100    -999999 1300    -999999 500     600     300     -999999 500     200     900     200     -999999 0       0       0       
79     2003 5900    1200    3000    700     1300    1900    1600    100     600     500     400     400     0       1100    800     300     700     600     400     
79     2004 4000    2700    2000    900     800     700     1700    100     400     500     100     200     0       300     400     1000    300     400     300     
79     2005 8000    2700    3500    1900    1100    1800    3100    1300    300     100     400     600     300     400     1100    700     900     1500    400     
79     2006 5700    3500    2700    1100    500     1800    1400    700     0       0       200     300     1000    700     100     400     100     900     1300    
79     2007 7800    4100    3100    2200    1900    1300    2100    900     0       900     700     300     0       300     1000    800     1100    200     1600    
79     2008 5500    5100    900     3500    500     700     1100    1000    900     300     200     0       200     300     200     0       600     500     1300    
79     2009 4700    3000    2900    1800    900     1000    1900    500     0       100     200     600     300     200     500     1100    0       800     400     
79     2010 4400    1400    3900    400     600     2900    900     0       0       200     300     100     0       1600    1300    600     100     200     0       
79     2011 7700    800     4200    200     2000    1800    2000    200     0       300     900     800     600     800     400     700     700     600     1700    
79     2012 3900    3800    2200    2300    1200    500     1600    600     0       200     300     700     100     200     200     700     200     700     0       
79     2013 5900    1700    3300    800     1000    1800    1200    400     400     0       700     300     600     600     600     500     400     300     1100    
79     2014 8400    5200    3500    3100    2700    1600    1200    700     1300    1400    800     500     300     400     900     600     200     400     900     
79     2015 7600    4900    2600    2700    2700    600     2000    800     1000    1600    400     700     300     0       300     900     500     600     500     
79     2016 7300    3700    4300    2000    2600    2000    600     300     1200    600     1100    900     600     800     600     300     0       300     600     
79     2017 4300    2500    1100    1600    800     800     1100    700     300     600     100     100     0       200     600     100     500     500     600     
79     2018 7000    2600    4800    1600    1200    2200    2500    1000    0       0       500     700     400     600     1200    1400    300     800     100     
79     2019 -999999 2200    -999999 800     1100    -999999 -999999 200     500     300     600     200     500     -999999 300     500     200     -999999 -999999 
79     2020 -999999 -999999 -999999 -999999 -999999 -999999 -999999 -999999 -999999 -999999 -999999 -999999 -999999 -999999 -999999 -999999 -999999 -999999 -999999 
79     2021 -999999 -999999 -999999 -999999 -999999 -999999 -999999 -999999 -999999 -999999 -999999 -999999 -999999 -999999 -999999 -999999 -999999 -999999 -999999 
