EUROPEAN CLIMATE ASSESSMENT & DATASET (ECA&D), file created on: 20-01-2022
THESE DATA CAN BE USED FOR NON-COMMERCIAL RESEARCH AND EDUCATION PROVIDED THAT THE FOLLOWING SOURCE IS ACKNOWLEDGED: 

Klein Tank, A.M.G. and Coauthors, 2002. Daily dataset of 20th-century surface
air temperature and precipitation series for the European Climate Assessment.
Int. J. of Climatol., 22, 1441-1453.
Data and metadata available at http://www.ecad.eu

FILE FORMAT (MISSING VALUE CODE = -999999):

THIS FILE HOLDS DATA FOR STATION SWEDEN                                   SUNDSVALLS FLYGPLATS                     (STAID:   3526)
LATITUDE: dd:mm:ss +62:31:28
LONGITUDE: ddd:mm:ss +017:26:27
ELEVATION: m    4

DATA IS FOR INDEX Days with TN > 90th percentile of daily min temp (warm nights) (TN90p) with unit 0.01 No of days

01-06 SOUID: Source identifier
08-11 YEAR : YYYY
13-20 ANNUAL DATA VALUES
21-28 WINTER HALF YEAR DATA VALUES
29-36 SUMMER HALF YEAR DATA VALUES
37-44 WINTER (DJF) DATA VALUES
45-52 SPRING (MAM) DATA VALUES
53-60 SUMMER (JJA) DATA VALUES
61-68 AUTUMN (SON) DATA VALUES
69-76 JANUARY DATA VALUES
etc. 
157-164 DECEMBER DATA VALUES

3526   1955 -999999 -999999 -999999 -999999 -999999 -999999 -999999 -999999 -999999 -999999 -999999 -999999 -999999 -999999 -999999 -999999 -999999 -999999 400     
3526   1956 -999999 -999999 -999999 1100    -999999 300     500     700     0       500     -999999 -999999 300     0       0       200     100     200     900     
3526   1957 8800    3800    3000    3100    1100    1800    2100    1700    500     400     400     300     100     1500    200     500     200     1400    1600    
3526   1958 6000    3800    2400    2100    800     1200    2700    200     300     100     300     400     300     200     700     500     800     1400    800     
3526   1959 -999999 -999999 -999999 -999999 -999999 800     1600    -999999 -999999 -999999 -999999 -999999 100     100     600     -999999 200     1300    1300    
3526   1960 5300    3900    2700    2100    500     1900    1400    500     300     300     200     0       500     600     800     600     0       800     700     
3526   1961 6500    3100    2100    1700    1500    700     3100    300     700     600     0       900     500     200     0       500     1900    700     200     
3526   1962 2200    3100    700     500     300     400     900     200     100     0       100     200     100     0       300     0       400     500     300     
3526   1963 3000    1500    1900    400     800     900     1100    100     0       200     300     300     400     0       500     400     200     500     100     
3526   1964 2300    1100    1000    300     600     500     800     100     100     100     300     200     0       100     400     0       800     0       200     
3526   1965 3100    1600    2200    500     900     500     1300    200     100     300     500     100     100     0       400     1100    0       200     100     
3526   1966 3900    500     1900    200     500     1500    600     100     0       100     400     0       500     600     400     0       0       600     1200    
3526   1967 5000    3800    1600    2300    1200    800     1700    400     700     900     300     0       200     200     400     500     400     800     200     
3526   1968 3200    1900    2300    400     1100    800     800     0       200     300     600     200     500     100     200     700     100     0       300     
3526   1969 1900    900     1300    800     200     1100    100     500     0       0       100     100     300     400     400     0       100     0       0       
3526   1970 2900    200     1400    0       500     600     1200    0       0       100     100     300     300     100     200     400     100     700     600     
3526   1971 3400    3000    1100    2200    400     700     500     800     800     0       200     200     100     400     200     0       200     300     200     
3526   1972 4900    1300    3100    600     600     2500    300     100     300     200     100     300     600     1400    500     200     0       100     1100    
3526   1973 4500    3700    1800    3100    1200    1100    100     1600    400     500     300     400     400     600     100     0       100     0       100     
3526   1974 4700    2500    1700    2000    800     800     1000    1500    400     400     400     0       200     300     300     500     0       500     200     
3526   1975 4800    2600    1900    1700    1100    800     1100    1000    500     400     200     500     100     200     500     400     300     400     300     
3526   1976 2500    1400    1400    700     800     600     100     100     300     0       100     700     400     200     0       0       0       100     600     
3526   1977 3100    1500    1200    1100    300     900     600     400     100     300     0       0       100     400     400     300     0       300     800     
3526   1978 2400    2500    900     1400    1200    500     100     400     200     800     200     200     300     0       200     0       100     0       0       
3526   1979 3300    600     1800    0       900     1200    400     0       0       500     200     200     400     300     500     200     100     100     800     
3526   1980 4200    1200    3700    900     1100    1600    1100    100     0       100     600     400     800     0       800     1100    0       0       300     
3526   1981 2200    500     1600    500     800     600     600     100     100     0       600     200     100     400     100     200     300     100     0       
3526   1982 3100    1500    1300    100     1700    600     400     0       100     1000    600     100     200     0       400     0       0       400     300     
3526   1983 4200    1000    3400    600     1500    700     1600    300     0       0       900     600     100     500     100     1200    300     100     100     
3526   1984 4800    1100    2400    700     1600    800     900     200     400     0       500     1100    300     100     400     0       500     400     900     
3526   1985 1500    2000    1200    900     300     900     300     0       0       200     100     0       100     200     600     200     100     0       0       
3526   1986 3200    900     1400    200     1100    900     800     200     0       600     300     200     600     300     0       0       300     500     200     
3526   1987 3200    1200    500     300     500     100     2300    0       100     100     300     100     0       100     0       0       1300    1000    200     
3526   1988 6200    4300    4400    1800    700     3100    800     800     800     200     300     200     1100    1400    600     800     0       0       0       
3526   1989 4600    1400    2400    900     1500    1200    900     400     500     500     700     300     400     500     300     200     200     500     100     
3526   1990 6800    3000    3400    1800    2000    1500    800     100     1600    500     600     900     200     600     700     400     300     100     800     
3526   1991 5200    3000    2600    1600    2000    1500    600     700     100     1000    700     300     0       800     700     100     200     300     300     
3526   1992 5000    2300    2700    1200    2100    900     400     700     200     600     300     1200    800     100     0       300     0       100     700     
3526   1993 3500    1700    1800    1400    1400    600     500     200     500     200     400     800     0       400     200     0       100     400     300     
3526   1994 2900    1200    1600    700     300     1300    100     400     0       0       300     0       0       700     600     0       100     0       800     
3526   1995 4100    2600    1700    2000    1000    1000    700     600     600     500     0       500     500     100     400     200     500     0       200     
3526   1996 3400    1700    1500    1200    400     1000    500     1000    0       0       100     300     200     200     600     100     400     0       500     
3526   1997 5800    2400    3400    1400    1000    2300    900     300     600     600     200     200     300     1100    900     700     100     100     700     
3526   1998 4700    3300    1900    2900    900     600     900     1500    700     200     100     600     100     500     0       600     300     0       100     
3526   1999 5000    1400    2400    800     900     900     2100    300     400     300     400     200     300     500     100     900     300     900     400     
3526   2000 7900    2700    3000    1400    1900    1000    2800    500     500     100     500     1300    300     600     100     200     1300    1300    1200    
3526   2001 6100    5400    2600    2600    700     1300    2000    1100    300     200     200     300     100     700     500     800     500     700     700     
3526   2002 6000    3200    4300    1700    1700    2800    300     700     300     300     700     700     600     1100    1100    100     100     100     200     
3526   2003 3600    1100    2600    400     1100    2000    200     100     100     500     0       600     0       1200    800     0       0       200     100     
3526   2004 4300    1300    2500    800     1200    1400    700     400     300     300     0       900     0       200     1200    200     400     100     300     
3526   2005 4100    1300    2600    700     900     1800    800     300     100     100     400     400     200     900     700     0       200     600     200     
3526   2006 6100    1500    3600    700     400     2400    1900    200     300     0       0       400     400     400     1600    800     500     600     900     
3526   2007 4300    2700    2900    1100    2000    1200    500     200     0       500     800     700     200     400     600     200     300     0       400     
3526   2008 5700    4000    1500    2900    1500    800     500     1500    1000    800     300     400     400     100     300     0       200     300     400     
3526   2009 4900    1500    2300    1000    1000    900     1600    600     0       0       400     600     200     200     500     400     100     1100    800     
3526   2010 4400    2200    3800    800     1400    2500    500     0       0       200     300     900     100     1600    800     100     400     0       0       
3526   2011 6800    700     4600    0       1600    2600    1500    0       0       300     900     400     300     1100    1200    700     200     600     1100    
3526   2012 4400    3700    1700    1600    2400    600     500     300     200     1300    400     700     0       500     100     0       0       500     400     
3526   2013 5700    1200    4000    700     1800    1600    1300    100     200     0       400     1400    1100    300     200     600     400     300     700     
3526   2014 10100   5400    4400    3200    2600    2800    1700    700     1800    1500    400     700     500     1500    800     500     400     800     500     
3526   2015 4800    3400    2500    1800    1900    500     700     400     900     400     800     700     0       400     100     500     100     100     400     
3526   2016 5500    2600    2900    1200    2300    1400    800     200     600     1200    400     700     400     400     600     400     300     100     200     
3526   2017 5100    2000    2800    1100    1400    700     1800    300     600     500     300     600     300     200     200     1200    400     200     300     
3526   2018 6400    1400    4100    700     1000    2900    1200    200     200     100     200     700     600     1500    800     300     200     700     900     
3526   2019 4600    2800    2000    1500    500     1600    1100    200     400     400     100     0       400     400     800     300     100     700     800     
3526   2020 9600    4600    2600    3400    1400    1400    2000    1600    1000    400     900     100     700     100     600     200     900     900     2200    
3526   2021 6000    5600    3300    2900    1700    2000    1100    400     300     900     100     700     700     1000    300     500     300     300     500     
