EUROPEAN CLIMATE ASSESSMENT & DATASET (ECA&D), file created on: 20-01-2022
THESE DATA CAN BE USED FOR NON-COMMERCIAL RESEARCH AND EDUCATION PROVIDED THAT THE FOLLOWING SOURCE IS ACKNOWLEDGED: 

Klein Tank, A.M.G. and Coauthors, 2002. Daily dataset of 20th-century surface
air temperature and precipitation series for the European Climate Assessment.
Int. J. of Climatol., 22, 1441-1453.
Data and metadata available at http://www.ecad.eu

FILE FORMAT (MISSING VALUE CODE = -999999):

THIS FILE HOLDS DATA FOR STATION NORWAY                                   SKUDENES II                              (STAID:  18796)
LATITUDE: dd:mm:ss +59:08:56
LONGITUDE: ddd:mm:ss +005:14:57
ELEVATION: m    2

DATA IS FOR INDEX Days with TN > 90th percentile of daily min temp (warm nights) (TN90p) with unit 0.01 No of days

01-06 SOUID: Source identifier
08-11 YEAR : YYYY
13-20 ANNUAL DATA VALUES
21-28 WINTER HALF YEAR DATA VALUES
29-36 SUMMER HALF YEAR DATA VALUES
37-44 WINTER (DJF) DATA VALUES
45-52 SPRING (MAM) DATA VALUES
53-60 SUMMER (JJA) DATA VALUES
61-68 AUTUMN (SON) DATA VALUES
69-76 JANUARY DATA VALUES
etc. 
157-164 DECEMBER DATA VALUES

18796  1900 1700    -999999 1000    -999999 0       900     100     0       0       0       0       0       300     200     400     100     0       0       700     
18796  1901 -999999 1000    3600    900     1200    1700    -999999 200     0       100     800     300     100     1100    500     800     500     0       0       
18796  1902 600     -999999 200     -999999 200     0       0       400     0       0       200     0       0       0       0       0       0       0       0       
18796  1903 -999999 -999999 1000    600     1200    100     -999999 200     400     500     300     400     0       100     0       200     200     0       0       
18796  1904 -999999 -999999 400     -999999 100     100     500     100     0       0       100     0       0       0       100     200     100     200     200     
18796  1905 -999999 -999999 1400    -999999 100     1300    200     400     400     100     0       0       900     300     100     100     0       100     600     
18796  1906 2100    -999999 1300    700     300     700     900     0       100     0       200     100     300     300     100     300     200     400     100     
18796  1907 -999999 -999999 600     -999999 700     0       900     200     0       100     500     100     0       0       0       0       900     0       0       
18796  1908 3600    -999999 1400    -999999 400     800     1400    100     400     0       200     200     200     600     0       200     1000    200     500     
18796  1909 -999999 -999999 200     -999999 0       0       700     100     0       0       0       0       0       0       0       200     400     100     0       
18796  1910 4000    -999999 2500    -999999 1500    1100    100     300     500     200     300     1000    500     0       600     100     0       0       500     
18796  1911 4100    1400    2900    1400    1100    1800    0       400     500     0       100     1000    500     400     900     0       0       0       300     
18796  1912 2900    1100    1900    500     1100    1400    0       0       200     600     500     0       200     1200    0       0       0       0       200     
18796  1913 -999999 -999999 1400    -999999 1100    300     1700    300     200     300     600     200     200     0       100     300     800     600     100     
18796  1914 6000    -999999 4100    -999999 1300    2800    300     100     1500    300     1000    0       600     1300    900     300     0       0       0       
18796  1915 900     -999999 400     -999999 300     200     400     0       -999999 100     0       200     100     0       100     0       400     0       0       
18796  1916 800     500     400     100     300     0       400     100     0       0       200     100     0       0       0       100     0       300     0       
18796  1917 3000    400     2800    100     200     2200    400     0       100     0       0       200     700     100     1400    400     0       0       100     
18796  1918 2400    -999999 1200    -999999 900     400     200     200     100     100     600     200     0       400     0       0       200     0       600     
18796  1919 700     800     700     600     400     200     100     0       0       0       0       400     0       200     0       100     0       0       0       
18796  1920 2900    700     2200    100     -999999 1000    200     0       100     600     600     400     300     700     0       200     0       0       0       
18796  1921 2800    1400    1200    300     2000    100     300     100     200     1100    800     100     0       0       100     200     100     0       100     
18796  1922 600     -999999 200     -999999 0       0       400     0       100     0       0       0       0       0       0       200     200     0       100     
18796  1923 1200    900     500     600     200     400     100     300     200     100     100     0       0       400     0       0       100     0       0       
18796  1924 1400    100     400     -999999 0       300     400     0       0       0       0       0       0       0       300     100     0       300     700     
18796  1925 -999999 -999999 -999999 -999999 500     2100    500     1000    800     0       500     0       0       1500    600     0       300     200     0       
18796  1926 4100    -999999 3100    200     800     2300    700     100     100     200     500     100     1000    1200    100     200     100     400     100     
18796  1927 2600    -999999 1700    -999999 600     1200    500     300     0       600     0       0       0       900     300     500     0       0       0       
18796  1928 1300    300     900     100     1100    0       100     0       100     200     600     300     0       0       0       0       0       100     0       
18796  1929 1800    500     800     0       900     300     300     0       0       400     0       500     0       200     100     0       0       300     300     
18796  1930 6400    1200    4900    600     1400    3600    800     200     100     300     800     300     800     1800    1000    200     600     0       300     
18796  1931 800     900     500     300     300     200     300     0       0       0       200     100     0       200     0       0       0       300     0       
18796  1932 4100    1700    2100    1300    800     1300    100     700     600     100     0       700     0       1000    300     100     0       0       600     
18796  1933 4400    1000    4000    1000    900     3000    100     300     100     0       700     200     1200    1400    400     100     0       0       0       
18796  1934 5800    -999999 2900    900     500     1500    1500    100     800     100     100     300     100     900     500     1000    300     200     1400    
18796  1935 3700    3100    2100    2200    800     1100    1000    200     600     400     400     0       500     200     400     600     100     300     0       
18796  1936 5000    600     4400    0       600     3400    800     0       0       200     100     300     600     1900    900     600     100     100     200     
18796  1937 4500    600     3400    400     1300    2000    1000    200     0       0       1000    300     100     500     1400    100     600     300     0       
18796  1938 -999999 -999999 -999999 -999999 -999999 -999999 -999999 -999999 -999999 -999999 -999999 -999999 -999999 -999999 -999999 -999999 -999999 -999999 -999999 
18796  1939 -999999 -999999 -999999 -999999 -999999 -999999 -999999 -999999 -999999 -999999 -999999 -999999 -999999 -999999 -999999 -999999 -999999 -999999 -999999 
18796  1940 -999999 -999999 -999999 -999999 -999999 -999999 -999999 -999999 -999999 -999999 -999999 -999999 -999999 -999999 -999999 -999999 -999999 -999999 -999999 
18796  1941 -999999 -999999 -999999 -999999 -999999 -999999 -999999 -999999 -999999 -999999 -999999 -999999 -999999 -999999 -999999 -999999 -999999 -999999 -999999 
18796  1942 -999999 -999999 -999999 -999999 -999999 -999999 -999999 -999999 -999999 -999999 -999999 -999999 -999999 -999999 -999999 -999999 -999999 -999999 -999999 
18796  1943 -999999 -999999 -999999 -999999 -999999 -999999 -999999 -999999 -999999 -999999 -999999 -999999 -999999 -999999 -999999 -999999 -999999 -999999 -999999 
18796  1944 -999999 -999999 -999999 -999999 -999999 -999999 -999999 -999999 -999999 -999999 -999999 -999999 -999999 -999999 -999999 -999999 -999999 -999999 -999999 
18796  1945 -999999 -999999 -999999 -999999 -999999 -999999 -999999 -999999 -999999 -999999 -999999 -999999 -999999 -999999 -999999 -999999 -999999 -999999 -999999 
18796  1946 -999999 -999999 -999999 -999999 -999999 -999999 -999999 -999999 -999999 -999999 -999999 -999999 -999999 -999999 -999999 -999999 -999999 -999999 -999999 
18796  1947 -999999 -999999 -999999 -999999 -999999 -999999 -999999 -999999 -999999 -999999 -999999 -999999 -999999 -999999 -999999 -999999 -999999 -999999 -999999 
18796  1948 -999999 -999999 -999999 -999999 -999999 -999999 -999999 -999999 -999999 -999999 -999999 -999999 -999999 -999999 -999999 -999999 -999999 -999999 -999999 
18796  1949 -999999 -999999 -999999 -999999 -999999 -999999 -999999 -999999 -999999 -999999 -999999 -999999 -999999 -999999 -999999 -999999 -999999 -999999 -999999 
18796  1950 -999999 -999999 -999999 -999999 -999999 -999999 -999999 -999999 -999999 -999999 -999999 -999999 -999999 -999999 -999999 -999999 -999999 -999999 -999999 
18796  1951 -999999 -999999 -999999 -999999 -999999 -999999 -999999 -999999 -999999 -999999 -999999 -999999 -999999 -999999 -999999 -999999 -999999 -999999 -999999 
18796  1952 -999999 -999999 -999999 -999999 -999999 -999999 -999999 -999999 -999999 -999999 -999999 -999999 -999999 -999999 -999999 -999999 -999999 -999999 -999999 
18796  1953 -999999 -999999 -999999 -999999 -999999 -999999 -999999 -999999 -999999 -999999 -999999 -999999 -999999 -999999 -999999 -999999 -999999 -999999 -999999 
18796  1954 3500    -999999 2100    -999999 700     1200    700     200     0       100     0       600     500     300     400     300     100     300     700     
18796  1955 4400    1500    2800    1100    0       1900    1900    400     0       0       0       0       100     600     1200    900     600     400     200     
18796  1956 2300    1500    1300    500     0       800     900     200     100     0       0       0       200     600     0       500     300     100     300     
18796  1957 2400    1300    1000    600     700     500     500     200     100     300     300     100     100     200     200     100     100     300     400     
18796  1958 4500    900     3000    500     0       2100    2300    100     0       0       0       0       500     700     900     900     900     500     0       
18796  1959 6600    2700    3800    600     1600    2900    1300    0       600     700     700     200     800     900     1200    0       400     900     200     
18796  1960 4500    2100    3500    600     1200    1400    1200    200     200     200     300     700     200     100     1100    1100    0       100     300     
18796  1961 6000    2600    2300    1000    2900    200     2100    100     -999999 1500    1200    200     0       100     100     700     1200    200     100     
18796  1962 1300    2000    200     600     100     0       700     200     300     0       100     0       0       0       0       100     300     300     0       
18796  1963 2200    600     1800    0       200     1200    600     0       0       0       100     100     700     0       500     400     100     100     200     
18796  1964 2100    1000    900     700     800     200     300     300     200     100     500     200     0       100     100     0       0       300     300     
18796  1965 2600    1000    2000    600     600     800     900     200     100     100     500     0       200     400     200     700     200     0       0       
18796  1966 1900    300     1300    100     0       1200    600     100     0       0       0       0       1100    100     0       100     400     100     0       
18796  1967 3700    1200    2200    400     900     1100    1100    300     100     300     400     200     0       500     600     500     100     500     200     
18796  1968 4400    1900    2600    400     1800    700     1700    100     100     900     600     300     400     300     0       1000    400     300     0       
18796  1969 3800    900     3200    200     300     2700    600     200     0       0       100     200     800     500     1400    200     400     0       0       
18796  1970 2500    400     1700    0       700     900     500     0       0       0       0       700     500     0       400     100     0       400     400     
18796  1971 4300    2200    1100    1800    400     700     600     500     900     0       300     100     200     300     200     0       200     400     1200    
18796  1972 2900    2300    1600    1400    1500    400     100     100     100     300     600     600     0       300     100     0       100     0       700     
18796  1973 4000    3100    1200    1700    1600    800     400     700     300     1300    100     200     0       700     100     100     0       300     200     
18796  1974 5100    2300    2600    2000    1100    900     700     700     1100    0       300     800     500     0       400     600     0       100     600     
18796  1975 5300    2100    2400    1800    600     1700    1300    600     600     200     100     300     0       200     1500    300     400     600     500     
18796  1976 3300    2200    2300    1100    800     1600    300     100     500     100     100     600     400     1000    200     0       200     100     0       
18796  1977 2500    600     600     100     400     300     1200    100     0       200     0       200     100     0       200     100     900     200     500     
18796  1978 3500    2300    1700    1200    800     900     1000    400     300     0       200     600     500     100     300     0       400     600     100     
18796  1979 1400    1200    700     100     200     400     700     0       0       100     100     0       300     0       100     200     500     0       100     
18796  1980 -999999 600     3100    100     200     2100    1100    0       0       0       200     0       800     700     600     800     0       300     -999999 
18796  1981 -999999 -999999 -999999 -999999 -999999 700     800     -999999 -999999 -999999 -999999 1000    100     500     100     800     0       0       0       
18796  1982 3900    0       2600    0       0       2000    1700    0       0       0       0       0       500     500     1000    600     400     700     200     
18796  1983 3600    2900    1400    1400    800     800     600     1200    0       400     300     100     100     600     100     200     0       400     200     
18796  1984 4200    700     1800    300     1100    700     1300    0       100     0       100     1000    600     0       100     0       100     1200    1000    
18796  1985 2400    2400    1500    1100    600     800     700     0       100     0       100     500     0       500     300     100     500     100     200     
18796  1986 2200    800     600     200     200     400     1100    0       0       0       0       200     400     0       0       0       300     800     500     
18796  1987 2800    1700    1000    600     100     800     900     0       100     0       100     0       0       700     100     100     600     200     900     
18796  1988 5600    2800    3300    1900    1100    1800    1200    700     300     100     200     800     200     1200    400     500     0       700     500     
18796  1989 8400    5300    2500    3500    2100    1000    1900    1900    1100    1100    1000    0       700     100     200     500     800     600     400     
18796  1990 8900    6600    3000    3800    3100    1300    800     1500    1900    1400    1000    700     300     200     800     0       500     300     300     
18796  1991 5900    2300    3100    600     1900    1800    1400    100     200     900     1000    0       0       1000    800     300     200     900     500     
18796  1992 7400    4700    4000    2600    2500    2000    700     600     1500    1000    600     900     1600    300     100     500     0       200     100     
18796  1993 3600    1700    2200    1000    2400    0       300     100     800     500     1000    900     0       0       0       300     0       0       0       
18796  1994 3600    200     2400    0       1200    1400    700     0       0       200     800     200     0       1000    400     0       100     600     300     
18796  1995 5700    2400    2800    1200    1300    1100    2300    300     600     500     700     100     0       900     200     900     900     500     100     
18796  1996 3400    1700    2300    300     300     2000    800     100     100     0       300     0       0       200     1800    0       600     200     100     
18796  1997 6100    2200    4100    800     1200    3000    900     200     500     600     400     200     700     1300    1000    500     200     200     300     
18796  1998 5300    3600    2000    2700    900     600     1100    600     1800    500     400     0       200     300     100     1000    100     0       300     
18796  1999 7600    1600    4800    1100    1600    1300    3800    400     400     400     1100    100     300     700     300     2300    500     1000    100     
18796  2000 7100    3300    2900    1400    2200    700     1800    700     600     400     1300    500     100     300     300     400     300     1100    1100    
18796  2001 4600    3000    2400    1500    200     2200    1500    200     200     100     100     0       300     1000    900     100     1100    300     300     
18796  2002 8900    3700    6700    1800    2400    4000    1000    600     900     500     800     1100    1000    600     2400    800     200     0       0       
18796  2003 6400    1000    4400    600     1000    3100    1300    400     200     200     500     300     300     2100    700     500     0       800     400     
18796  2004 -999999 -999999 4300    -999999 2700    1500    1000    100     -999999 600     1400    700     100     200     1200    700     0       300     600     
18796  2005 -999999 1800    3100    1300    1300    900     3100    600     100     200     1100    0       0       700     200     1100    900     1100    -999999 
