EUROPEAN CLIMATE ASSESSMENT & DATASET (ECA&D), file created on: 20-01-2022
THESE DATA CAN BE USED FOR NON-COMMERCIAL RESEARCH AND EDUCATION PROVIDED THAT THE FOLLOWING SOURCE IS ACKNOWLEDGED: 

Klein Tank, A.M.G. and Coauthors, 2002. Daily dataset of 20th-century surface
air temperature and precipitation series for the European Climate Assessment.
Int. J. of Climatol., 22, 1441-1453.
Data and metadata available at http://www.ecad.eu

FILE FORMAT (MISSING VALUE CODE = -999999):

THIS FILE HOLDS DATA FOR STATION SWEDEN                                   KULLEN                                   (STAID:   5210)
LATITUDE: dd:mm:ss +56:18:00
LONGITUDE: ddd:mm:ss +012:27:00
ELEVATION: m   72

DATA IS FOR INDEX Days with TN > 90th percentile of daily min temp (warm nights) (TN90p) with unit 0.01 No of days

01-06 SOUID: Source identifier
08-11 YEAR : YYYY
13-20 ANNUAL DATA VALUES
21-28 WINTER HALF YEAR DATA VALUES
29-36 SUMMER HALF YEAR DATA VALUES
37-44 WINTER (DJF) DATA VALUES
45-52 SPRING (MAM) DATA VALUES
53-60 SUMMER (JJA) DATA VALUES
61-68 AUTUMN (SON) DATA VALUES
69-76 JANUARY DATA VALUES
etc. 
157-164 DECEMBER DATA VALUES

5210   1951 -999999 -999999 -999999 -999999 -999999 -999999 -999999 -999999 -999999 -999999 -999999 -999999 -999999 -999999 -999999 -999999 0       -999999 -999999 
5210   1952 -999999 -999999 -999999 -999999 1100    -999999 0       200     200     0       800     300     0       -999999 0       0       0       0       0       
5210   1953 6000    800     2900    400     1600    1600    1900    200     200     400     600     600     1100    400     100     100     800     1000    500     
5210   1954 2000    2600    900     600     500     200     700     100     0       200     0       300     200     0       0       400     300     0       500     
5210   1955 5200    800     4200    500     100     2900    1900    0       0       0       100     0       0       1300    1600    1200    500     200     300     
5210   1956 1800    1200    300     500     0       0       700     200     0       0       0       0       0       0       0       300     400     0       900     
5210   1957 4100    2800    1600    2200    1000    700     1100    600     700     200     600     200     200     400     100     100     300     700     0       
5210   1958 2200    1100    1000    100     0       700     900     0       100     0       0       0       100     600     0       300     600     0       500     
5210   1959 7200    2600    4900    1100    2100    2600    1700    200     400     900     1000    200     0       1100    1500    1100    500     100     200     
5210   1960 2900    1600    1600    800     700     700     800     600     0       200     0       500     200     0       500     400     0       400     100     
5210   1961 5000    2400    1900    700     2500    300     1600    0       600     1300    1100    100     300     0       0       400     1000    200     0       
5210   1962 900     1700    100     500     100     0       300     300     200     0       100     0       0       0       0       0       300     0       0       
5210   1963 2200    300     1800    0       700     900     600     0       0       0       100     600     200     300     400     200     200     200     0       
5210   1964 2500    400     1500    0       1000    200     800     0       0       0       800     200     100     0       100     300     0       500     500     
5210   1965 700     1000    600     500     0       100     600     0       0       0       0       0       0       0       100     500     0       100     0       
5210   1966 2300    300     1400    200     400     900     600     0       200     0       100     300     500     300     100     100     500     0       200     
5210   1967 3100    1800    900     500     1100    400     1000    0       300     800     100     200     0       0       400     200     500     300     300     
5210   1968 4000    1700    2700    300     1100    1100    1800    0       0       600     500     0       400     100     600     1100    300     400     0       
5210   1969 3100    700     2600    0       0       1800    1300    0       0       0       0       0       800     300     700     800     400     100     0       
5210   1970 2000    500     1300    0       200     900     500     0       0       0       0       200     700     100     100     200     200     100     400     
5210   1971 5000    1600    1500    1100    900     700     900     200     500     200     0       700     200     300     200     100     400     400     1800    
5210   1972 3800    2800    2500    1800    1300    1400    400     0       0       200     600     500     100     1100    200     0       0       400     700     
5210   1973 2800    2400    1500    900     1200    1300    100     0       -999999 1100    0       100     300     1000    0       100     0       0       0       
5210   1974 3400    1400    1400    1400    900     200     500     400     1000    0       800     100     0       0       200     300     0       200     400     
5210   1975 6800    2700    3800    2100    600     2400    1400    1600    100     400     0       200     400     400     1600    1200    200     0       700     
5210   1976 2700    1200    2300    1000    300     1900    200     200     100     0       100     200     300     900     700     100     0       100     0       
5210   1977 3000    500     900     100     500     700     1300    0       100     300     0       200     400     200     100     0       800     500     400     
5210   1978 5000    2200    2200    700     1200    1200    2300    200     100     200     200     800     600     300     300     0       500     1800    0       
5210   1979 1600    2300    800     0       300     500     100     0       0       0       0       300     400     0       100     0       0       100     700     
5210   1980 2600    800     1500    700     400     900     600     0       0       0       200     200     300     600     0       200     0       400     700     
5210   1981 3200    1700    2500    1000    1800    600     500     0       300     300     400     1100    0       200     400     400     0       100     0       
5210   1982 4900    100     3600    0       700     2400    1700    0       0       0       400     300     600     900     900     500     400     800     100     
5210   1983 5000    3300    2300    2000    500     1500    1100    1900    0       100     300     100     0       1100    400     400     400     300     0       
5210   1984 2900    1000    1300    300     400     900     1000    300     0       0       100     300     100     100     700     0       600     400     300     
5210   1985 1500    1300    700     300     300     300     700     0       0       0       0       300     0       200     100     100     600     0       200     
5210   1986 3500    800     1700    200     700     1000    1100    0       0       0       0       700     600     300     100     0       0       1100    700     
5210   1987 1600    1800    600     700     300     300     400     0       0       0       200     100     100     0       200     0       300     100     600     
5210   1988 6200    3000    3400    2400    1000    1800    900     1100    700     200     400     400     1200    400     200     800     0       100     700     
5210   1989 11400   7100    3700    5000    3000    1900    1700    1900    2400    2000    600     400     800     900     200     800     700     200     500     
5210   1990 10500   7200    3600    4300    4600    1000    1000    1500    2300    2000    1400    1200    300     0       700     0       600     400     100     
5210   1991 5400    2400    2800    1000    1600    1100    1300    800     100     400     1200    0       0       500     600     500     300     500     500     
5210   1992 7900    4600    4200    2900    2400    2500    300     900     1500    900     300     1200    1600    700     200     200     0       100     300     
5210   1993 4000    1900    2400    1600    2400    200     0       800     500     200     900     1300    200     0       0       0       0       0       100     
5210   1994 6900    800     4500    700     1500    3100    500     600     0       100     1000    400     0       1800    1300    0       0       500     1200    
5210   1995 6900    3000    3900    2400    600     2900    -999999 0       1200    100     300     200     100     800     2000    -999999 1700    0       0       
5210   1996 3300    1700    2700    0       1000    1600    700     0       0       0       1000    0       200     0       1400    100     200     400     0       
5210   1997 7800    2200    5500    800     1300    3900    1600    0       800     800     500     0       300     1000    2600    1100    400     100     200     
5210   1998 -999999 -999999 -999999 3300    -999999 -999999 -999999 1200    1900    -999999 -999999 -999999 -999999 -999999 -999999 -999999 -999999 -999999 -999999 
