EUROPEAN CLIMATE ASSESSMENT & DATASET (ECA&D), file created on: 20-01-2022
THESE DATA CAN BE USED FOR NON-COMMERCIAL RESEARCH AND EDUCATION PROVIDED THAT THE FOLLOWING SOURCE IS ACKNOWLEDGED: 

Klein Tank, A.M.G. and Coauthors, 2002. Daily dataset of 20th-century surface
air temperature and precipitation series for the European Climate Assessment.
Int. J. of Climatol., 22, 1441-1453.
Data and metadata available at http://www.ecad.eu

FILE FORMAT (MISSING VALUE CODE = -999999):

THIS FILE HOLDS DATA FOR STATION SPAIN                                    HUELVA (RONDA DEL ESTE)                  (STAID:    418)
LATITUDE: dd:mm:ss +37:16:48
LONGITUDE: ddd:mm:ss -006:54:34
ELEVATION: m   19

DATA IS FOR INDEX Days with TN > 90th percentile of daily min temp (warm nights) (TN90p) with unit 0.01 No of days

01-06 SOUID: Source identifier
08-11 YEAR : YYYY
13-20 ANNUAL DATA VALUES
21-28 WINTER HALF YEAR DATA VALUES
29-36 SUMMER HALF YEAR DATA VALUES
37-44 WINTER (DJF) DATA VALUES
45-52 SPRING (MAM) DATA VALUES
53-60 SUMMER (JJA) DATA VALUES
61-68 AUTUMN (SON) DATA VALUES
69-76 JANUARY DATA VALUES
etc. 
157-164 DECEMBER DATA VALUES

418    1903 3700    -999999 2000    -999999 1100    800     1200    400     0       200     400     500     200     200     400     300     500     400     200     
418    1904 4800    1900    2700    1000    1600    1000    1200    200     600     0       300     1300    600     100     300     100     700     400     200     
418    1905 3400    2000    2600    300     1700    1300    300     100     0       600     900     200     200     600     500     200     0       100     0       
418    1906 -999999 -999999 -999999 500     -999999 -999999 200     500     0       -999999 0       400     1100    0       -999999 100     100     0       0       
418    1907 2200    100     1500    0       400     700     700     0       0       0       300     100     0       0       700     400     100     200     400     
418    1908 4300    1300    2500    1000    1400    700     1400    500     100     0       300     1100    100     200     400     400     200     800     200     
418    1909 3600    1800    800     400     1100    100     1200    200     0       400     100     600     0       0       100     0       400     800     1000    
418    1910 2800    2500    1300    1200    400     700     700     0       200     100     300     0       300     200     200     300     100     300     800     
418    1911 2600    1300    1900    800     200     1100    1100    0       0       100     0       100     100     400     600     700     300     100     200     
418    1912 2300    1900    1000    500     1700    200     100     0       300     1000    100     600     200     0       0       100     0       0       0       
418    1913 1400    500     800     400     300     600     100     400     0       100     0       200     400     0       200     0       100     0       0       
418    1914 1500    300     900     100     400     300     700     0       100     100     100     200     0       0       300     300     400     0       0       
418    1915 5600    1800    2700    500     2000    1500    800     200     300     900     100     1000    400     300     800     100     300     400     800     
418    1916 -999999 -999999 700     -999999 800     0       0       -999999 -999999 100     0       700     0       0       0       0       0       0       800     
418    1917 1500    1100    1000    1000    200     600     500     0       200     100     0       100     100     500     0       300     200     0       0       
418    1918 3500    1200    2400    800     300     2000    400     800     0       200     0       100     600     400     1000    300     0       100     0       
418    1919 3600    1100    2600    900     400     2000    300     100     800     100     100     200     1200    0       800     300     0       0       0       
418    1920 5000    800     3900    500     2300    1600    500     0       500     300     1100    900     1000    100     500     300     100     100     100     
418    1921 2200    600     1100    400     0       1000    900     0       300     0       0       0       300     300     400     100     700     100     0       
418    1922 2100    1300    1200    500     900     300     200     500     0       0       200     700     0       0       300     0       100     100     200     
418    1923 4300    900     2400    500     600     2000    1300    0       300     200     100     300     0       700     1300    0       900     400     100     
418    1924 4400    2900    2100    600     2200    700     700     400     100     1000    100     1100    300     300     100     200     400     100     300     
418    1925 2400    1000    600     400     200     500     500     0       100     100     0       100     0       100     400     0       300     200     1100    
418    1926 4400    2800    2200    1800    1300    700     1700    200     500     500     400     400     100     100     500     700     800     200     0       
418    1927 4000    2000    1700    700     1200    600     700     200     500     300     300     600     500     0       100     200     300     200     800     
418    1928 2700    2000    1700    1100    600     1100    600     100     200     400     200     0       100     600     400     400     200     0       100     
418    1929 1600    700     300     300     400     100     600     0       200     200     200     0       0       100     0       0       100     500     300     
418    1930 2900    1900    900     900     700     500     700     400     200     400     0       300     0       0       500     100     400     200     400     
418    1931 1700    2100    100     900     600     100     500     500     0       600     0       0       100     0       0       0       400     100     0       
418    1932 3100    1700    300     200     1000    200     700     100     100     1000    0       0       0       200     0       100     0       600     1000    
418    1933 4700    2300    3400    1100    2100    1800    500     0       100     600     300     1200    300     300     1200    100     400     0       200     
418    1934 2900    900     1500    500     500     900     200     300     0       0       100     400     500     400     0       100     100     0       1000    
418    1935 3000    1900    1600    1300    600     1500    100     0       300     500     100     0       400     700     400     0       0       100     500     
418    1936 -999999 2700    -999999 2300    900     -999999 100     900     900     300     500     100     0       -999999 700     100     0       0       0       
418    1937 3400    1300    1100    700     1000    700     800     500     200     600     100     300     0       200     500     0       100     700     200     
418    1938 1100    1100    -999999 300     0       -999999 200     100     0       0       0       0       -999999 300     0       0       100     100     200     
418    1939 1300    900     400     700     200     200     300     500     0       0       0       200     0       100     100     0       200     100     100     
418    1940 -999999 2300    -999999 1000    -999999 100     0       800     100     1000    -999999 0       0       0       100     0       0       0       0       
418    1941 1000    500     500     200     300     400     100     200     0       300     0       0       0       200     200     100     0       0       0       
418    1942 2400    400     800     200     800     200     500     200     0       200     200     400     200     0       0       0       400     100     700     
418    1943 5300    1700    4000    1200    2200    1600    800     400     100     0       1300    900     700     100     800     200     300     300     200     
418    1944 3000    1100    2300    300     1300    1100    500     0       100     200     500     600     700     100     300     100     0       400     0       
418    1945 5500    700     3200    100     2100    1300    1400    100     0       200     1500    400     1000    300     0       0       300     1100    600     
418    1946 2600    2000    1800    600     500     1200    700     0       0       0       500     0       300     500     400     100     300     300     200     
418    1947 5600    3400    2300    1300    2700    900     700     100     1000    1500    900     300     200     500     200     200     200     300     200     
418    1948 3500    2200    1200    1500    400     900     600     900     400     200     0       200     600     200     100     100     300     200     300     
418    1949 5000    800     4100    300     1600    2300    600     0       0       0       1100    500     300     700     1300    200     100     300     500     
418    1950 4200    1200    2600    700     700     1800    1200    0       200     100     400     200     600     700     500     200     300     700     300     
418    1951 3500    2800    1500    800     1500    800     600     0       500     1000    500     0       700     100     0       200     100     300     100     
418    1952 3400    1300    1500    200     900     1200    1000    0       100     700     200     0       600     500     100     100     300     600     200     
418    1953 4100    1200    3100    300     1200    1300    1200    100     0       0       400     800     300     200     800     600     300     300     300     
418    1954 2600    1100    1100    300     1000    300     1300    0       0       200     100     700     100     100     100     0       400     900     0       
418    1955 5100    3200    1600    1500    1100    800     1200    1100    400     400     0       700     400     300     100     100     300     800     500     
418    1956 1600    2000    600     900     400     200     600     300     100     0       200     200     0       0       200     0       500     100     0       
418    1957 1600    1300    800     400     300     300     600     0       400     300     0       0       0       100     200     500     100     0       0       
418    1958 3500    1700    1300    1400    700     700     100     400     1000    200     0       500     100     300     300     100     0       0       600     
418    1959 4600    2000    2100    1700    900     1400    700     1100    0       300     200     400     200     600     600     100     500     100     500     
418    1960 -999999 -999999 1900    1500    -999999 700     700     200     800     -999999 300     900     600     100     0       0       100     600     0       
418    1961 4300    1100    3200    100     1500    1800    400     0       100     300     300     900     400     800     600     200     0       200     500     
418    1962 3500    2000    1400    900     1600    400     1000    300     100     900     300     400     200     0       200     300     700     0       100     
418    1963 2600    2300    500     1100    800     200     500     800     200     500     100     200     100     100     0       0       100     400     100     
418    1964 5500    1700    4400    1100    1700    1700    1100    100     900     100     200     1400    600     400     700     1100    0       0       0       
418    1965 3900    1600    1800    700     1800    900     400     500     200     900     300     600     800     0       100     0       300     100     100     
418    1966 2600    1900    800     1500    600     200     300     1000    400     0       400     200     100     100     0       0       300     0       100     
418    1967 1500    900     600     100     600     400     500     0       0       500     100     0       0       300     100     100     400     0       0       
418    1968 1900    900     1100    400     500     500     500     0       400     100     300     100     300     100     100     200     300     0       0       
418    1969 2500    1800    700     700     1400    100     300     400     300     800     300     300     0       100     0       0       100     200     0       
418    1970 2400    1200    1300    900     700     200     600     900     0       0       100     600     0       200     0       400     100     100     0       
418    1971 1200    300     300     100     0       100     1000    100     0       0       0       0       0       100     0       200     800     0       0       
418    1972 900     1000    400     100     400     100     300     0       100     100     100     200     0       0       100     0       100     200     0       
418    1973 2100    500     1100    200     500     600     800     100     100     0       100     400     100     200     300     0       200     600     0       
418    1974 3100    1700    1800    900     500     1300    100     700     200     0       0       500     100     600     600     0       0       100     300     
418    1975 1200    700     700     600     0       700     200     200     100     0       0       0       0       300     400     0       0       200     0       
418    1976 2300    500     1400    300     0       1400    0       0       300     0       0       0       400     300     700     0       0       0       600     
418    1977 3400    2400    400     2000    700     100     200     600     800     400     200     100     100     0       0       0       200     0       1000    
418    1978 4000    2300    1300    2000    200     800     400     300     700     100     100     0       0       400     400     400     0       0       1600    
418    1979 3800    3500    1500    3000    900     1000    500     500     900     500     200     200     200     500     300     100     400     0       0       
418    1980 3400    1200    2100    400     900     1000    1000    200     200     400     400     100     400     0       600     600     300     100     100     
418    1981 5500    1800    2000    300     1400    1500    1600    0       200     1100    300     0       1200    200     100     200     1000    400     800     
418    1982 3400    3400    1800    1600    1200    800     600     600     200     400     300     500     200     200     400     200     200     200     0       
418    1983 4700    1000    2100    200     1000    800     2400    0       200     400     600     0       800     0       0       700     500     1200    300     
418    1984 4800    3200    2600    1100    2800    200     700     500     300     400     2300    100     0       200     0       0       100     600     300     
418    1985 5200    2700    2100    1800    600     1000    1800    500     1000    200     300     100     200     400     400     700     400     700     300     
418    1986 4000    2500    2200    1000    1100    700     1500    200     500     400     0       700     300     300     100     800     600     100     0       
418    1987 8800    2100    5200    900     1600    2700    2400    600     300     500     800     300     1100    1000    600     1400    500     500     1200    
418    1988 4800    3000    2200    2000    900     700     2400    400     400     0       900     0       100     300     300     600     700     1100    0       
418    1989 9000    2500    4200    400     600     3500    2700    0       400     300     100     200     800     1700    1000    400     1200    1100    1800    
418    1990 6000    5400    3800    2300    1600    2200    1500    300     200     800     200     600     400     700     1100    800     500     200     200     
418    1991 4500    1600    3100    500     400     2500    700     300     0       400     0       0       800     900     800     600     0       100     600     
418    1992 4600    1000    3600    800     1800    1900    300     100     100     100     400     1300    0       1000    900     0       200     100     400     
418    1993 3000    1300    1600    500     900     1100    700     0       100     500     300     100     200     400     500     100     300     300     200     
418    1994 5200    1800    2200    1000    800     1600    1300    300     500     200     100     500     400     900     300     0       900     400     700     
418    1995 8100    3000    3700    1300    2000    2100    2000    200     400     400     500     1100    300     1000    800     0       700     1300    1400    
418    1996 6000    5900    2200    3100    2400    600     300     1300    400     800     600     1000    400     200     0       0       300     0       1000    
418    1997 8500    2900    3900    2300    2600    1000    2900    700     600     300     1500    800     100     300     600     600     1500    800     700     
418    1998 5800    4900    3300    2100    1500    2000    900     500     900     500     300     700     800     500     700     300     100     500     0       
418    1999 5700    1100    3400    100     2000    1800    1100    0       100     400     600     1000    800     700     300     0       1000    100     700     
418    2000 4100    2100    2700    800     1200    1700    700     0       100     200     200     800     700     300     700     0       100     600     400     
418    2001 6800    3800    2900    1800    2500    1300    1600    900     500     1300    400     800     500     300     500     400     900     300     0       
418    2002 4100    2300    1500    500     1000    900     1100    400     100     600     200     200     400     400     100     200     600     300     600     
418    2003 7500    2800    5000    1300    1900    3400    1500    400     300     600     400     900     1300    600     1500    300     900     300     0       
418    2004 6900    2900    4400    1300    1000    3700    900     900     400     400     200     400     1800    800     1100    100     600     200     0       
418    2005 6900    2000    4100    0       2800    2400    1200    0       0       1200    500     1100    1600    400     400     100     900     200     500     
418    2006 8300    2300    5100    500     2700    2400    3100    0       0       700     1000    1000    700     800     900     700     1300    1100    100     
418    2007 3200    3300    2000    700     1100    900     500     0       600     200     600     300     300     300     300     200     200     100     100     
418    2008 5200    2200    2700    1500    1500    1200    700     400     1000    400     700     400     400     400     400     400     300     0       400     
418    2009 6600    1500    3900    1000    700     2900    1600    500     100     200     0       500     1300    700     900     500     400     700     800     
418    2010 10000   4800    6100    2600    3200    3400    800     800     1000    1100    1900    200     300     1300    1800    600     100     100     800     
418    2011 7200    1800    5300    1300    3500    2100    1100    400     100     300     1200    2000    900     300     900     0       600     500     0       
418    2012 7000    1300    5200    100     1900    3300    1400    0       100     100     400     1400    1300    1000    1000    100     700     600     300     
418    2013 5300    3000    2900    500     2200    1300    1500    200     0       1200    600     400     200     400     700     600     800     100     100     
418    2014 7900    2000    4100    900     2700    1300    3100    400     400     200     1400    1100    500     100     700     300     1600    1200    -999999 
418    2015 8200    -999999 5900    -999999 2500    3500    1700    -999999 100     200     1000    1300    1000    1600    900     100     1400    200     300     
418    2016 7600    3700    4500    2100    900     3100    1500    1100    700     0       500     400     700     1300    1100    500     700     300     300     
418    2017 8800    2200    6100    1000    2500    3600    1600    0       700     200     800     1500    1900    700     1000    200     1000    400     400     
418    2018 6200    3100    3800    700     1900    1600    2400    200     100     1000    700     200     300     100     1200    1300    800     300     0       
418    2019 5600    1900    2900    400     1600    1400    1700    300     100     400     100     1100    200     400     800     300     600     800     500     
418    2020 9400    3100    6600    1200    3800    3200    1100    300     400     500     1400    1900    700     1700    800     100     300     700     600     
418    2021 8700    4100    4500    2500    2800    2000    1200    900     1000    600     1400    800     500     400     1100    300     700     200     800     
