EUROPEAN CLIMATE ASSESSMENT & DATASET (ECA&D), file created on: 20-01-2022
THESE DATA CAN BE USED FOR NON-COMMERCIAL RESEARCH AND EDUCATION PROVIDED THAT THE FOLLOWING SOURCE IS ACKNOWLEDGED: 

Klein Tank, A.M.G. and Coauthors, 2002. Daily dataset of 20th-century surface
air temperature and precipitation series for the European Climate Assessment.
Int. J. of Climatol., 22, 1441-1453.
Data and metadata available at http://www.ecad.eu

FILE FORMAT (MISSING VALUE CODE = -999999):

THIS FILE HOLDS DATA FOR STATION FRANCE                                   SAINTES                                  (STAID:  21012)
LATITUDE: dd:mm:ss +45:45:39
LONGITUDE: ddd:mm:ss -000:39:06
ELEVATION: m   38

DATA IS FOR INDEX Days with TN > 90th percentile of daily min temp (warm nights) (TN90p) with unit 0.01 No of days

01-06 SOUID: Source identifier
08-11 YEAR : YYYY
13-20 ANNUAL DATA VALUES
21-28 WINTER HALF YEAR DATA VALUES
29-36 SUMMER HALF YEAR DATA VALUES
37-44 WINTER (DJF) DATA VALUES
45-52 SPRING (MAM) DATA VALUES
53-60 SUMMER (JJA) DATA VALUES
61-68 AUTUMN (SON) DATA VALUES
69-76 JANUARY DATA VALUES
etc. 
157-164 DECEMBER DATA VALUES

21012  1950 2600    -999999 1800    -999999 600     1300    400     100     100     100     0       500     600     300     400     0       0       400     100     
21012  1951 1900    900     1400    400     400     400     800     300     0       100     200     100     100     300     0       700     0       100     0       
21012  1952 4900    1200    2600    200     1800    1700    800     200     0       900     700     200     500     400     800     0       400     400     400     
21012  1953 1600    1200    1100    400     700     300     200     0       0       0       300     400     0       0       300     100     0       100     400     
21012  1954 2500    1000    700     800     400     200     1200    300     100     100     300     0       0       0       200     200     500     500     300     
21012  1955 5700    2700    3200    1400    500     2500    1000    800     300     300     0       200     600     900     1000    500     100     400     600     
21012  1956 2000    2000    1000    900     1000    400     300     300     0       600     300     100     0       200     200     200     100     0       0       
21012  1957 4100    1900    1900    700     1300    1300    700     200     500     1100    100     100     600     500     200     400     100     200     100     
21012  1958 2500    1400    1200    1000    700     200     600     300     600     100     300     300     0       100     100     400     100     100     100     
21012  1959 8500    1200    5800    500     2300    2500    3000    400     0       500     600     1200    600     800     1100    1500    1100    400     300     
21012  1960 2600    3100    800     1300    900     200     400     700     300     300     200     400     200     0       0       0       0       400     100     
21012  1961 4800    1400    2500    900     1000    600     1600    100     700     100     600     300     200     200     200     1000    200     400     800     
21012  1962 3600    2400    2000    1600    900     700     1100    600     200     200     400     300     200     100     400     600     400     100     100     
21012  1963 1500    1100    500     300     400     200     700     200     0       300     100     0       100     100     0       200     100     400     0       
21012  1964 2600    1100    1700    200     1100    400     900     0       200     400     100     600     0       300     100     600     0       300     0       
21012  1965 900     600     200     200     100     200     300     200     0       100     0       0       200     0       0       0       300     0       100     
21012  1966 3200    1400    1300    1100    600     300     900     500     500     0       400     200     100     200     0       400     500     0       400     
21012  1967 2000    1700    500     800     600     200     700     200     200     400     0       200     100     0       100     100     600     0       100     
21012  1968 3400    900     1300    300     600     600     1600    200     0       0       600     0       100     500     0       100     900     600     400     
21012  1969 1800    2500    1200    500     1000    600     100     100     0       500     200     300     100     100     400     100     0       0       0       
21012  1970 3200    1300    1400    1200    100     1100    700     500     700     100     0       0       400     100     600     300     100     300     100     
21012  1971 2400    800     1800    400     1200    600     0       200     100     0       600     600     200     400     0       0       0       0       300     
21012  1972 1500    600     500     400     600     100     600     0       100     200     400     0       0       0       100     0       100     500     100     
21012  1973 3300    700     2900    100     600     1600    1000    0       0       0       100     500     200     200     1200    700     0       300     100     
21012  1974 2500    1300    800     500     600     500     400     300     100     500     0       100     100     100     300     200     0       200     600     
21012  1975 3100    2000    1600    1700    400     1200    400     1000    100     100     100     200     400     0       800     100     0       300     0       
21012  1976 3000    500     2500    200     200     2000    600     100     100     0       0       200     600     1100    300     300     200     100     0       
21012  1977 3700    1300    1100    600     1100    400     1400    100     500     400     300     400     200     100     100     0       700     700     200     
21012  1978 2600    2400    600     900     100     600     100     100     600     100     0       0       400     200     0       0       100     0       1100    
21012  1979 4400    2700    1100    1900    1200    400     1600    0       800     700     100     400     100     200     100     200     900     500     400     
21012  1980 2200    2700    900     1000    600     300     500     300     300     300     200     100     100     0       200     300     100     100     200     
21012  1981 5900    2600    2600    800     2700    1100    1300    600     0       1600    600     500     200     300     600     400     600     300     200     
21012  1982 5400    2200    3200    1200    600     2300    900     900     100     100     100     400     1300    700     300     400     200     300     600     
21012  1983 7100    2400    4400    1600    800     3500    1600    700     300     300     500     0       600     1800    1100    400     100     1100    200     
21012  1984 3200    2100    1400    800     700     700     1200    200     400     100     600     0       300     200     200     100     300     800     0       
21012  1985 3800    1800    1800    500     600     1300    800     100     400     200     200     200     700     600     0       100     300     400     600     
21012  1986 3700    2100    1600    1200    400     1100    1200    600     0       200     0       200     600     300     200     300     500     400     400     
21012  1987 4400    2000    2500    800     1100    900     1400    100     300     300     700     100     200     300     400     800     400     200     600     
21012  1988 6700    3300    3100    2000    2400    1000    1500    1200    200     700     700     1000    400     400     200     400     700     400     400     
21012  1989 8000    3100    4600    800     2900    2600    1000    100     300     1200    100     1600    1000    900     700     300     300     400     1100    
21012  1990 6700    3800    3200    2800    1500    1800    1600    200     1500    300     100     1100    300     400     1100    200     800     600     100     
21012  1991 4300    3100    2200    900     1000    1100    1200    800     0       800     200     0       100     200     800     900     100     200     200     
21012  1992 4000    1100    2500    500     1000    1600    900     0       300     300     100     600     400     600     600     200     0       700     200     
21012  1993 4200    1900    2500    1000    1700    1000    100     800     0       200     700     800     500     200     300     0       0       100     600     
21012  1994 7200    2300    3300    1600    1300    2300    1700    700     300     600     400     300     200     1100    1000    300     600     800     900     
21012  1995 7400    3600    4200    2100    1300    2800    1400    500     700     100     400     800     500     1100    1200    200     1000    200     700     
21012  1996 3900    2800    2100    1300    1400    1000    800     500     100     300     700     400     500     400     100     0       400     400     100     
21012  1997 7000    2200    3900    1100    1500    2700    1500    300     700     300     400     800     700     200     1800    0       900     600     300     
21012  1998 4900    3200    3000    1100    1700    1200    900     800     0       600     400     700     400     300     500     700     100     100     300     
21012  1999 5800    1700    3900    1000    2400    1400    1100    500     200     500     600     1300    400     500     500     600     400     100     200     
21012  2000 6400    1700    3300    1100    1900    1200    1400    300     600     100     600     1200    800     0       400     300     500     600     1000    
21012  2001 7400    4300    3100    2000    2400    1900    1600    600     400     1200    600     600     300     300     1300    0       1400    200     500     
21012  2002 5900    4000    2000    1600    1600    1000    1000    400     700     800     400     400     700     100     200     200     500     300     1200    
21012  2003 8400    3300    6300    1800    2200    4500    900     400     200     700     1200    300     1600    700     2200    300     200     400     200     
21012  2004 5100    1600    3800    800     1000    2200    1100    600     0       200     300     500     1000    200     1000    800     300     0       200     
21012  2005 7200    1700    4300    900     1800    2500    2200    600     100     500     800     500     1300    800     400     500     1500    200     0       
21012  2006 8300    2900    5300    300     2300    2800    2800    200     100     900     500     900     1000    1700    100     1100    1100    600     100     
21012  2007 7000    4300    3200    2000    2900    900     800     1300    600     600     1000    1300    400     100     400     0       700     100     500     
21012  2008 3900    3100    1700    1800    1400    700     500     900     400     500     200     700     300     0       400     100     400     0       0       
21012  2009 3000    400     1600    0       600     800     1200    0       0       0       100     500     300     200     300     200     500     500     400     
21012  2010 3500    1900    2100    400     1300    1100    1100    0       0       500     300     500     300     400     400     200     300     600     0       
21012  2011 6200    1700    3600    400     2300    1000    1800    200     200     400     800     1100    400     0       600     700     400     700     700     
21012  2012 4100    2700    1900    1600    800     1000    1200    800     100     0       0       800     600     100     300     100     800     300     200     
21012  2013 4500    1900    2200    500     900     1300    2000    200     100     300     400     200     400     700     200     300     1100    600     0       
21012  2014 5800    3100    2800    1200    1100    1400    1900    900     300     200     600     300     600     400     400     500     600     800     200     
21012  2015 6100    2400    3500    500     2100    1900    1300    200     100     500     700     900     500     800     600     0       100     1200    500     
21012  2016 5400    3100    3400    1700    1000    2100    900     500     700     100     400     500     700     500     900     400     100     400     200     
21012  2017 7100    2600    3800    1100    2100    2600    1400    200     700     1000    100     1000    1000    1000    600     100     1000    300     100     
21012  2018 6700    3100    3600    1200    2100    1900    600     900     200     600     800     700     600     500     800     200     400     0       1000    
21012  2019 6700    2200    3700    1200    1200    2600    1600    200     0       600     500     100     1100    900     600     500     600     500     1100    
21012  2020 7800    4400    4300    2800    2800    1600    1500    600     1100    500     1500    800     100     400     1100    400     600     500     200     
