EUROPEAN CLIMATE ASSESSMENT & DATASET (ECA&D), file created on: 20-01-2022
THESE DATA CAN BE USED FOR NON-COMMERCIAL RESEARCH AND EDUCATION PROVIDED THAT THE FOLLOWING SOURCE IS ACKNOWLEDGED: 

Klein Tank, A.M.G. and Coauthors, 2002. Daily dataset of 20th-century surface
air temperature and precipitation series for the European Climate Assessment.
Int. J. of Climatol., 22, 1441-1453.
Data and metadata available at http://www.ecad.eu

FILE FORMAT (MISSING VALUE CODE = -999999):

THIS FILE HOLDS DATA FOR STATION RUSSIAN FEDERATION                       YAKUTSK                                  (STAID:   3214)
LATITUDE: dd:mm:ss +62:01:00
LONGITUDE: ddd:mm:ss +129:43:00
ELEVATION: m   98

DATA IS FOR INDEX Days with TN > 90th percentile of daily min temp (warm nights) (TN90p) with unit 0.01 No of days

01-06 SOUID: Source identifier
08-11 YEAR : YYYY
13-20 ANNUAL DATA VALUES
21-28 WINTER HALF YEAR DATA VALUES
29-36 SUMMER HALF YEAR DATA VALUES
37-44 WINTER (DJF) DATA VALUES
45-52 SPRING (MAM) DATA VALUES
53-60 SUMMER (JJA) DATA VALUES
61-68 AUTUMN (SON) DATA VALUES
69-76 JANUARY DATA VALUES
etc. 
157-164 DECEMBER DATA VALUES

3214   1888 -999999 -999999 -999999 -999999 -999999 -999999 -999999 300     -999999 -999999 -999999 -999999 -999999 -999999 -999999 100     -999999 -999999 -999999 
3214   1889 -999999 -999999 -999999 -999999 -999999 1600    600     -999999 -999999 200     200     -999999 500     900     200     500     0       100     200     
3214   1890 -999999 -999999 -999999 -999999 -999999 -999999 -999999 -999999 -999999 -999999 -999999 -999999 -999999 -999999 -999999 -999999 700     200     100     
3214   1891 5200    2800    2800    600     2200    1600    700     0       500     1300    500     400     300     700     600     300     0       400     200     
3214   1892 4700    900     2200    300     600     1300    2500    0       100     200     100     300     700     400     200     500     900     1100    200     
3214   1893 -999999 3100    2900    600     1500    1400    2000    0       400     500     500     500     500     800     100     500     600     900     -999999 
3214   1894 5900    -999999 3100    -999999 1500    2100    1200    200     100     700     700     100     200     1500    400     200     300     700     800     
3214   1895 5400    1900    3200    800     300     1900    2500    0       0       100     200     0       700     800     400     1100    600     800     700     
3214   1896 4600    3300    1800    1900    500     1000    1600    500     700     0       100     400     300     100     600     300     500     800     300     
3214   1897 6100    2500    3200    900     1000    2000    1800    0       600     300     200     500     300     1000    700     500     500     800     700     
3214   1898 3300    4000    500     2700    0       400     600     700     1300    0       0       0       0       100     300     100     200     300     300     
3214   1899 4600    1500    2100    800     300     1200    2600    400     100     200     0       100     0       300     900     800     1300    500     0       
3214   1900 -999999 2000    -999999 0       400     500     -999999 0       0       200     200     0       100     0       400     -999999 -999999 -999999 -999999 
3214   1901 4200    -999999 1800    -999999 1200    800     1000    100     700     600     500     100     0       300     500     400     200     400     400     
3214   1902 3100    1600    1500    800     200     1200    800     0       400     200     0       0       200     300     700     300     300     200     500     
3214   1903 5500    3700    1600    2400    1100    900     1600    400     1500    800     100     200     500     200     200     400     0       1200    0       
3214   1904 3200    2000    500     700     300     200     1200    500     200     100     100     100     0       100     100     100     100     1000    800     
3214   1905 3600    3400    1600    2000    400     800     1100    900     300     300     0       100     100     100     600     700     300     100     100     
3214   1906 5300    1600    2000    900     500     1500    1100    600     200     300     200     0       700     400     400     300     700     100     1400    
3214   1907 3700    3000    1600    1900    400     1200    1600    100     400     300     100     0       200     500     500     300     900     400     0       
3214   1908 -999999 2300    -999999 700     1200    -999999 -999999 0       700     300     300     600     700     -999999 -999999 -999999 -999999 200     0       
3214   1909 -999999 -999999 -999999 0       -999999 -999999 -999999 0       0       100     200     -999999 0       0       -999999 -999999 -999999 100     800     
3214   1910 5200    -999999 3000    1700    500     2300    1400    500     400     200     200     100     600     800     900     400     400     600     100     
3214   1911 -999999 2200    -999999 1100    -999999 -999999 1400    300     700     100     -999999 -999999 -999999 100     300     200     700     500     200     
3214   1912 -999999 2000    1000    800     100     800     -999999 600     0       0       0       100     300     0       500     100     -999999 -999999 -999999 
3214   1913 -999999 -999999 -999999 -999999 -999999 1700    400     -999999 -999999 -999999 -999999 -999999 200     700     800     400     0       0       0       
3214   1914 6800    1600    2800    1500    400     1900    1800    500     1000    100     300     0       500     1000    400     600     1000    200     1200    
3214   1915 2300    3500    600     1700    700     400     600     200     300     600     0       100     200     200     0       100     0       500     100     
3214   1916 4000    1800    1100    800     700     900     1500    200     500     500     0       200     100     200     600     0       900     600     200     
3214   1917 3200    2300    900     600     200     600     1900    300     100     200     0       0       0       400     200     300     900     700     100     
3214   1918 2700    2800    700     800     700     200     1100    500     200     400     300     0       0       0       200     200     300     600     0       
3214   1919 -999999 -999999 -999999 -999999 -999999 -999999 3000    -999999 -999999 -999999 -999999 -999999 -999999 0       1100    500     1600    900     700     
3214   1920 5700    6000    2100    2500    1900    1200    500     900     900     1000    300     600     100     700     400     0       0       500     300     
3214   1921 6300    3000    2000    2400    500     1100    2600    400     1700    100     300     100     400     200     500     500     600     1500    0       
3214   1922 2400    2100    900     0       0       700     400     0       0       0       0       0       500     100     100     200     0       200     1300    
3214   1923 2300    2800    0       2000    600     0       600     200     500     600     0       0       0       0       0       0       200     400     400     
3214   1924 -999999 1300    2200    500     700     1000    2400    0       100     200     400     100     500     0       500     700     0       1700    -999999 
3214   1925 4300    -999999 1300    -999999 400     700     1500    1000    0       0       100     300     0       500     200     200     400     900     700     
3214   1926 5200    3700    2500    1700    1000    1300    1500    700     300     700     0       300     0       500     800     900     300     300     400     
3214   1927 3600    1500    1400    700     600     700     1700    300     0       200     300     100     200     100     400     300     500     900     300     
3214   1928 -999999 -999999 -999999 -999999 -999999 -999999 -999999 -999999 -999999 -999999 -999999 -999999 -999999 -999999 -999999 -999999 -999999 -999999 -999999 
3214   1929 2200    -999999 1300    -999999 600     1000    300     200     100     300     0       300     400     100     500     0       300     0       0       
3214   1930 5200    2600    1500    600     1900    1200    1000    400     200     1700    100     100     400     700     100     100     0       900     500     
3214   1931 4300    1800    1000    600     400     500     2100    0       100     300     0       100     100     300     100     400     800     900     1200    
3214   1932 3100    4300    1200    2300    400     1000    400     700     400     300     0       100     500     500     0       100     100     200     200     
3214   1933 3500    500     1100    200     200     700     2300    0       0       0       200     0       300     0       400     200     1000    1100    300     
3214   1934 4900    4200    1800    1800    1100    1000    700     300     1200    300     100     700     300     400     300     0       200     500     600     
3214   1935 4900    2600    2900    1900    300     2200    800     500     800     0       100     200     200     900     1100    400     200     200     300     
3214   1936 -999999 -999999 -999999 -999999 -999999 -999999 -999999 -999999 -999999 -999999 -999999 -999999 -999999 -999999 -999999 -999999 -999999 -999999 -999999 
3214   1937 2400    -999999 1100    -999999 300     400     900     100     400     100     200     0       100     100     200     500     200     200     300     
3214   1938 5200    1700    3100    800     1400    1500    1800    300     200     500     500     400     400     800     300     700     200     900     0       
3214   1939 4200    1900    2100    700     800     900     1000    100     600     100     400     300     0       200     700     500     200     300     800     
3214   1940 2500    2800    800     1300    1300    400     100     200     300     1000    300     0       200     100     100     100     0       0       200     
3214   1941 3100    400     2500    400     1000    1300    600     200     0       0       400     600     500     400     400     200     200     200     0       
3214   1942 2600    600     1000    200     0       700     1000    200     0       0       0       0       0       500     200     300     200     500     700     
3214   1943 4100    2400    1600    800     1700    200     2000    0       100     900     600     200     0       100     100     600     900     500     100     
3214   1944 4200    3300    1800    1400    1000    1000    700     400     900     500     100     400     200     600     200     300     400     0       200     
3214   1945 4200    1300    2600    200     1900    1100    1000    0       0       700     900     300     500     400     200     300     400     300     200     
3214   1946 2500    900     1300    200     300     1000    700     0       0       0       200     100     100     500     400     0       300     400     500     
3214   1947 5100    2300    2000    1200    700     1100    2500    200     500     400     200     100     400     300     400     600     1400    500     100     
3214   1948 5600    3100    2800    600     1300    1700    1700    300     200     600     300     400     200     400     1100    400     700     600     400     
3214   1949 3300    2500    2000    1000    600     1000    1100    400     200     200     200     200     300     300     400     600     300     200     0       
3214   1950 3900    1400    2100    300     1500    900     1200    0       300     600     700     200     200     400     300     300     600     300     0       
3214   1951 4400    1000    1700    100     300     1200    2000    100     0       0       100     200     0       200     1000    200     800     1000    800     
3214   1952 3300    3000    2800    800     1000    1600    600     0       0       400     500     100     0       800     800     600     0       0       100     
3214   1953 3700    1200    1500    900     1200    500     500     300     500     300     400     500     300     0       200     100     300     100     700     
3214   1954 3600    2300    2100    1600    500     1800    300     200     700     300     200     0       300     900     600     100     100     100     100     
3214   1955 2900    600     1500    200     800     700     1300    0       100     200     100     500     300     0       400     200     800     300     0       
3214   1956 2200    1300    700     0       200     700     700     0       0       200     0       0       200     0       500     0       300     400     600     
3214   1957 3800    2500    2100    1400    1200    900     800     700     100     400     400     400     200     400     300     400     300     100     100     
3214   1958 1300    900     700     500     0       400     500     0       400     0       0       0       0       200     200     300     100     100     0       
3214   1959 6800    1900    3700    600     1700    2000    2400    200     400     1100    300     300     500     100     1400    1100    400     900     100     
3214   1960 2000    1700    1600    300     400     700     700     0       200     100     0       300     400     100     200     600     100     0       0       
3214   1961 3400    900     1400    500     500     700     1100    0       500     300     200     0       100     200     400     500     100     500     600     
3214   1962 5000    3400    2000    2700    600     1500    700     1200    900     100     200     300     500     300     700     0       400     300     100     
3214   1963 5100    3100    1200    1900    600     700     1400    1300    500     500     100     0       100     200     400     400     400     600     600     
3214   1964 2500    2800    900     1600    500     500     500     1000    0       200     200     100     200     100     200     100     200     200     0       
3214   1965 1700    600     900     100     400     300     900     0       100     100     200     100     0       200     100     300     600     0       0       
3214   1966 2200    900     1300    100     600     700     600     100     0       200     200     200     400     100     200     200     400     0       200     
3214   1967 3100    1000    1400    500     600     600     1300    0       300     100     300     200     300     300     0       300     500     500     300     
3214   1968 5500    2700    3300    900     2700    800     900     0       600     800     1200    700     200     300     300     600     200     100     500     
3214   1969 2300    1500    1000    1100    100     1000    400     600     0       100     0       0       0       100     900     0       100     300     200     
3214   1970 3400    1100    2100    400     500     1400    1000    200     0       300     100     100     400     900     100     500     100     400     300     
3214   1971 4200    1400    2000    300     1100    1000    2100    0       0       600     100     400     400     200     400     500     700     900     0       
3214   1972 3100    1800    1600    0       800     700     1300    0       0       200     500     100     100     500     100     300     1000    0       300     
3214   1973 2800    1700    2200    700     100     1500    800     300     100     0       0       100     400     600     500     600     200     0       0       
3214   1974 3400    1000    1800    800     700     1000    800     600     200     0       200     500     300     300     400     100     200     500     100     
3214   1975 5900    2200    2900    800     2400    1000    1100    600     100     700     800     900     800     100     100     200     600     300     700     
3214   1976 2200    2000    1400    1000    700     700     500     0       300     100     400     200     100     300     300     100     400     0       0       
3214   1977 2400    900     1500    200     1000    800     300     100     100     300     300     400     500     200     100     0       100     200     100     
3214   1978 4500    900     2100    500     900     1100    2100    0       400     100     600     200     300     200     600     200     500     1400    0       
3214   1979 3800    2700    1700    800     900     600     600     400     400     0       200     700     100     200     300     200     300     100     900     
3214   1980 3300    2400    2000    1800    600     1400    200     800     100     200     100     300     200     900     300     200     0       0       200     
3214   1981 3600    1100    1900    900     1000    1100    0       400     300     200     400     400     600     300     200     0       0       0       800     
3214   1982 2700    1500    1800    1500    1100    600     100     100     600     0       500     600     300     300     0       100     0       0       200     
3214   1983 5700    1100    3300    600     1100    600     3300    200     200     500     500     100     0       100     500     2100    300     900     300     
3214   1984 3500    3100    1800    1900    1000    600     200     1400    200     0       200     800     100     400     100     200     0       0       100     
3214   1985 3200    800     2200    600     1600    600     400     0       500     200     800     600     500     0       100     200     100     100     100     
3214   1986 4000    1400    2200    800     700     1500    800     400     300     400     0       300     400     500     600     400     100     300     300     
3214   1987 1900    1000    1200    600     300     800     500     0       300     0       300     0       100     100     600     100     400     0       0       
3214   1988 7100    1600    3200    1000    1100    1900    2000    400     600     200     200     700     700     1200    0       400     900     700     1100    
3214   1989 5600    5000    1800    2200    1600    1400    700     300     800     1200    0       400     700     400     300     0       200     500     800     
3214   1990 6700    3800    2500    1100    3000    1400    1700    0       300     2000    300     700     300     600     500     100     1400    200     300     
3214   1991 6300    3900    3100    2000    1200    2000    900     1700    0       300     500     400     200     800     1000    200     300     400     500     
3214   1992 6000    2700    3000    1500    1800    1200    1300    400     600     500     500     800     700     300     200     500     800     0       700     
3214   1993 4700    4000    1900    2700    1000    1100    500     1400    600     500     0       500     500     400     200     300     200     0       100     
3214   1994 4300    800     2100    400     900     800     2200    200     100     200     200     500     200     400     200     600     800     800     100     
3214   1995 6400    4100    2500    2100    1200    1300    1400    700     1300    400     100     700     800     200     300     400     800     200     500     
3214   1996 5900    2700    2900    1400    1100    1700    2000    300     600     300     300     500     700     700     300     400     600     1000    200     
3214   1997 7000    3700    3400    1800    2000    1500    1700    1000    600     300     600     1100    200     600     700     200     600     900     200     
3214   1998 6400    3000    4500    1000    900     3500    1000    200     600     500     300     100     900     1300    1300    600     200     200     200     
3214   1999 5300    2300    2200    1900    700     1300    700     1300    400     0       400     300     500     700     100     200     100     400     900     
3214   2000 3400    2300    2500    1700    1300    1100    200     600     200     100     400     800     400     300     400     200     0       0       0       
3214   2001 4800    800     2400    500     1100    1600    1300    400     100     300     300     500     500     900     200     0       500     800     300     
3214   2002 5800    3600    2900    1900    1700    1400    1100    400     1200    400     700     600     400     600     400     200     100     800     0       
3214   2003 6400    2900    3400    800     1800    2100    1000    300     500     1200    500     100     100     1200    800     700     100     200     700     
3214   2004 3700    2000    1700    1300    900     700     1400    500     100     400     200     300     0       500     200     500     100     800     100     
3214   2005 7300    1700    4600    600     2100    1600    2900    400     100     200     1400    500     800     200     600     1100    300     1500    200     
3214   2006 5900    2100    4500    200     1500    2200    1900    0       0       100     700     700     400     800     1000    900     100     900     300     
3214   2007 6900    3200    3500    1700    1800    1500    1500    1200    200     500     600     700     600     200     700     700     500     300     700     
3214   2008 9400    4000    4900    1700    2500    3400    2200    500     500     1500    500     500     1300    1200    900     500     1200    500     300     
3214   2009 7200    3900    4200    1500    2200    1700    1800    1200    0       700     700     800     900     600     200     1000    800     0       300     
3214   2010 7100    2000    4200    900     2100    2300    1400    400     200     300     400     1400    700     1000    600     100     300     1000    700     
3214   2011 8100    4300    4200    1600    2900    2700    1300    600     300     1400    800     700     400     1100    1200    0       1000    300     300     
3214   2012 6700    3400    4200    1800    1400    2300    1200    1400    100     300     200     900     1500    700     100     800     300     100     300     
3214   2013 7400    1700    3800    800     2200    1700    1600    300     200     500     600     1100    600     600     500     400     600     600     1400    
3214   2014 8600    4900    5000    2800    3200    2500    1000    0       1400    900     1100    1200    900     800     800     200     100     700     500     
3214   2015 8900    5300    2600    3500    1700    1800    1500    1500    1500    1000    300     400     500     700     600     100     500     900     900     
3214   2016 5600    4800    2300    2000    2800    700     600     1000    100     1400    1000    400     200     300     200     200     100     300     400     
3214   2017 9600    4800    5000    2300    3800    2700    1100    1300    600     2100    1100    600     700     800     1200    600     300     200     100     
3214   2018 9000    2200    3900    1300    1500    2300    2700    600     600     400     400     700     700     500     1100    500     900     1300    1300    
3214   2019 -999999 -999999 -999999 3000    -999999 -999999 -999999 800     900     -999999 1200    -999999 -999999 -999999 -999999 -999999 -999999 -999999 -999999 
