EUROPEAN CLIMATE ASSESSMENT & DATASET (ECA&D), file created on: 20-01-2022
THESE DATA CAN BE USED FOR NON-COMMERCIAL RESEARCH AND EDUCATION PROVIDED THAT THE FOLLOWING SOURCE IS ACKNOWLEDGED: 

Klein Tank, A.M.G. and Coauthors, 2002. Daily dataset of 20th-century surface
air temperature and precipitation series for the European Climate Assessment.
Int. J. of Climatol., 22, 1441-1453.
Data and metadata available at http://www.ecad.eu

FILE FORMAT (MISSING VALUE CODE = -999999):

THIS FILE HOLDS DATA FOR STATION PORTUGAL                                 PORTO                                    (STAID:    215)
LATITUDE: dd:mm:ss +41:07:59
LONGITUDE: ddd:mm:ss -008:36:00
ELEVATION: m   93

DATA IS FOR INDEX Days with TN > 90th percentile of daily min temp (warm nights) (TN90p) with unit 0.01 No of days

01-06 SOUID: Source identifier
08-11 YEAR : YYYY
13-20 ANNUAL DATA VALUES
21-28 WINTER HALF YEAR DATA VALUES
29-36 SUMMER HALF YEAR DATA VALUES
37-44 WINTER (DJF) DATA VALUES
45-52 SPRING (MAM) DATA VALUES
53-60 SUMMER (JJA) DATA VALUES
61-68 AUTUMN (SON) DATA VALUES
69-76 JANUARY DATA VALUES
etc. 
157-164 DECEMBER DATA VALUES

215    1941 2000    -999999 1300    -999999 300     400     600     300     400     0       300     0       300     100     0       600     0       0       0       
215    1942 3900    800     2000    100     1100    1400    1000    100     0       700     200     200     1300    100     0       200     400     400     300     
215    1943 3100    1900    1700    1100    1100    600     500     800     0       0       700     400     200     0       400     0       200     300     100     
215    1944 3900    800     3000    200     1400    1500    800     0       100     100     800     500     1000    0       500     200     0       600     100     
215    1945 5300    1200    2700    500     2200    600     1700    200     200     100     1500    600     600     0       0       0       700     1000    400     
215    1946 2700    2700    1100    800     800     500     700     400     0       200     600     0       200     200     100     0       500     200     300     
215    1947 3400    2700    1000    1000    1500    500     500     200     500     1000    500     0       200     100     200     0       100     400     200     
215    1948 4200    2000    2000    1300    900     1000    800     700     400     200     400     300     400     100     500     300     200     300     400     
215    1949 6600    1200    4900    500     1800    2400    2100    100     0       200     1300    300     400     900     1100    900     700     500     200     
215    1950 2500    2100    800     400     1000    300     1000    100     100     500     200     300     200     100     0       0       200     800     0       
215    1951 2500    1700    1300    300     1100    400     400     300     0       400     600     100     100     200     100     200     0       200     300     
215    1952 5000    1300    3000    600     2600    800     1000    0       300     500     500     1600    400     300     100     100     200     700     300     
215    1953 3900    1300    2300    300     1200    900     900     0       0       100     400     700     100     100     700     300     200     400     900     
215    1954 3200    2200    800     1200    800     300     1800    100     200     400     200     200     0       100     200     100     900     800     0       
215    1955 5200    3800    2100    1700    2100    200     700     1300    400     400     900     800     0       0       200     200     200     300     500     
215    1956 2600    1600    1800    1100    1400    400     200     500     100     0       700     700     400     0       0       0       200     0       0       
215    1957 3500    2600    1000    800     1700    400     600     0       800     1600    100     0       0       200     200     500     0       100     0       
215    1958 4000    1900    1700    1200    1600    400     400     400     800     600     500     500     0       200     200     300     100     0       400     
215    1959 4600    2100    2300    1300    1300    1300    600     900     0       700     200     400     400     300     600     400     100     100     500     
215    1960 3900    2100    1900    1500    1400    900     600     500     500     400     200     800     400     300     200     0       100     500     0       
215    1961 4800    1300    2900    500     1300    1600    700     100     400     200     300     800     700     600     300     200     200     300     700     
215    1962 4100    2400    1600    1200    1300    900     1000    500     0       700     500     100     600     0       300     100     900     0       400     
215    1963 2200    2200    700     900     600     400     700     500     0       400     100     100     100     200     100     100     100     500     0       
215    1964 4000    2000    2500    1000    1200    1300    500     200     800     400     100     700     400     500     400     400     100     0       0       
215    1965 3700    2000    600     400     2100    0       900     300     100     1500    300     300     0       0       0       0       700     200     300     
215    1966 6000    3900    2800    3000    1500    1200    600     1600    1100    0       1000    500     900     200     100     100     300     200     0       
215    1967 1800    1200    700     200     500     500     500     0       200     500     0       0       500     0       0       200     200     100     100     
215    1968 3000    1000    800     500     300     300     1700    0       400     200     0       100     100     100     100     400     1000    300     300     
215    1969 2800    2900    900     800     1000    700     600     400     100     800     200     0       300     400     0       0       500     100     0       
215    1970 3600    1800    1600    1200    500     600     1300    1100    100     0       0       500     100     200     300     500     100     700     0       
215    1971 1600    1100    1000    300     0       800     300     300     0       0       0       0       0       700     100     200     100     0       200     
215    1972 1800    500     600     400     0       600     800     0       200     0       0       0       0       300     300     0       0       800     200     
215    1973 1700    1000    1300    200     400     600     700     0       0       0       200     200     200     100     300     300     300     100     0       
215    1974 2700    2000    600     1200    700     300     0       1100    100     400     0       300     100     200     0       0       0       0       500     
215    1975 2400    1300    1400    1200    700     700     300     600     100     100     400     200     200     100     400     100     200     0       0       
215    1976 1900    300     1000    100     0       1000    400     0       100     0       0       0       200     600     200     0       200     200     400     
215    1977 2800    1900    300     1200    400     0       900     200     600     300     100     0       0       0       0       200     600     100     700     
215    1978 3400    2500    700     1700    300     200     400     200     800     100     100     100     200     0       0       300     100     0       1500    
215    1979 2700    3000    800     2700    300     700     400     200     1000    200     0       100     100     400     200     0       300     100     100     
215    1980 3300    1600    1600    700     1100    900     600     400     200     500     400     200     100     0       800     100     300     200     100     
215    1981 4900    1600    2700    100     1500    1800    800     0       0       1000    400     100     1000    500     300     400     400     0       800     
215    1982 2800    1700    1900    1200    1000    600     500     300     100     100     500     400     100     0       500     400     100     0       300     
215    1983 4700    1300    1900    800     1000    1200    1700    0       500     400     600     0       300     300     600     100     100     1500    300     
215    1984 4300    2600    2900    900     1700    1200    700     400     200     100     1600    0       800     100     300     100     0       600     100     
215    1985 4600    1700    2400    1000    1200    500     1600    100     800     100     600     500     0       500     0       800     200     600     400     
215    1986 3400    1500    2600    600     500     1200    1500    100     100     100     0       400     700     300     200     1000    500     0       0       
215    1987 8400    1700    5500    700     2000    2700    2400    500     200     500     900     600     400     600     1700    1300    400     700     600     
215    1988 5400    2700    2500    1500    1300    900     2200    600     300     100     800     400     500     100     300     400     700     1100    100     
215    1989 8600    2600    4700    100     1600    3100    2600    0       0       700     0       900     700     1000    1400    700     1100    800     1300    
215    1990 7300    4800    4600    2600    1500    2500    1500    100     1200    300     200     1000    300     1200    1000    900     300     300     500     
215    1991 5500    2300    3600    800     2300    1400    1300    300     0       900     100     1300    100     400     900     800     100     400     200     
215    1992 3500    1000    2100    400     1400    600     900     0       200     100     300     1000    100     200     300     200     100     600     400     
215    1993 4300    2000    2500    700     1300    1600    500     300     0       600     300     400     400     700     500     200     0       300     600     
215    1994 4800    2000    1800    1200    1100    1100    1200    500     100     500     300     300     800     100     200     100     500     600     800     
215    1995 11000   4400    5100    2600    2900    2600    2700    800     1000    700     600     1600    600     500     1500    300     1100    1300    1000    
215    1996 6400    5300    -999999 2000    1700    1800    1400    600     400     900     400     400     1000    600     200     300     600     500     500     
215    1997 -999999 -999999 -999999 1800    3100    2500    3400    300     1000    400     1800    900     700     900     900     800     1800    800     900     
215    1998 -999999 6400    -999999 2800    -999999 -999999 -999999 1600    300     1000    500     -999999 -999999 200     -999999 700     100     -999999 -999999 
215    1999 -999999 -999999 -999999 -999999 -999999 -999999 -999999 -999999 -999999 900     -999999 -999999 -999999 400     300     500     -999999 -999999 -999999 
