EUROPEAN CLIMATE ASSESSMENT & DATASET (ECA&D), file created on: 20-01-2022
THESE DATA CAN BE USED FOR NON-COMMERCIAL RESEARCH AND EDUCATION PROVIDED THAT THE FOLLOWING SOURCE IS ACKNOWLEDGED: 

Klein Tank, A.M.G. and Coauthors, 2002. Daily dataset of 20th-century surface
air temperature and precipitation series for the European Climate Assessment.
Int. J. of Climatol., 22, 1441-1453.
Data and metadata available at http://www.ecad.eu

FILE FORMAT (MISSING VALUE CODE = -999999):

THIS FILE HOLDS DATA FOR STATION UNITED KINGDOM                           PRESTWICK                                (STAID:   2113)
LATITUDE: dd:mm:ss +55:30:00
LONGITUDE: ddd:mm:ss -004:34:48
ELEVATION: m   20

DATA IS FOR INDEX Days with TN > 90th percentile of daily min temp (warm nights) (TN90p) with unit 0.01 No of days

01-06 SOUID: Source identifier
08-11 YEAR : YYYY
13-20 ANNUAL DATA VALUES
21-28 WINTER HALF YEAR DATA VALUES
29-36 SUMMER HALF YEAR DATA VALUES
37-44 WINTER (DJF) DATA VALUES
45-52 SPRING (MAM) DATA VALUES
53-60 SUMMER (JJA) DATA VALUES
61-68 AUTUMN (SON) DATA VALUES
69-76 JANUARY DATA VALUES
etc. 
157-164 DECEMBER DATA VALUES

2113   1960 4500    -999999 3800    -999999 2000    1700    200     200     400     100     1000    900     1100    200     400     200     0       0       0       
2113   1961 7200    2800    3400    1100    3500    600     1600    0       1100    1700    1400    400     400     100     100     1000    300     300     400     
2113   1962 1700    1300    800     700     500     200     700     100     200     0       100     400     100     0       100     100     300     300     0       
2113   1963 1700    800     900     0       500     400     700     0       0       200     300     0       200     0       200     200     300     200     100     
2113   1964 3900    900     2600    400     1200    900     1500    200     100     0       400     800     300     400     200     500     300     700     0       
2113   1965 1600    1300    800     100     700     300     500     100     0       200     300     200     0       0       300     0       500     0       0       
2113   1966 2500    1600    1100    900     300     800     400     400     500     200     0       100     500     100     200     200     100     100     100     
2113   1967 3000    1600    800     800     700     500     400     300     400     600     100     0       100     300     100     200     100     100     700     
2113   1968 3100    1700    1300    1300    700     600     1200    500     100     200     400     100     300     100     200     200     700     300     0       
2113   1969 3800    1500    2000    500     400     1400    1500    500     0       0       200     200     200     400     800     200     1100    200     0       
2113   1970 3100    1500    2600    200     900     1400    500     200     0       0       200     700     800     100     500     300     0       200     100     
2113   1971 5900    1500    1500    1200    700     500     2200    500     600     100     100     500     100     300     100     400     1000    800     1400    
2113   1972 2400    3900    1100    1700    1300    200     300     100     200     400     700     200     0       200     0       0       100     200     300     
2113   1973 3300    1600    1600    1200    300     800     1000    500     400     100     0       200     300     300     200     600     0       400     300     
2113   1974 2700    1700    900     1300    400     400     100     500     500     0       0       400     0       200     200     100     0       0       800     
2113   1975 5100    1900    2600    1900    500     2100    600     900     200     0       500     0       200     800     1100    0       600     0       800     
2113   1976 5800    3200    3400    2500    1000    2000    1100    1100    600     100     300     600     900     1100    0       500     200     400     0       
2113   1977 2600    900     1400    0       500     1000    1100    0       0       300     200     0       0       500     500     200     800     100     0       
2113   1978 4500    1700    1400    400     1200    500     2200    300     100     400     300     500     400     0       100     100     800     1300    200     
2113   1979 2500    2500    1300    300     300     600     1200    0       100     100     0       200     300     200     100     500     400     300     300     
2113   1980 4500    1800    2300    1100    300     1300    1600    0       800     0       200     100     300     500     500     700     200     700     500     
2113   1981 3600    2900    2000    1300    1500    800     500     300     500     700     200     600     200     0       600     400     0       100     0       
2113   1982 3900    1000    2800    800     1300    1300    500     400     400     100     500     700     500     200     600     300     0       200     0       
2113   1983 4900    1400    2400    600     600     2100    1100    600     0       600     0       0       200     1300    600     300     200     600     500     
2113   1984 3500    1700    2300    900     300     1700    900     200     200     0       100     200     600     500     600     300     100     500     200     
2113   1985 2600    1000    1600    400     800     500     500     0       200     0       600     200     0       500     0       300     200     0       600     
2113   1986 2600    900     1300    600     500     800     1100    0       0       100     0       400     400     400     0       100     300     700     200     
2113   1987 3100    1600    1300    500     600     800     400     100     200     100     500     0       100     500     200     0       100     300     1000    
2113   1988 4500    2200    2000    1600    700     1200    800     200     400     200     500     0       800     100     300     300     400     100     1200    
2113   1989 5700    4100    2900    3400    900     1700    900     1400    800     200     0       700     500     700     500     500     400     0       0       
2113   1990 6000    2600    2800    1200    1900    1600    1300    600     600     1000    300     600     100     500     1000    300     500     500     0       
2113   1991 6000    2000    4100    100     1900    2600    1300    0       100     900     500     500     200     1500    900     500     200     600     100     
2113   1992 7300    4100    3300    2100    2900    1200    1000    900     1100    1200    700     1000    700     500     0       400     0       600     200     
2113   1993 -999999 3500    -999999 2100    1600    -999999 -999999 500     1400    800     600     200     600     -999999 -999999 -999999 -999999 -999999 -999999 
2113   1994 -999999 -999999 -999999 -999999 -999999 500     -999999 -999999 -999999 -999999 -999999 -999999 100     400     -999999 -999999 -999999 1600    400     
2113   1995 -999999 -999999 -999999 -999999 -999999 -999999 -999999 -999999 -999999 -999999 -999999 -999999 -999999 -999999 -999999 -999999 -999999 -999999 -999999 
2113   1996 -999999 -999999 -999999 -999999 -999999 -999999 -999999 -999999 -999999 -999999 -999999 -999999 -999999 -999999 -999999 -999999 900     500     200     
2113   1997 10700   4700    5200    1500    3700    2700    2600    400     900     1800    1300    600     200     900     1600    600     900     1100    400     
2113   1998 8400    6200    3000    3100    2200    1400    1400    700     2000    1100    400     700     500     200     700     500     300     600     700     
2113   1999 9100    3600    5700    1700    3300    2100    2500    400     600     1000    1100    1200    200     1100    800     1300    300     900     200     
2113   2000 6100    4300    2400    1700    2200    1100    600     700     800     1400    300     500     400     100     600     500     0       100     700     
2113   2001 -999999 1800    3600    1200    1400    2100    -999999 100     400     500     200     700     500     1000    600     600     1500    -999999 -999999 
2113   2002 -999999 -999999 -999999 -999999 -999999 -999999 -999999 -999999 -999999 -999999 -999999 -999999 -999999 -999999 -999999 -999999 -999999 -999999 -999999 
2113   2003 -999999 -999999 -999999 -999999 -999999 -999999 -999999 -999999 -999999 -999999 -999999 -999999 -999999 -999999 -999999 -999999 -999999 -999999 -999999 
2113   2004 -999999 -999999 5700    -999999 2700    3000    1800    -999999 -999999 700     900     1100    1200    400     1400    700     0       1100    900     
2113   2005 8900    4700    4200    2300    2500    2100    2300    1000    400     1300    600     600     1200    500     400     900     800     600     600     
2113   2006 -999999 -999999 -999999 -999999 -999999 -999999 -999999 700     -999999 -999999 -999999 -999999 -999999 -999999 -999999 -999999 -999999 -999999 -999999 
