EUROPEAN CLIMATE ASSESSMENT & DATASET (ECA&D), file created on: 20-01-2022
THESE DATA CAN BE USED FOR NON-COMMERCIAL RESEARCH AND EDUCATION PROVIDED THAT THE FOLLOWING SOURCE IS ACKNOWLEDGED: 

Klein Tank, A.M.G. and Coauthors, 2002. Daily dataset of 20th-century surface
air temperature and precipitation series for the European Climate Assessment.
Int. J. of Climatol., 22, 1441-1453.
Data and metadata available at http://www.ecad.eu

FILE FORMAT (MISSING VALUE CODE = -999999):

THIS FILE HOLDS DATA FOR STATION GERMANY                                  WUPPERTAL-BUCHENHOFEN                    (STAID:   4791)
LATITUDE: dd:mm:ss +51:13:33
LONGITUDE: ddd:mm:ss +007:06:21
ELEVATION: m  130

DATA IS FOR INDEX Days with TN > 90th percentile of daily min temp (warm nights) (TN90p) with unit 0.01 No of days

01-06 SOUID: Source identifier
08-11 YEAR : YYYY
13-20 ANNUAL DATA VALUES
21-28 WINTER HALF YEAR DATA VALUES
29-36 SUMMER HALF YEAR DATA VALUES
37-44 WINTER (DJF) DATA VALUES
45-52 SPRING (MAM) DATA VALUES
53-60 SUMMER (JJA) DATA VALUES
61-68 AUTUMN (SON) DATA VALUES
69-76 JANUARY DATA VALUES
etc. 
157-164 DECEMBER DATA VALUES

4791   1936 3700    -999999 1600    -999999 1300    1200    400     500     200     1000    200     100     800     200     200     100     200     100     100     
4791   1937 5100    1500    3500    1100    1900    1600    600     500     500     100     800     1000    800     300     500     100     400     100     0       
4791   1938 6500    2200    3600    800     1200    2100    2200    600     200     900     0       300     800     100     1200    1200    200     800     200     
4791   1939 6600    3100    3700    1700    1200    2000    1700    1100    400     400     800     0       500     500     1000    900     0       800     200     
4791   1940 2400    1800    1400    400     1500    400     300     0       200     600     600     300     200     100     100     100     100     100     0       
4791   1941 3400    1400    1700    800     400     1700    100     300     500     400     0       0       600     1100    0       0       0       100     400     
4791   1942 4800    700     2900    400     800     1500    1800    0       0       200     300     300     100     400     1000    800     900     100     700     
4791   1943 3200    2200    2000    900     1200    800     1000    100     100     300     700     200     0       200     600     300     600     100     0       
4791   1944 -999999 1100    -999999 400     1100    -999999 -999999 300     100     0       700     400     0       0       -999999 0       0       -999999 0       
4791   1945 4300    -999999 2800    600     1900    1300    500     0       600     700     500     700     500     500     300     300     100     100     0       
4791   1946 2500    900     1800    300     1300    600     300     100     200     400     600     300     100     500     0       300     0       0       0       
4791   1947 6000    100     5500    0       1600    2700    1700    0       0       100     300     1200    1000    900     800     1300    0       400     0       
4791   1948 2400    1200    900     600     500     600     200     400     200     200     300     0       200     100     300     0       100     100     500     
4791   1949 1900    900     1400    700     800     100     700     100     100     0       800     0       0       100     0       500     100     100     100     
4791   1950 2700    1700    1100    800     800     800     300     200     500     700     0       100     400     200     200     200     100     0       100     
4791   1951 1500    600     700     400     100     300     700     200     100     100     0       0       0       0       300     400     0       300     100     
4791   1952 1700    500     1300    100     400     900     400     0       0       100     300     0       100     500     300     100     300     0       0       
4791   1953 3500    700     1800    300     900     1000    1000    100     200     100     200     600     700     200     100     0       500     500     300     
4791   1954 2700    1600    800     300     500     300     1500    0       0       300     100     100     300     0       0       300     600     600     400     
4791   1955 2300    1800    1500    400     500     1100    400     0       0       200     200     100     200     400     500     100     0       300     300     
4791   1956 2300    1000    700     500     700     100     400     100     100     200     200     300     0       100     0       100     300     0       900     
4791   1957 3700    3100    900     1900    900     700     1100    200     800     900     0       0       0       700     0       200     500     400     0       
4791   1958 3000    1900    1600    800     600     800     800     100     700     200     100     300     0       100     700     400     300     100     0       
4791   1959 2900    1000    2000    400     900     1300    200     400     0       200     600     100     200     600     500     0       0       200     100     
4791   1960 4100    1800    1400    1100    1400    400     1000    800     200     500     300     600     0       0       400     100     200     700     300     
4791   1961 3900    2200    2100    900     1600    300     1000    100     500     400     1000    200     200     100     0       600     400     0       400     
4791   1962 1800    1600    800     1100    400     200     500     600     100     100     200     100     100     100     0       300     200     0       0       
4791   1963 1600    200     800     0       400     300     900     0       0       0       200     200     100     100     100     100     0       800     0       
4791   1964 3100    1300    1900    400     1000    500     1000    0       400     100     400     500     300     200     0       500     0       500     200     
4791   1965 1500    1400    500     400     800     200     100     200     0       500     100     200     200     0       0       0       0       100     200     
4791   1966 4700    2000    1900    1700    1100    900     1100    400     1100    200     700     200     600     0       300     100     1000    0       100     
4791   1967 3400    2400    1200    900     800     600     1100    300     500     500     0       300     200     200     200     300     800     0       100     
4791   1968 3600    1500    2100    500     1200    900     1100    300     100     200     800     200     200     100     600     200     600     300     0       
4791   1969 3300    1400    2400    400     1000    1200    700     300     100     100     100     800     100     700     400     300     200     200     0       
4791   1970 2600    600     1300    100     600     500     1300    100     0       100     300     200     500     0       0       300     300     700     100     
4791   1971 2900    1400    1900    400     1200    700     200     200     100     0       200     1000    0       300     400     0       200     0       500     
4791   1972 2100    700     1200    500     200     1000    500     0       0       0       200     0       0       900     100     0       100     400     400     
4791   1973 2100    1100    1800    600     300     1100    500     100     100     0       0       300     600     200     300     400     0       100     0       
4791   1974 4100    1900    500     1300    500     200     700     900     400     500     0       0       0       0       200     300     0       400     1400    
4791   1975 5900    4000    3700    3200    800     2300    1000    1400    400     400     400     0       500     400     1400    1000    0       0       0       
4791   1976 5300    1500    3100    1500    500     2100    1200    1200    300     0       100     400     800     1200    100     500     500     200     0       
4791   1977 5100    2700    1500    1200    1200    1000    1300    300     900     800     200     200     700     200     100     100     600     600     400     
4791   1978 3400    2700    1400    800     1100    700     700     0       400     700     200     200     400     300     0       300     200     200     500     
4791   1979 3500    1000    1900    500     800     800     900     0       0       100     200     500     600     100     100     400     400     100     1000    
4791   1980 3300    2100    1700    1500    100     1400    1100    0       500     100     0       0       300     300     800     300     100     700     200     
4791   1981 5100    2700    2900    600     2700    1100    900     0       400     1300    700     700     300     300     500     400     0       500     0       
4791   1982 4700    1500    2800    800     800     1900    1100    500     300     200     200     400     800     600     500     300     400     400     100     
4791   1983 6300    2600    3600    1200    1300    2600    900     1100    0       600     600     100     600     1200    800     300     300     300     400     
4791   1984 2400    1200    1200    600     0       900     1300    200     0       0       0       0       100     400     400     300     400     600     0       
4791   1985 3800    1300    1900    100     1500    100     1000    0       100     200     700     600     100     0       0       500     400     100     1100    
4791   1986 4700    2200    2400    1500    900     1700    1200    400     0       200     100     600     1000    400     300     0       400     800     500     
4791   1987 5300    2300    2900    800     800     1400    1900    100     200     300     400     100     300     500     600     1000    500     400     900     
4791   1988 4600    2800    2300    1700    1700    400     1200    700     100     200     500     1000    0       300     100     400     400     400     500     
4791   1989 5700    3000    2500    1300    1800    1200    1300    500     300     900     400     500     0       700     500     400     700     200     600     
4791   1990 5500    4400    1600    2400    1300    1400    1000    700     1100    1100    0       200     200     200     1000    0       600     400     0       
4791   1991 4400    2700    2500    500     1500    1800    400     500     0       1200    200     100     100     1300    400     400     0       0       200     
4791   1992 4600    1400    3000    1100    1300    1700    700     300     600     300     100     900     300     600     800     300     0       400     0       
4791   1993 4500    1700    2700    1000    2300    600     300     900     100     300     900     1100    400     200     0       100     200     0       300     
4791   1994 8100    1900    4400    700     1800    3500    1600    300     100     1000    300     500     700     2000    800     100     200     1300    800     
4791   1995 6000    3500    3500    1800    1400    2200    1400    300     700     200     800     400     300     1300    600     100     900     400     0       
4791   1996 2600    1800    1700    400     700     1000    500     300     100     100     300     300     500     100     400     100     100     300     0       
4791   1997 5100    2200    2300    800     1400    1700    800     0       800     1000    200     200     400     0       1300    200     200     400     400     
4791   1998 6300    3800    2900    2200    2600    600     1000    800     1000    1000    900     700     300     100     200     700     300     0       300     
4791   1999 6600    2200    3900    1400    1300    1600    2300    900     200     500     500     300     100     900     600     1500    600     200     300     
4791   2000 8900    3100    4700    1600    3100    1300    2100    500     800     700     900     1500    600     100     600     1000    600     500     1100    
4791   2001 6100    3500    3000    1800    1600    2000    1400    200     500     600     400     600     300     700     1000    0       1300    100     400     
4791   2002 6800    4500    3000    2400    1300    2300    600     1000    1000    700     300     300     600     400     1300    100     100     400     600     
4791   2003 7300    2500    4900    1200    2100    3600    900     600     0       800     600     700     1500    700     1400    0       0       900     100     
4791   2004 5100    2300    2600    900     1200    1600    1400    0       800     500     500     200     300     200     1100    300     600     500     100     
4791   2005 8200    3700    4600    1300    2900    2100    2000    900     300     1300    700     900     900     1000    200     900     800     300     0       
4791   2006 9200    2000    5600    400     1700    3000    3300    100     300     500     400     800     800     2100    100     1400    1100    800     800     
4791   2007 6300    5300    3100    3200    1900    1400    200     1400    1000    200     800     900     800     300     300     0       100     100     400     
4791   2008 3200    1900    1700    1400    1300    700     200     700     300     300     100     900     200     200     300     0       0       200     0       
4791   2009 3600    300     2100    0       1300    900     1300    0       0       100     1200    0       200     400     300     0       100     1200    100     
4791   2010 3000    2200    1400    200     1000    1100    800     0       100     700     200     100     200     700     200     0       200     600     0       
4791   2011 3900    2100    1800    1000    1100    800     800     300     700     300     700     100     400     0       400     200     300     300     200     
4791   2012 4100    2200    2000    1100    1600    900     300     500     400     500     300     800     100     300     500     0       300     0       400     
4791   2013 3700    1300    2200    900     600     1500    900     500     0       100     500     0       600     600     300     200     600     100     200     
4791   2014 5300    2300    2600    1300    1600    1300    1000    600     500     300     800     500     300     1000    0       0       400     600     300     
4791   2015 4800    1600    1800    600     200     1500    1700    300     0       0       100     100     0       700     800     100     100     1500    1100    
4791   2016 5100    3900    3100    2200    1200    1400    1100    600     500     100     500     600     400     500     500     600     100     400     300     
4791   2017 4800    2100    2400    1000    1500    1300    800     0       700     600     100     800     500     400     400     200     400     200     500     
4791   2018 6300    1800    3700    1000    2000    1800    1200    500     0       200     600     1200    900     -999999 600     100     500     600     800     
4791   2019 4500    2400    2300    1000    400     1900    1600    100     100     300     100     0       700     600     600     300     900     400     400     
4791   2020 5500    3400    2200    1900    400     2000    1300    600     900     200     200     0       500     200     1300    0       700     600     300     
4791   2021 3900    2600    1600    1300    100     1200    800     200     800     0       0       100     1000    100     100     300     400     100     800     
