EUROPEAN CLIMATE ASSESSMENT & DATASET (ECA&D), file created on: 20-01-2022
THESE DATA CAN BE USED FOR NON-COMMERCIAL RESEARCH AND EDUCATION PROVIDED THAT THE FOLLOWING SOURCE IS ACKNOWLEDGED: 

Klein Tank, A.M.G. and Coauthors, 2002. Daily dataset of 20th-century surface
air temperature and precipitation series for the European Climate Assessment.
Int. J. of Climatol., 22, 1441-1453.
Data and metadata available at http://www.ecad.eu

FILE FORMAT (MISSING VALUE CODE = -999999):

THIS FILE HOLDS DATA FOR STATION NORWAY                                   MAKKAUR FYR                              (STAID:   2754)
LATITUDE: dd:mm:ss +70:42:02
LONGITUDE: ddd:mm:ss +030:04:05
ELEVATION: m    9

DATA IS FOR INDEX Days with TN > 90th percentile of daily min temp (warm nights) (TN90p) with unit 0.01 No of days

01-06 SOUID: Source identifier
08-11 YEAR : YYYY
13-20 ANNUAL DATA VALUES
21-28 WINTER HALF YEAR DATA VALUES
29-36 SUMMER HALF YEAR DATA VALUES
37-44 WINTER (DJF) DATA VALUES
45-52 SPRING (MAM) DATA VALUES
53-60 SUMMER (JJA) DATA VALUES
61-68 AUTUMN (SON) DATA VALUES
69-76 JANUARY DATA VALUES
etc. 
157-164 DECEMBER DATA VALUES

2754   1954 3400    -999999 1800    -999999 1200    900     0       600     100     300     600     300     100     700     100     0       0       0       600     
2754   1955 1400    1300    500     1300    0       200     500     400     300     0       0       0       100     0       100     300     0       200     0       
2754   1956 2700    1000    800     300     800     500     500     100     200     500     0       300     500     0       0       0       0       500     600     
2754   1957 3600    2000    1700    1400    800     900     1000    200     600     100     700     0       0       500     400     100     0       900     100     
2754   1958 2400    1300    900     300     200     500     1400    0       200     100     100     0       100     300     100     300     400     700     100     
2754   1959 5400    3900    1800    1700    2400    500     800     400     1200    1100    500     800     200     200     100     0       0       800     100     
2754   1960 6400    2200    4800    500     3200    1700    1000    300     100     900     900     1400    0       1200    500     800     0       200     100     
2754   1961 5700    1300    2000    900     200     1300    3200    500     300     200     0       0       700     300     300     700     1900    600     200     
2754   1962 2000    3100    500     600     400     0       1100    100     300     0       400     0       0       0       0       100     500     500     100     
2754   1963 4200    1600    3000    400     2200    500     900     300     0       200     400     1600    100     0       400     500     200     200     300     
2754   1964 4900    2500    1700    1200    1700    900     900     800     100     900     0       800     200     600     100     0       500     400     500     
2754   1965 1500    1800    900     900     400     300     400     200     200     0       400     0       0       0       300     200     100     100     0       
2754   1966 1900    300     1000    100     0       1000    600     100     0       0       0       0       300     400     300     0       0       600     200     
2754   1967 4200    1500    2400    500     800     1300    1800    0       300     400     300     100     400     200     700     700     100     1000    0       
2754   1968 1100    1200    600     0       200     400     100     0       0       100     100     0       100     0       300     100     0       0       400     
2754   1969 1200    700     300     400     300     100     700     0       0       300     0       0       0       0       100     200     400     100     100     
2754   1970 5800    1500    3100    1000    600     1900    1600    900     0       0       0       600     900     300     700     600     400     600     800     
2754   1971 1000    1900    700     900     100     200     400     100     0       0       0       100     0       100     100     400     0       0       200     
2754   1972 7500    1800    4700    1300    1400    3500    400     1100    0       500     400     500     1100    1200    1200    300     0       100     1100    
2754   1973 3300    2600    1800    2100    1100    1100    100     800     200     400     500     200     300     500     300     0       100     0       0       
2754   1974 6100    2100    3900    500     2500    2400    600     100     400     1500    700     300     600     1400    400     500     100     0       100     
2754   1975 3700    2200    1400    1500    1200    300     700     500     900     600     200     400     200     100     0       500     0       200     100     
2754   1976 3600    1300    1700    800     900     1100    300     100     600     300     200     400     0       500     600     0       0       300     600     
2754   1977 3900    1700    1000    900     700     600     1600    300     0       500     200     0       100     400     100     200     200     1200    700     
2754   1978 1500    2400    700     900     400     400     200     0       200     100     0       300     0       100     300     0       0       200     300     
2754   1979 2700    1400    1300    800     800     600     400     0       500     400     100     300     100     200     300     300     100     0       400     
2754   1980 3600    1800    1700    1700    600     800     900     500     800     0       300     300     100     100     600     300     400     200     0       
2754   1981 1200    600     700     0       200     400     400     0       0       0       200     0       200     100     100     100     100     200     200     
2754   1982 2800    1400    1200    1000    800     500     400     200     600     100     300     400     0       500     0       0       200     200     300     
2754   1983 4700    1700    3400    1000    1300    1500    1200    400     300     300     800     200     700     700     100     900     200     100     0       
2754   1984 5600    1400    2800    900     1800    800     1000    100     800     200     300     1300    400     300     100     400     300     300     1100    
2754   1985 2200    2300    1000    1300    400     700     800     200     0       400     0       0       300     200     200     300     200     300     100     
2754   1986 4700    2000    2000    500     1900    1100    1200    200     200     1000    200     700     700     100     300     0       200     1000    100     
2754   1987 3600    2200    600     800     400     200     2100    700     0       200     100     100     100     100     0       200     1800    100     200     
2754   1988 3500    2800    2100    900     200     900     1500    200     500     0       0       200     100     500     300     1000    500     0       200     
2754   1989 7700    2300    5300    1200    3100    2100    1100    900     100     600     1700    800     1300    100     700     700     0       400     400     
2754   1990 7200    3100    3600    2200    2100    1800    500     200     1600    500     1500    100     600     600     600     200     200     100     1000    
2754   1991 6200    3800    2500    3200    1400    1300    500     800     1400    300     900     200     400     200     700     100     200     200     800     
2754   1992 7100    4100    3300    2700    2100    800     1600    1100    800     1000    200     900     500     200     100     1400    200     0       700     
2754   1993 3300    2500    1100    1900    900     600     300     500     700     400     100     400     0       0       600     0       0       300     300     
2754   1994 4100    1300    3000    900     1700    1200    300     0       600     100     1300    300     100     200     900     200     0       100     300     
2754   1995 2700    1200    1300    1000    800     500     100     200     500     100     0       700     300     100     100     100     0       0       600     
2754   1996 4100    2200    1400    2000    400     1100    1000    1300    100     200     0       200     200     100     800     100     400     500     200     
2754   1997 4700    2500    2100    800     800     1100    1600    300     300     800     0       0       0       200     900     1000    100     500     600     
2754   1998 2100    1600    500     800     500     100     600     200     0       200     0       300     0       0       100     100     300     200     700     
2754   1999 4100    1700    2100    1100    500     900     2200    300     100     100     400     0       300     200     400     800     400     1000    100     
2754   2000 6700    2500    2200    1100    600     1200    3500    400     600     0       100     500     400     200     600     400     2000    1100    400     
2754   2001 6000    4500    3600    1400    800     1300    2000    900     100     0       400     400     700     300     300     1500    300     200     900     
2754   2002 5100    2500    3200    2000    1800    1400    600     900     200     0       1100    700     200     600     600     0       500     100     200     
2754   2003 7500    2500    4000    1400    2200    1700    2100    0       1200    500     1100    600     200     700     800     600     400     1100    300     
2754   2004 7700    3000    5100    700     2300    2800    1700    100     300     800     900     600     200     1600    1000    800     500     400     500     
2754   2005 -999999 -999999 -999999 -999999 -999999 -999999 -999999 -999999 600     -999999 -999999 -999999 -999999 -999999 -999999 -999999 1100    500     700     
2754   2006 -999999 -999999 3600    2400    -999999 1500    1300    1400    300     -999999 1000    800     600     200     700     300     0       1000    1100    
2754   2007 6300    3600    1400    1700    1300    600     2400    600     0       900     200     200     200     0       400     400     1700    300     1400    
2754   2008 2700    4900    400     2800    300     100     300     900     500     100     200     0       100     0       0       100     200     0       600     
2754   2009 2900    1300    1200    1100    500     200     1200    300     200     0       300     200     0       100     100     500     0       700     500     
2754   2010 2400    1400    1400    700     900     500     500     200     0       0       700     200     100     300     100     0       500     0       300     
2754   2011 7500    1300    4000    500     1800    1100    3400    100     100     300     1000    500     400     200     500     1400    700     1300    1000    
2754   2012 3100    3500    1300    1200    900     200     1700    100     100     300     100     500     0       200     0       500     500     700     100     
2754   2013 7100    2100    5400    900     1300    3100    1400    700     100     0       500     800     1100    700     1300    1000    400     0       500     
2754   2014 4800    2900    1000    1900    700     700     1500    400     1000    600     100     0       100     0       600     200     400     900     500     
2754   2015 7400    4000    3800    1300    3300    900     2000    500     300     1400    1300    600     100     0       800     1000    600     400     400     
2754   2016 9500    2700    5400    1000    3600    1400    3100    100     500     700     900     2000    100     800     500     1100    1500    500     800     
2754   2017 3700    4700    1300    2400    400     600     1100    600     1000    300     100     0       100     300     200     600     200     300     0       
2754   2018 6700    800     -999999 300     -999999 1700    2800    200     100     0       200     1000    200     600     900     900     300     1600    700     
2754   2019 4000    3200    2600    1300    1200    800     1000    300     300     0       1200    0       0       200     -999999 600     0       400     400     
2754   2020 -999999 2400    -999999 1500    -999999 -999999 -999999 400     700     500     -999999 -999999 -999999 -999999 -999999 -999999 -999999 900     700     
2754   2021 6600    -999999 3200    1900    1400    2100    1800    900     300     700     600     100     1000    300     800     400     700     700     100     
