EUROPEAN CLIMATE ASSESSMENT & DATASET (ECA&D), file created on: 20-01-2022
THESE DATA CAN BE USED FOR NON-COMMERCIAL RESEARCH AND EDUCATION PROVIDED THAT THE FOLLOWING SOURCE IS ACKNOWLEDGED: 

Klein Tank, A.M.G. and Coauthors, 2002. Daily dataset of 20th-century surface
air temperature and precipitation series for the European Climate Assessment.
Int. J. of Climatol., 22, 1441-1453.
Data and metadata available at http://www.ecad.eu

FILE FORMAT (MISSING VALUE CODE = -999999):

THIS FILE HOLDS DATA FOR STATION NORWAY                                   FISTER                                   (STAID:  19039)
LATITUDE: dd:mm:ss +59:10:36
LONGITUDE: ddd:mm:ss +006:04:05
ELEVATION: m    1

DATA IS FOR INDEX Days with TN > 90th percentile of daily min temp (warm nights) (TN90p) with unit 0.01 No of days

01-06 SOUID: Source identifier
08-11 YEAR : YYYY
13-20 ANNUAL DATA VALUES
21-28 WINTER HALF YEAR DATA VALUES
29-36 SUMMER HALF YEAR DATA VALUES
37-44 WINTER (DJF) DATA VALUES
45-52 SPRING (MAM) DATA VALUES
53-60 SUMMER (JJA) DATA VALUES
61-68 AUTUMN (SON) DATA VALUES
69-76 JANUARY DATA VALUES
etc. 
157-164 DECEMBER DATA VALUES

19039  1954 3100    -999999 1500    -999999 800     800     700     0       0       200     0       600     300     400     100     100     100     500     800     
19039  1955 2800    1600    1700    1000    0       1200    1300    0       200     0       0       0       100     500     600     500     500     300     100     
19039  1956 1400    1100    600     300     0       300     500     100     100     0       0       0       200     100     0       300     100     100     400     
19039  1957 2300    1600    700     800     1000    300     300     400     0       600     200     200     0       200     100     0       0       300     300     
19039  1958 3700    900     2400    600     0       1800    1500    200     100     0       0       0       400     600     800     600     500     400     100     
19039  1959 4900    2300    2000    500     1900    1000    1100    0       400     900     900     100     200     200     600     0       200     900     500     
19039  1960 4100    2400    2700    1100    1100    1000    1100    400     200     200     700     200     200     100     700     800     100     200     300     
19039  1961 4400    2100    2000    1200    1700    500     1300    100     800     600     800     300     200     300     0       400     900     0       0       
19039  1962 1200    1300    400     400     200     0       600     200     200     0       200     0       0       0       0       200     100     300     0       
19039  1963 1900    500     1200    0       500     600     600     0       0       100     300     100     200     100     300     200     100     300     200     
19039  1964 2300    1000    1300    600     700     600     400     100     300     0       500     200     100     200     300     0       100     300     200     
19039  1965 2000    1100    1400    400     500     600     700     200     0       300     100     100     100     200     300     600     100     0       0       
19039  1966 1900    400     1400    300     400     900     300     100     200     0       100     300     900     0       0       100     100     100     0       
19039  1967 3100    1200    1200    300     900     600     1100    0       300     700     0       200     0       300     300     400     100     600     200     
19039  1968 4500    1800    2800    400     1700    900     1700    200     0       700     700     300     400     200     300     900     500     300     0       
19039  1969 2800    1400    1800    600     300     1200    700     600     0       0       300     0       400     400     400     300     400     0       0       
19039  1970 3000    400     2100    0       300     1500    700     0       0       0       0       300     700     100     700     300     0       400     500     
19039  1971 4100    2000    1000    1600    300     600     900     500     600     0       100     200     200     200     200     100     300     500     1200    
19039  1972 4100    2500    2000    1500    1300    900     400     200     100     200     300     800     200     400     300     0       300     100     1200    
19039  1973 2900    3100    1300    2000    1000    900     200     500     300     700     0       300     200     600     100     100     0       100     0       
19039  1974 4700    2200    1700    2100    400     700     900     1300    800     0       200     200     400     0       300     600     0       300     600     
19039  1975 5400    2100    2700    1400    900     1900    1300    600     200     400     200     300     200     500     1200    300     700     300     500     
19039  1976 3200    2300    1800    1200    1000    900     600     100     600     100     300     600     200     500     200     0       300     300     0       
19039  1977 3700    1200    1100    100     900     600     1500    100     0       500     100     300     200     200     200     100     1100    300     600     
19039  1978 3600    3100    1600    1200    700     1300    800     200     400     500     100     100     400     500     400     100     200     500     200     
19039  1979 2800    1300    1300    200     1000    500     1000    0       0       400     400     200     400     0       100     200     700     100     300     
19039  1980 4300    1200    3300    400     200     2200    1200    0       100     0       200     0       900     500     800     900     0       300     600     
19039  1981 3600    1200    3000    800     1400    900     1100    0       200     100     200     1100    200     400     300     800     300     0       0       
19039  1982 4600    1000    2500    500     1000    1300    1400    200     300     200     500     300     500     200     600     400     400     600     400     
19039  1983 3800    2800    1700    1200    1100    1000    600     800     0       600     200     300     0       700     300     200     100     300     300     
19039  1984 5100    900     2600    500     1400    1200    1600    100     100     0       200     1200    500     300     400     0       300     1300    700     
19039  1985 2800    2700    1600    700     1300    600     600     0       0       400     600     300     0       400     200     100     500     0       300     
19039  1986 3000    1000    1500    300     800     900     800     0       0       200     100     500     300     500     100     0       100     700     500     
19039  1987 -999999 -999999 1100    -999999 100     900     1200    -999999 200     0       100     0       0       600     300     100     800     300     800     
19039  1988 5300    3300    3200    2100    1000    1600    1000    900     400     100     300     600     400     700     500     700     100     200     400     
19039  1989 7600    4200    2900    2900    2300    1100    1400    1600    900     1000    1000    300     600     300     200     500     300     600     300     
19039  1990 7400    5500    2400    3400    2000    1500    600     1300    1800    1200    400     400     600     300     600     100     400     100     200     
19039  1991 -999999 2500    -999999 900     2100    -999999 -999999 300     400     1100    1000    0       0       700     -999999 -999999 -999999 -999999 -999999 
