EUROPEAN CLIMATE ASSESSMENT & DATASET (ECA&D), file created on: 20-01-2022
THESE DATA CAN BE USED FOR NON-COMMERCIAL RESEARCH AND EDUCATION PROVIDED THAT THE FOLLOWING SOURCE IS ACKNOWLEDGED: 

Klein Tank, A.M.G. and Coauthors, 2002. Daily dataset of 20th-century surface
air temperature and precipitation series for the European Climate Assessment.
Int. J. of Climatol., 22, 1441-1453.
Data and metadata available at http://www.ecad.eu

FILE FORMAT (MISSING VALUE CODE = -999999):

THIS FILE HOLDS DATA FOR STATION SPAIN                                    DAROCA                                   (STAID:   3971)
LATITUDE: dd:mm:ss +41:06:52
LONGITUDE: ddd:mm:ss -001:24:38
ELEVATION: m  779

DATA IS FOR INDEX Days with TN > 90th percentile of daily min temp (warm nights) (TN90p) with unit 0.01 No of days

01-06 SOUID: Source identifier
08-11 YEAR : YYYY
13-20 ANNUAL DATA VALUES
21-28 WINTER HALF YEAR DATA VALUES
29-36 SUMMER HALF YEAR DATA VALUES
37-44 WINTER (DJF) DATA VALUES
45-52 SPRING (MAM) DATA VALUES
53-60 SUMMER (JJA) DATA VALUES
61-68 AUTUMN (SON) DATA VALUES
69-76 JANUARY DATA VALUES
etc. 
157-164 DECEMBER DATA VALUES

3971   1920 4500    -999999 2700    -999999 2100    800     400     200     800     300     800     1000    200     400     200     100     200     100     200     
3971   1921 2400    700     1300    300     200     1000    1000    100     0       100     0       100     200     300     500     200     400     400     100     
3971   1922 2800    1400    1700    400     1500    400     500     100     200     200     600     700     100     100     200     0       300     200     100     
3971   1923 2900    900     1200    100     800     700     1400    0       0       300     0       500     0       300     400     0       900     500     0       
3971   1924 4300    2200    2500    100     2300    700     900     100     0       700     300     1300    100     500     100     200     300     400     300     
3971   1925 1400    1000    900     300     200     600     300     0       0       0       200     0       0       100     500     100     100     100     300     
3971   1926 2200    1100    1300    700     400     1000    400     100     300     200     100     100     100     500     400     100     200     100     0       
3971   1927 3300    900     2100    200     800     1300    700     0       200     400     100     300     200     800     300     400     200     100     300     
3971   1928 3700    1300    2900    800     300     2500    400     200     300     200     0       100     200     1700    600     300     0       100     0       
3971   1929 3200    100     1800    0       300     1400    1000    0       0       0       200     100     0       1200    200     100     100     800     500     
3971   1930 3800    2200    1400    800     700     900     1400    300     0       500     100     100     100     100     700     300     700     400     500     
3971   1931 -999999 3100    -999999 1200    -999999 1800    900     700     0       800     300     -999999 800     500     500     0       500     400     0       
3971   1932 3400    1500    2000    200     1100    1000    600     200     0       400     200     500     100     400     500     300     100     200     500     
3971   1933 3500    1300    2600    600     1400    1300    700     0       100     400     600     400     100     300     900     300     400     0       0       
3971   1934 3400    1000    1900    400     900     700     600     400     0       200     200     500     400     300     0       500     100     0       800     
3971   1935 4500    1800    2300    1400    600     1100    1000    200     400     300     200     100     700     200     200     900     100     0       1200    
3971   1936 4700    4200    1700    3400    1300    700     500     1200    1000    700     600     0       0       200     500     400     0       100     0       
3971   1937 -999999 1700    -999999 1300    900     -999999 -999999 700     600     300     100     500     300     -999999 -999999 -999999 -999999 700     100     
3971   1938 1900    -999999 1400    100     100     900     900     0       0       0       0       100     500     0       400     400     100     400     0       
3971   1939 2400    1300    1000    700     200     600     900     700     0       100     100     0       100     300     200     300     300     300     0       
3971   1940 4500    2700    1600    1100    2000    600     700     600     500     1000    600     400     200     200     200     0       300     400     100     
3971   1941 3100    1700    1700    700     500     1000    900     100     500     300     200     0       100     400     500     500     0       400     100     
3971   1942 4600    1500    2800    400     1800    1300    1200    300     0       700     700     400     600     400     300     400     700     100     0       
3971   1943 4600    1900    2700    1000    1000    1300    1100    900     100     100     500     400     400     300     600     500     200     400     200     
3971   1944 3100    1000    2500    300     900     1400    600     0       100     100     500     300     100     500     800     300     0       300     100     
3971   1945 5000    400     3200    100     1300    1100    2100    0       0       0       300     1000    600     300     200     800     700     600     500     
3971   1946 2100    1800    1300    500     100     1100    900     0       0       0       100     0       600     300     200     100     600     200     0       
3971   1947 6300    2200    4400    400     2700    2200    900     100     300     1000    700     1000    700     900     600     500     200     200     100     
3971   1948 2300    1000    1400    500     200     1100    500     300     100     100     100     0       300     200     600     200     100     200     100     
3971   1949 4600    400     3800    100     700     2300    1400    0       0       0       300     400     600     700     1000    800     400     200     200     
3971   1950 4500    800     3600    200     500     2500    1500    0       0       0       200     300     600     1200    700     600     300     600     0       
3971   1951 3900    1800    2100    200     1100    1400    700     0       200     700     200     200     800     400     200     300     200     200     500     
3971   1952 5600    2000    2700    800     1800    1700    1300    200     100     800     700     300     800     300     600     0       600     700     500     
3971   1953 2900    1900    1700    500     1200    600     600     0       0       100     300     800     0       400     200     0       200     400     500     
3971   1954 2500    1400    1300    600     800     500     1100    0       100     200     200     400     300     0       200     200     200     700     0       
3971   1955 5600    3100    2100    1800    800     1600    800     1500    300     400     100     300     600     600     400     100     200     500     600     
3971   1956 1400    1700    900     1000    500     300     200     400     0       0       400     100     0       200     100     100     100     0       0       
3971   1957 2600    1300    1200    500     1000    800     300     0       500     700     100     200     0       500     300     100     200     0       0       
3971   1958 5800    1900    3400    900     1700    1100    1700    200     700     800     0       900     100     400     600     1400    300     0       400     
3971   1959 3700    1900    1800    800     1300    1100    500     400     0       800     400     100     300     700     100     200     300     0       400     
3971   1960 4700    2100    2700    1400    1500    1400    700     500     500     400     200     900     800     0       600     200     200     300     100     
3971   1961 4900    1200    3000    700     1500    900     1000    300     300     0       1000    500     400     200     300     600     200     200     900     
3971   1962 5300    2700    2900    1500    1900    1400    1100    600     0       800     700     400     500     400     500     400     700     0       300     
3971   1963 2300    2000    400     600     900     200     800     300     0       700     100     100     0       200     0       0       100     700     100     
3971   1964 5200    2500    3600    800     2400    800     1300    0       700     900     200     1300    200     400     200     1300    0       0       0       
3971   1965 4000    500     2100    200     1000    1400    800     200     0       300     200     500     1000    200     200     0       500     300     600     
3971   1966 3900    2900    1900    2100    500     1000    700     600     900     0       200     300     400     100     500     400     300     0       200     
3971   1967 3200    1200    1400    400     600     1200    1200    0       200     500     0       100     100     600     500     100     700     400     0       
3971   1968 3800    1600    2100    400     900     800     1500    100     300     100     600     200     300     500     0       500     600     400     200     
3971   1969 3400    2500    1500    800     1700    500     300     500     100     700     400     600     0       200     300     0       200     100     300     
3971   1970 3200    1900    1400    1500    200     1100    700     1100    100     100     0       100     200     400     500     200     100     400     0       
3971   1971 1300    600     1000    100     300     500     400     100     0       0       200     100     0       0       500     200     200     0       0       
3971   1972 1600    400     600     0       500     300     800     0       0       200     200     100     0       0       300     0       300     500     0       
3971   1973 3000    900     2300    100     900     700     1300    100     0       0       300     600     200     100     400     700     100     500     0       
3971   1974 3400    1400    2000    600     900     1000    700     500     100     200     0       700     400     100     500     300     0       400     200     
3971   1975 1700    1000    900     500     400     400     600     300     0       100     300     0       100     100     200     200     300     100     0       
3971   1976 2500    600     1300    100     500     500     500     0       100     100     200     200     100     200     200     400     100     0       900     
3971   1977 2700    2400    400     2200    500     0       500     400     900     100     400     0       0       0       0       0       400     100     400     
3971   1978 3500    2400    700     1700    400     500     100     0       1300    200     100     100     200     200     100     0       100     0       1200    
3971   1979 4300    3200    1300    2800    800     500     1200    600     1000    300     200     300     100     200     200     300     900     0       200     
3971   1980 2800    2200    1500    700     600     900     700     500     0       600     0       0       0       200     700     600     100     0       100     
3971   1981 5000    1500    2400    300     2100    1000    700     100     100     1100    500     500     700     300     0       400     300     0       1000    
3971   1982 3400    2200    1800    1600    400     1500    400     600     0       300     100     0       800     700     0       200     100     100     500     
3971   1983 6100    1100    3600    900     700     2500    2200    0       400     0       400     300     1100    1300    100     400     300     1500    300     
3971   1984 3100    2900    1500    900     900     700     900     400     200     200     600     100     100     500     100     100     200     600     0       
3971   1985 4200    2000    1900    1000    700     1300    900     200     800     200     300     200     600     600     100     100     300     500     300     
3971   1986 4400    1800    2900    800     1600    1100    1200    0       500     200     100     1300    400     400     300     400     600     200     0       
3971   1987 5400    2200    2600    800     1400    1400    1300    500     300     600     700     100     300     300     800     400     500     400     500     
3971   1988 4200    2800    2000    1700    1500    600     900     1000    200     200     900     400     100     100     400     100     300     500     0       
3971   1989 4700    1500    1100    200     700     900     1400    0       200     500     0       200     200     300     400     0       200     1200    1500    
3971   1990 4400    3900    2600    2300    400     2100    900     300     500     200     0       200     700     700     700     300     400     200     200     
3971   1991 4400    2200    2600    700     1000    1900    800     500     0       900     0       100     500     500     900     600     0       200     200     
3971   1992 3300    600     1900    300     1100    800     700     100     0       100     100     900     100     200     500     100     300     300     600     
3971   1993 2700    1400    1800    700     300     1400    800     0       100     100     100     100     300     500     600     200     300     300     100     
3971   1994 5600    1900    3200    900     1100    2400    1000    400     400     400     0       700     300     1200    900     100     400     500     300     
3971   1995 5700    2300    2000    1300    900     1100    2000    300     700     100     0       800     400     600     100     100     900     1000    700     
3971   1996 4900    4000    2200    1600    1500    1200    600     800     100     500     300     700     900     300     0       0       100     500     700     
3971   1997 6400    2400    3400    1800    1600    1500    1900    600     500     0       600     1000    700     100     700     300     1000    600     300     
3971   1998 3400    3100    1900    700     1100    1100    800     300     100     800     200     100     500     300     300     500     100     200     0       
3971   1999 3700    800     2300    100     1400    1100    700     100     0       400     100     900     200     300     600     200     500     0       400     
3971   2000 4100    1200    2800    600     700     1900    800     0       200     100     200     400     700     500     700     300     200     300     500     
3971   2001 7300    4300    2900    1900    2800    1700    1400    1000    400     1900    500     400     600     300     800     300     1100    0       0       
3971   2002 5000    1900    2400    400     600     1800    1300    200     200     400     0       200     1300    300     200     400     400     500     900     
3971   2003 6800    3200    4500    1700    1400    3400    1100    600     200     600     500     300     1900    500     1000    300     400     400     100     
3971   2004 4200    1300    2800    500     100     1900    1700    400     0       0       0       100     800     400     700     800     900     0       100     
3971   2005 6400    1800    4100    100     2300    2200    1600    0       0       800     500     1000    1200    500     500     400     1000    200     300     
3971   2006 7800    2900    3600    700     2200    1700    3300    300     100     1000    100     1100    800     900     0       700     1300    1300    200     
3971   2007 3800    3800    2600    900     1300    1400    300     0       700     300     400     600     500     400     500     200     0       100     100     
3971   2008 3800    900     2600    700     1200    1100    800     200     400     100     300     800     300     300     500     400     400     0       100     
3971   2009 6200    700     4100    300     900     2900    1500    200     0       0       0       900     900     900     1100    300     500     700     700     
3971   2010 5400    3300    3300    1700    1200    2100    800     500     500     400     600     200     300     800     1000    400     300     100     300     
3971   2011 4300    1400    3000    900     1200    1600    800     500     100     100     600     500     600     100     900     300     100     400     100     
3971   2012 5800    600     3900    100     1200    2400    1700    0       0       0       200     1000    1000    200     1200    300     1000    400     500     
3971   2013 5200    3300    2100    1000    1600    1200    1800    400     100     900     400     300     400     300     500     200     1000    600     100     
3971   2014 4800    3000    2700    1200    1000    1300    1400    700     400     200     500     300     400     300     600     600     200     600     0       
3971   2015 4700    1500    3300    500     1100    2200    800     100     400     200     200     700     500     1000    700     200     600     0       100     
3971   2016 4000    2200    2100    1600    400     1000    1000    900     600     0       100     300     200     500     300     700     300     0       100     
3971   2017 4200    700     3500    400     900     2600    300     200     100     0       0       900     1700    200     700     0       0       300     100     
3971   2018 2700    1600    1200    800     1200    300     500     500     200     500     300     400     0       100     200     200     200     100     0       
3971   2019 4300    700     2100    100     600     1700    1500    100     0       300     100     200     900     600     200     100     500     900     400     
3971   2020 4400    3000    2800    1200    2500    600     400     400     400     400     1200    900     300     100     200     100     200     100     100     
3971   2021 4200    1400    2300    1000    800     1100    900     500     400     100     200     500     600     200     300     500     300     100     500     
