EUROPEAN CLIMATE ASSESSMENT & DATASET (ECA&D), file created on: 20-01-2022
THESE DATA CAN BE USED FOR NON-COMMERCIAL RESEARCH AND EDUCATION PROVIDED THAT THE FOLLOWING SOURCE IS ACKNOWLEDGED: 

Klein Tank, A.M.G. and Coauthors, 2002. Daily dataset of 20th-century surface
air temperature and precipitation series for the European Climate Assessment.
Int. J. of Climatol., 22, 1441-1453.
Data and metadata available at http://www.ecad.eu

FILE FORMAT (MISSING VALUE CODE = -999999):

THIS FILE HOLDS DATA FOR STATION NORWAY                                   OSLO BLINDERN                            (STAID:    193)
LATITUDE: dd:mm:ss +59:56:34
LONGITUDE: ddd:mm:ss +010:43:14
ELEVATION: m   94

DATA IS FOR INDEX Days with TN > 90th percentile of daily min temp (warm nights) (TN90p) with unit 0.01 No of days

01-06 SOUID: Source identifier
08-11 YEAR : YYYY
13-20 ANNUAL DATA VALUES
21-28 WINTER HALF YEAR DATA VALUES
29-36 SUMMER HALF YEAR DATA VALUES
37-44 WINTER (DJF) DATA VALUES
45-52 SPRING (MAM) DATA VALUES
53-60 SUMMER (JJA) DATA VALUES
61-68 AUTUMN (SON) DATA VALUES
69-76 JANUARY DATA VALUES
etc. 
157-164 DECEMBER DATA VALUES

193    1937 3600    -999999 2100    -999999 1400    700     900     600     0       100     1000    300     0       100     600     100     600     200     0       
193    1938 5500    2000    2300    200     1400    1300    1600    0       200     1000    400     0       0       700     600     600     200     800     1000    
193    1939 4300    2900    2900    1800    200     2500    800     300     500     100     100     0       600     500     1400    300     0       500     0       
193    1940 1800    700     1000    200     300     700     600     0       200     0       0       300     100     600     0       0       100     500     0       
193    1941 1700    600     1400    0       100     1300    100     0       0       0       0       100     100     1200    0       0       0       100     200     
193    1942 3500    600     1500    400     400     900     700     100     100     100     200     100     0       100     800     300     100     300     1300    
193    1943 3900    2800    2200    1800    1300    1300    700     0       500     600     600     100     200     800     300     200     300     200     100     
193    1944 2800    700     1300    200     0       1200    700     100     0       0       0       0       0       300     900     100     600     0       800     
193    1945 4300    2000    3000    1200    1100    2100    200     0       400     200     800     100     100     800     1200    0       200     0       500     
193    1946 3600    900     2000    700     1200    500     1100    100     100     0       1000    200     0       500     0       300     0       800     600     
193    1947 5400    1500    4900    700     500     3400    1300    100     0       0       0       500     1100    1100    1200    1000    200     100     100     
193    1948 3900    900     2300    500     1700    100     800     300     100     100     1200    400     0       100     0       600     100     100     900     
193    1949 7000    2700    3700    2500    1400    900     2900    800     800     0       900     500     0       600     300     1400    600     900     200     
193    1950 2800    2200    1900    200     1800    600     100     0       0       500     500     800     100     0       500     0       100     0       300     
193    1951 4300    1000    2100    900     100     1100    1400    0       600     0       0       100     100     100     900     900     0       500     1100    
193    1952 1800    1900    1200    1400    1000    200     100     300     0       0       800     200     0       200     0       0       100     0       200     
193    1953 6100    1000    2500    500     1100    1600    1700    0       300     400     400     300     1100    300     200     200     1000    500     1400    
193    1954 3300    3100    1500    1600    300     700     900     200     0       0       100     200     0       400     300     500     200     200     1200    
193    1955 4800    2100    3500    1700    100     2800    1100    300     200     0       100     0       0       1500    1300    600     400     100     300     
193    1956 1500    800     900     300     200     700     200     0       0       0       100     100     400     300     0       0       200     0       400     
193    1957 3000    1500    1100    900     600     900     400     400     100     400     200     0       100     700     100     0       0       400     600     
193    1958 2700    1000    1500    600     0       1100    1300    0       0       0       0       0       300     600     200     400     800     100     300     
193    1959 6200    2100    2800    700     1400    1800    1200    0       400     500     600     300     100     500     1200    100     100     1000    1400    
193    1960 4300    3700    2200    2200    1000    700     1100    800     0       400     100     500     100     0       600     900     0       200     700     
193    1961 4800    2600    1500    1200    1900    300     2100    100     400     1200    400     300     100     100     100     500     1300    300     0       
193    1962 1500    2400    200     800     200     0       500     400     400     0       200     0       0       0       0       0       300     200     0       
193    1963 2400    500     1600    0       700     800     300     0       0       0       0       700     300     100     400     100     200     0       600     
193    1964 2200    1300    1400    1100    800     300     300     400     100     0       600     200     0       0       300     300     0       0       300     
193    1965 2000    900     1000    800     500     400     600     400     100     100     400     0       0       100     300     200     400     0       0       
193    1966 2900    800     1700    0       500     1400    900     0       0       400     0       100     900     500     0       200     600     100     100     
193    1967 3900    2100    1800    500     1600    800     1100    100     300     900     500     200     0       300     500     300     400     400     0       
193    1968 3200    1200    2700    0       1300    1000    900     0       0       400     700     200     100     300     600     800     0       100     0       
193    1969 3600    300     2600    200     0       2000    1200    200     0       0       0       0       800     400     800     600     500     100     200     
193    1970 2800    800     2000    200     400     1300    800     0       0       0       0       400     900     100     300     300     0       500     300     
193    1971 4800    2700    1400    2200    700     600     600     1300    600     0       300     400     300     300     0       100     200     300     1000    
193    1972 3900    1500    2300    1000    900     1400    200     0       0       0       400     500     500     700     200     0       100     100     1400    
193    1973 3600    4100    900     2900    1100    700     200     800     700     1000    100     0       100     600     0       100     0       100     100     
193    1974 4900    1800    2400    1600    1000    900     1000    600     900     100     600     300     500     0       400     600     0       400     500     
193    1975 4800    1500    2800    1100    700     1600    1500    600     0       0       100     600     200     300     1100    500     500     500     400     
193    1976 2800    1800    1900    700     400     1600    300     0       300     100     100     200     300     600     700     0       100     200     200     
193    1977 4000    1400    1900    300     1100    1500    1100    100     0       800     0       300     500     700     300     100     600     400     200     
193    1978 3200    2000    1200    400     1100    700     1200    0       200     600     0       500     400     100     200     0       100     1100    0       
193    1979 2200    1400    1000    0       400     600     900     0       0       200     200     0       300     0       300     200     500     200     300     
193    1980 3600    1000    3200    300     700     1800    800     0       0       0       200     500     700     500     600     700     0       100     300     
193    1981 3500    700     2900    600     1300    700     1200    100     200     0       300     1000    0       300     400     900     300     0       0       
193    1982 4100    900     2500    400     400     1600    1400    0       400     200     200     0       200     800     600     700     100     600     300     
193    1983 4800    2300    2600    1200    1400    800     1400    900     0       400     700     300     100     700     0       800     300     300     300     
193    1984 5300    1000    2900    400     2200    700     1100    100     0       0       700     1500    300     0       400     0       500     600     1200    
193    1985 1100    2300    400     1200    100     300     500     0       0       0       0       100     0       100     200     0       500     0       200     
193    1986 3300    700     1100    200     300     800     1400    0       0       0       100     200     200     600     0       0       200     1200    800     
193    1987 1300    2200    600     800     300     300     400     0       0       0       300     0       0       300     0       0       300     100     300     
193    1988 5500    2700    3400    2300    1000    2100    300     1300    700     0       400     600     1100    700     300     300     0       0       100     
193    1989 7500    4600    2200    3100    2300    900     1200    1300    1700    1500    700     100     400     400     100     500     200     500     100     
193    1990 9100    5500    2700    3500    2900    1100    800     1100    2300    1300    900     700     0       500     600     0       400     400     900     
193    1991 5400    2800    3000    1400    1600    1700    1000    200     300     600     1000    0       0       900     800     300     100     600     600     
193    1992 5000    3500    2100    1700    2000    900     400     500     600     1100    200     700     600     300     0       300     0       100     600     
193    1993 3100    2000    1500    1600    1700    100     200     700     300     300     500     900     100     0       0       0       200     0       100     
193    1994 3500    500     2900    200     1000    2000    200     100     0       100     600     300     0       1100    900     0       0       200     200     
193    1995 6200    1900    3000    1200    1000    2000    2000    400     600     500     400     100     500     200     1300    500     1200    300     200     
193    1996 3300    2400    1700    900     400     1300    600     700     0       0       200     200     0       0       1300    0       400     200     300     
193    1997 8100    2600    5100    1300    1400    3800    1200    300     700     700     600     100     500     1000    2300    600     200     400     700     
193    1998 5700    4300    1900    3200    1600    0       1000    1200    1300    500     700     400     0       0       0       800     100     100     600     
193    1999 6200    2000    3500    1500    1200    600     3100    800     100     300     900     0       100     400     100     2000    200     900     400     
193    2000 9100    2700    2400    1500    1500    800     4100    500     600     100     1000    400     0       600     200     200     1600    2300    1600    
193    2001 5500    6900    2800    2700    900     1500    1700    900     200     300     300     300     0       700     800     700     900     100     300     
193    2002 8000    3200    6000    1800    2100    3600    800     500     1000    400     1000    700     500     1100    2000    700     0       100     0       
193    2003 5800    900     3500    700     200     2500    1400    600     100     100     100     0       500     1200    800     900     0       500     1000    
193    2004 5300    2100    4200    1100    2700    1700    400     0       100     500     1600    600     100     200     1400    300     0       100     400     
193    2005 7300    2000    3800    1700    1600    1800    2500    1100    200     200     1000    400     100     1000    700     600     800     1100    100     
193    2006 10300   2500    6100    600     1100    3500    3800    300     200     0       200     900     200     1800    1500    1500    1300    1000    1400    
193    2007 6700    5800    3500    2400    2200    2300    500     700     300     1100    1000    100     600     300     1400    100     400     0       700     
193    2008 7100    4200    2800    3100    2000    1400    800     900     1500    700     1000    300     300     700     400     100     400     300     500     
193    2009 5000    1600    3000    800     1400    1400    1300    300     0       100     1200    100     400     500     500     300     0       1000    600     
193    2010 4700    1900    4000    600     1400    2400    900     0       0       300     400     700     100     1400    900     500     400     0       0       
193    2011 8100    1000    5100    300     2300    2300    2400    200     100     300     1700    300     500     900     900     800     300     1300    800     
193    2012 5900    4200    3000    1400    2500    1400    900     300     300     1200    400     900     0       800     600     300     0       600     500     
193    2013 5500    1200    3100    600     1500    900     1600    100     0       0       100     1400    100     400     400     700     600     300     1400    
193    2014 10700   6200    4000    3900    2900    2100    2900    900     1600    1400    600     900     200     1600    300     400     900     1600    300     
193    2015 6100    5500    2000    1900    1700    700     1000    700     900     1100    500     100     0       300     400     700     0       300     1100    
193    2016 7800    3200    4700    2100    2100    1900    2000    500     500     800     1100    200     800     600     500     1500    0       500     800     
193    2017 3900    2800    1900    1500    1700    400     900     300     400     800     600     300     0       200     200     600     200     100     200     
193    2018 9000    700     6300    400     1800    3700    2800    200     0       0       700     1100    1000    2200    500     800     600     1400    500     
193    2019 6800    4200    3300    1700    2000    1600    600     200     1000    500     1000    500     200     700     700     200     0       400     1400    
193    2020 12100   5800    3700    4100    2100    2100    3200    1600    1100    1300    700     100     1200    0       900     800     1000    1400    2000    
193    2021 7300    5800    3900    2900    900     2900    2200    300     600     500     100     300     500     1900    500     600     1000    600     400     
