EUROPEAN CLIMATE ASSESSMENT & DATASET (ECA&D), file created on: 20-01-2022
THESE DATA CAN BE USED FOR NON-COMMERCIAL RESEARCH AND EDUCATION PROVIDED THAT THE FOLLOWING SOURCE IS ACKNOWLEDGED: 

Klein Tank, A.M.G. and Coauthors, 2002. Daily dataset of 20th-century surface
air temperature and precipitation series for the European Climate Assessment.
Int. J. of Climatol., 22, 1441-1453.
Data and metadata available at http://www.ecad.eu

FILE FORMAT (MISSING VALUE CODE = -999999):

THIS FILE HOLDS DATA FOR STATION FRANCE                                   GROISY SAPC                              (STAID:  21577)
LATITUDE: dd:mm:ss +46:00:46
LONGITUDE: ddd:mm:ss +006:10:27
ELEVATION: m  670

DATA IS FOR INDEX Days with TN > 90th percentile of daily min temp (warm nights) (TN90p) with unit 0.01 No of days

01-06 SOUID: Source identifier
08-11 YEAR : YYYY
13-20 ANNUAL DATA VALUES
21-28 WINTER HALF YEAR DATA VALUES
29-36 SUMMER HALF YEAR DATA VALUES
37-44 WINTER (DJF) DATA VALUES
45-52 SPRING (MAM) DATA VALUES
53-60 SUMMER (JJA) DATA VALUES
61-68 AUTUMN (SON) DATA VALUES
69-76 JANUARY DATA VALUES
etc. 
157-164 DECEMBER DATA VALUES

21577  1963 -999999 -999999 -999999 -999999 -999999 -999999 800     -999999 -999999 -999999 -999999 -999999 -999999 100     0       300     100     400     0       
21577  1964 4400    1300    2900    700     1100    1400    1100    100     600     100     400     600     400     700     300     500     200     400     100     
21577  1965 2100    1200    1300    400     400     1100    100     200     100     200     0       200     900     100     100     0       100     0       200     
21577  1966 5000    1600    2500    1500    1100    1000    1500    400     900     0       700     400     600     100     300     400     1000    100     100     
21577  1967 3000    2600    900     700     1100    300     900     400     200     800     0       300     0       200     100     300     600     0       100     
21577  1968 2600    1000    1600    400     900     600     800     100     200     0       700     200     200     400     0       100     400     300     0       
21577  1969 2500    900     1800    0       1500    300     700     0       0       200     600     700     0       200     100     200     200     300     0       
21577  1970 2100    800     1000    300     200     600     700     200     100     0       200     0       200     0       400     200     100     400     300     
21577  1971 3000    1300    2000    800     1100    900     300     400     100     0       700     400     100     300     500     0       100     200     200     
21577  1972 2200    1000    900     600     700     300     400     100     300     100     200     400     0       100     200     0       0       400     400     
21577  1973 2900    800     2400    400     600     1300    800     0       0       0       100     500     400     100     800     500     0       300     200     
21577  1974 4800    3000    1200    1600    1500    500     800     1100    300     1100    200     200     0       100     400     300     0       500     600     
21577  1975 2800    1800    1800    1200    800     600     800     600     0       100     400     300     0       100     500     500     0       300     0       
21577  1976 2700    500     1700    200     900     500     600     200     0       0       200     700     300     200     0       300     100     200     500     
21577  1977 4100    2700    800     1200    1800    200     1200    100     600     1200    500     100     0       200     0       0       800     400     200     
21577  1978 1600    1800    500     400     300     400     0       0       200     200     0       100     300     100     0       0       0       0       700     
21577  1979 4800    2700    1500    1900    1000    1100    800     0       1200    800     0       200     800     200     100     200     300     300     700     
21577  1980 2300    2100    1100    1300    800     300     400     100     500     200     600     0       100     0       200     200     0       200     200     
21577  1981 4900    1500    3100    300     2500    1200    1000    100     0       1000    1300    200     800     100     300     400     300     300     100     
21577  1982 3800    1600    1900    900     400     1300    900     800     0       100     0       300     500     600     200     300     100     500     400     
21577  1983 4600    1900    3000    1100    600     2400    600     700     0       200     300     100     400     1200    800     200     100     300     300     
21577  1984 1200    900     300     500     100     100     700     200     0       0       100     0       100     0       0       100     200     400     100     
21577  1985 1300    800     700     200     200     400     600     100     0       0       200     0       100     300     0       100     400     100     0       
21577  1986 3100    500     2500    0       800     1200    1000    0       0       0       0       800     400     500     300     500     400     100     100     
21577  1987 4400    1200    2500    400     900     1000    1900    200     100     300     600     0       0       600     400     900     800     200     300     
21577  1988 5000    2900    2100    1700    1300    900     1000    1200    200     200     400     700     100     200     600     100     500     400     400     
21577  1989 3700    2500    1200    800     900     1100    500     0       400     800     100     0       0       600     500     0       300     200     800     
21577  1990 5400    3700    1600    2400    1400    800     1400    200     1400    800     100     500     100     300     400     200     900     300     200     
21577  1991 5200    3500    2400    1100    1400    1300    1400    700     200     1200    100     100     100     500     700     900     100     400     200     
21577  1992 5100    1900    3000    700     1700    1900    800     100     400     700     600     400     300     300     1300    100     0       700     200     
21577  1993 3900    2000    1900    800     1300    1000    400     600     0       500     500     300     400     200     400     100     200     100     600     
21577  1994 7900    3100    3400    1500    1700    2500    1800    700     200     1300    0       400     400     1000    1100    500     400     900     1000    
21577  1995 4500    3500    1300    2000    500     1000    1300    300     700     200     100     200     100     500     400     0       700     600     700     
21577  1996 2300    2800    900     1300    600     500     200     600     0       200     200     200     500     0       0       0       0       200     400     
21577  1997 5600    2000    2400    1400    1100    1100    1600    400     600     400     100     600     500     100     500     600     600     400     800     
21577  1998 4300    3200    2600    1800    1000    1700    600     700     300     400     300     300     500     500     700     300     0       300     0       
21577  1999 5300    1800    2900    1000    2100    1000    1000    900     100     500     200     1400    200     200     600     300     300     400     200     
21577  2000 4000    2100    1200    1200    500     800     1000    500     500     200     0       300     200     100     500     100     400     500     700     
21577  2001 6700    4800    2100    2300    2400    1300    800     800     800     1600    100     700     100     500     700     0       700     100     600     
21577  2002 7000    3800    2300    2400    1000    1600    1200    600     1200    600     300     100     1100    100     400     300     200     700     1400    
21577  2003 7400    3400    5700    1900    1500    4800    400     500     0       600     400     500     2200    900     1700    0       100     300     200     
21577  2004 4200    1800    1900    1000    700     1200    1500    700     100     400     100     200     300     300     600     400     600     500     0       
21577  2005 5800    2500    3400    400     1900    1900    1500    400     0       1000    200     700     1300    500     100     600     600     300     100     
21577  2006 8800    1900    5000    500     1800    2300    3600    200     200     500     700     600     700     1500    100     1400    1300    900     700     
21577  2007 7500    5600    3700    2800    3000    1300    700     1500    600     600     1500    900     800     0       500     0       300     400     400     
21577  2008 4700    2900    2400    1800    1300    1300    700     1000    400     400     100     800     700     400     200     200     500     0       0       
21577  2009 6800    900     4100    100     1600    2400    2300    100     0       300     400     900     500     800     1100    400     600     1300    400     
21577  2010 4600    2800    3100    500     1200    2200    800     0       100     400     500     300     500     1100    600     100     200     500     300     
21577  2011 8500    3000    4300    1500    2700    1700    2200    1100    100     800     1200    700     600     0       1100    700     600     900     700     
21577  2012 7000    3000    3500    1200    1500    2000    2300    500     0       300     700     500     900     400     700     300     1200    800     700     
21577  2013 6300    3600    3600    1300    1300    1800    2300    500     100     300     700     300     600     600     600     800     1200    300     300     
21577  2014 7200    3600    2800    1600    1800    1000    2300    1000    300     500     1000    300     800     0       200     500     1000    800     800     
21577  2015 8400    3600    5900    1400    2000    4100    900     400     200     400     600     1000    1200    1500    1400    200     100     600     800     
21577  2016 7500    4000    3800    3000    1500    2000    1800    1400    800     300     700     500     600     600     800     600     300     900     0       
21577  2017 7100    3100    4700    800     2000    3700    400     100     700     1100    100     800     1800    600     1300    100     300     0       200     
21577  2018 12600   2500    7900    1900    3300    3900    2400    1500    200     300     1700    1300    1300    900     1700    1000    600     800     1300    
21577  2019 9300    4000    4900    1900    1100    3500    2900    200     400     700     200     200     1100    1300    1100    1000    1000    900     1200    
21577  2020 10000   5600    5800    2800    2800    2500    2400    300     1300    900     1200    700     600     700     1200    1400    400     600     700     
