EUROPEAN CLIMATE ASSESSMENT & DATASET (ECA&D), file created on: 20-01-2022
THESE DATA CAN BE USED FOR NON-COMMERCIAL RESEARCH AND EDUCATION PROVIDED THAT THE FOLLOWING SOURCE IS ACKNOWLEDGED: 

Klein Tank, A.M.G. and Coauthors, 2002. Daily dataset of 20th-century surface
air temperature and precipitation series for the European Climate Assessment.
Int. J. of Climatol., 22, 1441-1453.
Data and metadata available at http://www.ecad.eu

FILE FORMAT (MISSING VALUE CODE = -999999):

THIS FILE HOLDS DATA FOR STATION ITALY                                    FIRENZUOLA_TELE                          (STAID:  17869)
LATITUDE: dd:mm:ss +44:07:18
LONGITUDE: ddd:mm:ss +011:22:27
ELEVATION: m  476

DATA IS FOR INDEX Days with TN > 90th percentile of daily min temp (warm nights) (TN90p) with unit 0.01 No of days

01-06 SOUID: Source identifier
08-11 YEAR : YYYY
13-20 ANNUAL DATA VALUES
21-28 WINTER HALF YEAR DATA VALUES
29-36 SUMMER HALF YEAR DATA VALUES
37-44 WINTER (DJF) DATA VALUES
45-52 SPRING (MAM) DATA VALUES
53-60 SUMMER (JJA) DATA VALUES
61-68 AUTUMN (SON) DATA VALUES
69-76 JANUARY DATA VALUES
etc. 
157-164 DECEMBER DATA VALUES

17869  1952 4300    -999999 3000    -999999 1500    1600    700     300     0       100     800     600     500     800     300     0       600     100     200     
17869  1953 2600    900     900     200     200     200     1500    0       0       0       200     0       100     100     0       500     1000    0       700     
17869  1954 2000    2100    900     700     600     500     400     0       0       400     100     100     300     200     0       200     200     0       500     
17869  1955 2000    1800    800     1300    600     500     0       700     100     300     0       300     500     0       0       0       0       0       100     
17869  1956 1900    700     1200    600     500     700     200     500     0       100     400     0       0       200     500     100     100     0       0       
17869  1957 3100    1300    1600    700     1600    400     200     0       700     500     800     300     200     0       200     100     100     0       200     
17869  1958 3200    1400    1000    1300    400     500     700     0       1100    0       0       400     200     0       300     100     200     400     500     
17869  1959 2000    1900    800     800     500     300     800     300     0       500     0       0       0       100     200     500     100     200     100     
17869  1960 2200    1000    900     600     500     400     600     100     400     100     0       400     300     100     0       100     400     100     200     
17869  1961 2900    800     1300    200     500     700     1100    0       0       100     400     0       200     400     100     200     500     400     600     
17869  1962 1700    2100    900     1000    400     100     800     400     0       200     100     100     0       0       100     600     0       200     0       
17869  1963 2500    600     900     400     100     600     1400    400     0       0       100     0       200     0       400     200     100     1100    0       
17869  1964 1900    1800    1200    300     900     500     100     0       300     300     300     300     200     100     200     100     0       0       100     
17869  1965 1400    200     300     200     100     200     400     0       100     0       0       100     0       200     0       0       0       400     600     
17869  1966 3100    1800    1300    1400    700     500     900     0       800     0       500     200     400     100     0       100     800     0       200     
17869  1967 4200    2200    1500    500     1400    600     1400    0       300     900     100     400     0       200     400     400     700     300     500     
17869  1968 4300    2700    2800    1400    1900    600     900     0       900     300     900     700     200     300     100     600     100     200     0       
17869  1969 2400    900     1200    300     800     600     700     200     100     300     200     300     200     0       400     100     0       600     0       
17869  1970 5400    2300    2700    1300    1100    1400    1400    600     700     400     600     100     500     300     600     600     300     500     200     
17869  1971 4800    2000    3100    1000    2000    1300    700     500     300     200     1100    700     600     300     400     0       200     500     0       
17869  1972 5200    2500    1900    700     1800    1000    1300    100     600     1100    500     200     300     300     400     200     400     700     400     
17869  1973 5400    2700    2500    1300    900     1400    1600    700     200     300     100     500     600     600     200     500     1000    100     600     
17869  1974 4500    3400    2000    1900    1000    1200    700     300     1000    400     400     200     500     300     400     200     0       500     300     
17869  1975 3900    1600    2500    1100    300     800     1800    800     0       0       300     0       200     300     300     1400    100     300     200     
17869  1976 2500    1300    1200    900     700     500     200     400     300     0       200     500     300     200     0       0       200     0       400     
17869  1977 3800    1900    1800    1200    1700    600     500     100     700     500     500     700     300     200     100     0       200     300     200     
17869  1978 7100    2000    4600    800     800     3500    1300    500     100     700     100     0       600     1100    1800    1000    300     0       900     
17869  1979 5100    3500    1800    2300    1200    1400    900     500     900     900     0       300     200     600     600     100     500     300     200     
17869  1980 2100    1800    600     800     400     300     600     200     400     200     100     100     100     100     100     100     200     300     200     
17869  1981 3300    2400    600     400     1800    0       800     200     0       1500    200     100     0       0       0       300     300     200     500     
17869  1982 3100    1500    1700    1000    100     1400    600     300     200     0       0       100     900     300     200     200     0       400     500     
17869  1983 4300    1900    2300    1300    1300    1000    500     700     100     200     600     500     100     400     500     200     200     100     700     
17869  1984 2900    1300    1200    1000    100     800     1300    300     0       0       0       100     400     400     0       300     600     400     400     
17869  1985 6300    2500    3600    800     2200    2000    600     200     200     700     600     900     800     700     500     100     0       500     1100    
17869  1986 2900    2000    2100    1500    1200    700     600     300     100     0       400     800     100     100     500     200     300     100     0       
17869  1987 4200    1100    2500    700     300     1700    1500    300     400     0       200     100     500     700     500     500     900     100     0       
17869  1988 4500    2700    2400    1500    1400    1000    400     1200    300     200     100     1100    100     400     500     200     200     0       200     
17869  1989 3600    1600    1300    1000    1100    600     200     200     600     400     500     200     200     300     100     0       0       200     900     
17869  1990 6700    2400    3500    1900    1200    2000    2400    600     400     300     300     600     1000    600     400     600     1200    600     100     
17869  1991 4200    3600    1800    1100    800     900     1500    1000    0       700     100     0       400     400     100     800     500     200     0       
17869  1992 6100    1900    2600    900     1100    1600    2000    500     400     300     400     400     600     300     700     200     800     1000    500     
17869  1993 5200    3200    2300    1300    600     900     1800    800     0       100     200     300     200     300     400     900     600     300     1100    
17869  1994 11200   3800    6600    2200    2800    2700    3900    900     200     700     800     1300    500     900     1300    1800    900     1200    700     
17869  1995 7800    4800    4300    2200    2200    2100    1400    900     600     500     800     900     100     1300    700     500     700     200     600     
17869  1996 8500    2500    4400    1400    2000    2500    1900    800     0       200     900     900     1000    1000    500     100     400     1400    1300    
17869  1997 5700    4500    2600    2500    1100    1500    1500    600     600     200     100     800     900     100     500     200     600     700     400     
17869  1998 3800    2300    2600    700     700     2000    800     300     0       300     400     0       600     800     600     200     200     400     0       
17869  1999 6500    1200    4000    400     1500    2100    2000    300     100     200     300     1000    700     100     1300    600     1000    400     500     
17869  2000 8100    2600    4100    1100    2100    1700    2800    200     400     100     600     1400    900     600     200     400     1300    1100    900     
17869  2001 6800    -999999 2700    -999999 2200    1800    1500    -999999 500     1800    100     300     600     700     500     500     700     300     100     
17869  2002 4900    2300    1900    900     900     1300    1800    200     600     400     0       500     900     100     300     100     600     1100    100     
17869  2003 5700    2300    4200    400     1100    3300    800     300     0       200     100     800     1300    700     1300    0       400     400     200     
17869  2004 5800    1700    3100    600     600     2400    2100    300     100     300     300     0       700     500     1200    400     900     800     300     
17869  2005 4000    2800    2600    800     1100    1600    800     400     100     300     300     500     800     500     300     200     200     400     0       
17869  2006 5200    1100    2300    300     1500    900     1900    0       300     200     600     700     500     0       400     100     800     1000    600     
17869  2007 4500    4300    2300    2000    1200    1400    500     1300    100     500     100     600     900     300     200     200     0       300     0       
17869  2008 5400    1900    2400    1100    1300    1000    1800    800     300     500     300     500     300     200     500     600     700     500     200     
17869  2009 4500    2200    2100    700     900     1100    1500    300     200     300     200     400     600     300     200     400     200     900     500     
17869  2010 3500    2300    1500    900     700     900     1000    100     300     300     100     300     400     200     300     200     200     600     500     
17869  2011 3300    2300    1300    1200    300     1000    500     500     200     300     0       0       500     300     200     300     0       200     800     
17869  2012 4800    1400    2600    1000    300     1800    2100    100     100     200     100     0       600     800     400     700     400     1000    400     
17869  2013 3400    2100    1400    600     800     400     1800    100     100     100     400     300     200     100     100     300     1100    400     200     
17869  2014 5600    3600    1100    1800    500     600     2400    800     800     300     100     100     300     0       300     300     1000    1100    500     
17869  2015 4800    3600    2500    1400    1000    1000    1400    900     0       100     400     500     100     800     100     600     600     200     500     
17869  2016 4200    3400    1100    2500    1200    0       1000    1000    1000    100     800     300     0       0       0       0       200     800     0       
17869  2017 4900    2600    2200    1000    1100    1600    500     100     900     600     300     200     800     500     300     100     100     300     700     
17869  2018 3700    2700    1100    1900    1000    500     800     1100    100     400     200     400     200     200     100     0       400     400     200     
17869  2019 -999999 2100    -999999 500     1000    -999999 -999999 200     100     800     200     0       -999999 -999999 -999999 -999999 -999999 -999999 -999999 
17869  2020 -999999 -999999 -999999 -999999 -999999 500     700     500     -999999 -999999 -999999 600     200     0       300     100     200     400     400     
17869  2021 3300    1800    1500    1100    300     1000    800     300     400     100     200     0       300     500     200     300     200     300     500     
