EUROPEAN CLIMATE ASSESSMENT & DATASET (ECA&D), file created on: 20-01-2022
THESE DATA CAN BE USED FOR NON-COMMERCIAL RESEARCH AND EDUCATION PROVIDED THAT THE FOLLOWING SOURCE IS ACKNOWLEDGED: 

Klein Tank, A.M.G. and Coauthors, 2002. Daily dataset of 20th-century surface
air temperature and precipitation series for the European Climate Assessment.
Int. J. of Climatol., 22, 1441-1453.
Data and metadata available at http://www.ecad.eu

FILE FORMAT (MISSING VALUE CODE = -999999):

THIS FILE HOLDS DATA FOR STATION FRANCE                                   SALON DE PROVENCE                        (STAID:  11260)
LATITUDE: dd:mm:ss +43:36:11
LONGITUDE: ddd:mm:ss +005:06:15
ELEVATION: m   58

DATA IS FOR INDEX Days with TN > 90th percentile of daily min temp (warm nights) (TN90p) with unit 0.01 No of days

01-06 SOUID: Source identifier
08-11 YEAR : YYYY
13-20 ANNUAL DATA VALUES
21-28 WINTER HALF YEAR DATA VALUES
29-36 SUMMER HALF YEAR DATA VALUES
37-44 WINTER (DJF) DATA VALUES
45-52 SPRING (MAM) DATA VALUES
53-60 SUMMER (JJA) DATA VALUES
61-68 AUTUMN (SON) DATA VALUES
69-76 JANUARY DATA VALUES
etc. 
157-164 DECEMBER DATA VALUES

11260  1939 -999999 -999999 -999999 -999999 1000    100     -999999 600     200     100     800     100     100     0       0       -999999 -999999 -999999 -999999 
11260  1940 -999999 -999999 -999999 -999999 -999999 -999999 -999999 -999999 -999999 -999999 -999999 -999999 -999999 -999999 -999999 -999999 -999999 -999999 -999999 
11260  1941 -999999 -999999 -999999 -999999 -999999 -999999 -999999 -999999 -999999 -999999 -999999 -999999 -999999 -999999 -999999 -999999 -999999 -999999 -999999 
11260  1942 -999999 -999999 -999999 -999999 -999999 -999999 -999999 -999999 -999999 -999999 -999999 -999999 -999999 -999999 -999999 -999999 -999999 -999999 -999999 
11260  1943 -999999 -999999 -999999 -999999 -999999 -999999 -999999 -999999 -999999 -999999 -999999 -999999 -999999 -999999 -999999 -999999 -999999 -999999 -999999 
11260  1944 -999999 -999999 -999999 -999999 -999999 -999999 -999999 -999999 -999999 -999999 -999999 -999999 -999999 -999999 -999999 -999999 -999999 -999999 -999999 
11260  1945 -999999 -999999 -999999 -999999 -999999 -999999 -999999 -999999 -999999 -999999 -999999 -999999 -999999 -999999 -999999 -999999 -999999 -999999 -999999 
11260  1946 -999999 -999999 -999999 -999999 -999999 -999999 -999999 -999999 -999999 -999999 -999999 -999999 -999999 -999999 -999999 -999999 -999999 -999999 -999999 
11260  1947 -999999 -999999 1900    -999999 1000    1000    1000    -999999 -999999 600     100     300     500     300     200     500     200     300     -999999 
11260  1948 4100    -999999 2200    -999999 1900    600     300     -999999 600     500     500     900     200     0       400     200     100     0       600     
11260  1949 5800    1600    3700    1100    1300    1500    2000    400     100     400     500     400     500     400     600     1300    500     200     500     
11260  1950 4600    1800    3500    800     700     2900    700     200     100     300     0       400     600     1200    1100    200     300     200     0       
11260  1951 2700    1300    1200    400     700     500     1100    200     200     400     200     100     100     200     200     400     0       700     0       
11260  1952 4600    1600    3200    0       1500    2200    700     0       0       900     400     200     900     1000    300     400     100     200     200     
11260  1953 5700    700     3300    200     1500    1400    1300    0       0       200     300     1000    400     400     600     600     300     400     1500    
11260  1954 3600    3200    1600    1800    1100    900     700     300     0       700     300     100     700     0       200     300     100     300     600     
11260  1955 6000    2800    2700    2000    1400    1600    900     1100    300     400     500     500     600     600     400     100     0       800     700     
11260  1956 4000    3100    1900    1400    1700    400     1000    600     100     900     300     500     100     0       300     700     200     100     200     
11260  1957 4300    2200    1600    1300    1100    900     600     400     700     600     400     100     300     100     500     200     100     300     600     
11260  1958 5200    2000    2700    1400    1300    900     1700    300     500     200     300     800     300     0       600     700     600     400     500     
11260  1959 4900    3200    2700    1100    1600    1300    1300    400     200     1100    300     200     600     400     300     900     200     200     100     
11260  1960 5500    2300    2600    900     2100    1400    1100    500     300     1000    200     900     600     400     400     100     400     600     100     
11260  1961 5100    1700    2900    500     1900    700     1300    0       400     200     1000    700     500     200     0       500     400     400     800     
11260  1962 3900    2900    2400    1900    700     1100    1000    900     200     200     400     100     400     200     500     800     0       200     0       
11260  1963 3800    1000    1800    300     1100    1100    1000    300     0       500     400     200     300     500     300     100     0       900     300     
11260  1964 4800    2800    2300    1400    1400    1100    800     200     900     500     600     300     600     300     200     300     200     300     400     
11260  1965 2400    1500    900     700     700     300     800     300     0       300     100     300     200     100     0       200     400     200     300     
11260  1966 4600    2400    1400    1500    1200    400     1500    300     900     300     400     500     300     0       100     100     1000    400     300     
11260  1967 3900    3400    1600    1100    1300    700     1100    500     300     900     100     300     0       300     400     500     200     400     0       
11260  1968 3700    1200    1500    500     900     500     1200    100     400     100     400     400     200     300     0       200     400     600     600     
11260  1969 3900    2800    1800    1000    1700    800     1000    200     200     800     600     300     100     300     400     100     500     400     0       
11260  1970 3900    1900    1700    700     300     1100    1800    700     0       300     0       0       600     100     400     600     600     600     0       
11260  1971 3000    1500    2300    300     1100    1000    200     300     0       0       600     500     300     0       700     200     0       0       400     
11260  1972 3700    2000    1300    1800    700     700     300     600     800     200     400     100     200     500     0       100     100     100     600     
11260  1973 3400    800     2500    600     500     1700    600     0       0       0       0       500     400     600     700     300     100     200     600     
11260  1974 3900    2500    1300    1500    1300    600     700     600     300     700     200     400     0       300     300     100     0       600     400     
11260  1975 2500    2000    1300    1300    400     700     300     600     300     100     200     100     200     100     400     300     0       0       200     
11260  1976 3400    1100    2000    1100    700     1000    400     500     400     0       300     400     400     400     200     300     0       100     400     
11260  1977 4000    1900    1000    1200    1400    200     1200    500     300     600     300     500     200     0       0       0       1000    200     400     
11260  1978 1300    2200    600     700     300     400     200     0       300     300     0       0       300     0       100     200     0       0       100     
11260  1979 4100    900     2700    500     1000    2000    400     200     200     400     100     500     900     700     400     100     200     100     300     
11260  1980 3400    1900    1600    1300    700     800     900     100     900     300     300     100     100     0       700     400     300     200     0       
11260  1981 3100    1400    1700    200     1200    700     700     100     100     700     300     200     400     300     0       500     200     0       300     
11260  1982 4700    1600    2600    1400    200     2000    1200    900     200     0       0       200     800     900     300     400     200     600     200     
11260  1983 5100    1800    3200    600     1200    1900    1300    400     0       400     300     500     400     600     900     500     300     500     300     
11260  1984 2000    1500    700     500     400     500     700     0       200     200     0       200     400     100     0       0       100     600     200     
11260  1985 2800    1600    1300    800     300     800     400     200     400     100     200     0       100     300     400     300     0       100     700     
11260  1986 3000    800     2400    700     800     1100    1100    0       0       0       400     400     200     300     600     500     300     300     0       
11260  1987 4700    1300    2500    400     700     1300    1900    0       400     300     200     200     0       600     700     800     1100    0       400     
11260  1988 4000    2800    1300    1400    1200    400     1100    900     100     300     200     700     0       100     300     0       900     200     300     
11260  1989 5100    2000    2700    700     900     2000    1000    100     300     200     300     400     300     1100    600     0       200     800     800     
11260  1990 3700    2700    1800    1300    600     1300    1200    100     400     400     0       200     500     400     400     300     700     200     100     
11260  1991 4500    2600    2400    300     1500    1400    1300    200     0       1400    0       100     200     500     700     900     200     200     100     
11260  1992 4800    1800    2500    600     1700    1300    800     200     300     800     400     500     0       300     1000    300     200     300     500     
11260  1993 4800    2000    2700    1100    1100    1400    1600    500     100     400     400     300     500     300     600     600     600     400     100     
11260  1994 6700    2400    3800    500     1400    2700    1700    100     300     900     0       500     500     800     1400    600     200     900     500     
11260  1995 4600    2200    2300    1000    600     1800    1100    100     400     100     300     200     100     700     1000    0       600     500     600     
11260  1996 6000    3500    2600    2200    1500    1200    500     1300    300     200     900     400     700     500     0       100     200     200     1200    
11260  1997 6500    3100    3100    2400    1200    1900    1800    800     400     300     600     300     800     300     800     300     900     600     400     
11260  1998 4700    2900    3300    900     1200    2100    500     300     200     500     400     300     700     500     900     500     0       0       400     
11260  1999 6300    1200    4700    900     2200    2100    1300    300     200     300     600     1300    500     400     1200    700     400     200     200     
11260  2000 5100    2200    2300    900     1400    1400    700     100     600     700     200     500     900     200     300     200     100     400     900     
11260  2001 5600    3300    3000    1900    1800    1800    900     800     200     900     200     700     500     500     800     300     600     0       100     
11260  2002 5500    2300    2300    800     1700    1100    1400    300     400     900     500     300     500     400     200     400     300     700     600     
11260  2003 6200    2200    3900    1200    700     3100    1100    500     100     0       200     500     1000    700     1400    100     500     500     700     
11260  2004 4900    2700    2400    1300    700     1700    1700    200     400     400     300     0       700     300     700     400     1000    300     200     
11260  2005 5900    2600    3800    700     900     3300    1200    400     100     600     200     100     1900    800     600     200     500     500     0       
11260  2006 8800    1800    5400    300     1800    3300    2900    200     100     500     700     600     700     1400    1200    800     1000    1100    500     
11260  2007 5400    3800    3500    1100    2300    1500    1000    300     300     600     400     1300    600     400     500     300     300     400     0       
11260  2008 5600    1900    3800    1000    1600    1900    900     600     400     200     600     800     600     400     900     500     100     300     200     
11260  2009 6400    1200    4300    600     1900    2400    1100    0       400     200     600     1100    500     900     1000    200     500     400     600     
11260  2010 3900    2100    2400    800     1100    1600    600     0       200     400     400     300     300     700     600     100     200     300     400     
11260  2011 6100    2400    2800    1200    1900    700     2300    500     300     700     500     700     500     100     100     900     300     1100    400     
11260  2012 6100    2600    3300    1100    900     2100    2100    600     100     100     600     200     1000    300     800     400     1100    600     300     
11260  2013 5100    3000    2000    500     1400    1200    1800    200     0       800     200     400     400     400     400     200     1500    100     500     
11260  2014 8700    4000    4100    2200    1700    1500    3100    1000    700     200     800     700     500     400     600     1100    900     1100    700     
11260  2015 7500    3900    4800    1200    2300    2900    800     400     100     700     700     900     1200    1400    300     300     200     300     1000    
11260  2016 6800    2700    4500    2000    1500    2600    1400    500     500     200     700     600     900     1400    300     600     200     600     300     
11260  2017 6200    2700    3900    1200    1700    2900    600     200     700     700     700     300     1100    900     900     0       300     300     100     
11260  2018 9100    2300    6100    1000    2600    3800    1700    800     100     700     900     1000    1200    900     1700    400     500     800     100     
11260  2019 8000    2200    5000    200     1500    3600    2000    100     0       700     400     400     600     1600    1400    600     800     600     800     
11260  2020 7300    3600    4400    1800    1500    2800    1400    500     500     400     600     500     800     1000    1000    500     300     600     600     
11260  2021 6300    2400    4300    1300    800     3000    1400    300     400     200     300     300     1600    700     700     700     500     200     400     
