EUROPEAN CLIMATE ASSESSMENT & DATASET (ECA&D), file created on: 20-01-2022
THESE DATA CAN BE USED FOR NON-COMMERCIAL RESEARCH AND EDUCATION PROVIDED THAT THE FOLLOWING SOURCE IS ACKNOWLEDGED: 

Klein Tank, A.M.G. and Coauthors, 2002. Daily dataset of 20th-century surface
air temperature and precipitation series for the European Climate Assessment.
Int. J. of Climatol., 22, 1441-1453.
Data and metadata available at http://www.ecad.eu

FILE FORMAT (MISSING VALUE CODE = -999999):

THIS FILE HOLDS DATA FOR STATION UNITED KINGDOM                           CRAIBSTONE                               (STAID:   1629)
LATITUDE: dd:mm:ss +57:10:48
LONGITUDE: ddd:mm:ss -002:12:00
ELEVATION: m  102

DATA IS FOR INDEX Days with TN > 90th percentile of daily min temp (warm nights) (TN90p) with unit 0.01 No of days

01-06 SOUID: Source identifier
08-11 YEAR : YYYY
13-20 ANNUAL DATA VALUES
21-28 WINTER HALF YEAR DATA VALUES
29-36 SUMMER HALF YEAR DATA VALUES
37-44 WINTER (DJF) DATA VALUES
45-52 SPRING (MAM) DATA VALUES
53-60 SUMMER (JJA) DATA VALUES
61-68 AUTUMN (SON) DATA VALUES
69-76 JANUARY DATA VALUES
etc. 
157-164 DECEMBER DATA VALUES

1629   1958 3300    -999999 2200    -999999 300     700     2000    100     0       0       200     100     200     400     100     1200    300     500     200     
1629   1959 6000    2100    3000    700     1600    1700    2200    0       500     600     600     400     300     700     700     300     1100    800     0       
1629   1960 4300    2900    2700    900     1600    800     900     400     500     100     700     800     600     100     100     400     200     300     100     
1629   1961 4600    2900    1700    900     2300    500     900     0       800     1500    400     400     200     100     200     400     500     0       100     
1629   1962 1900    1000    700     500     300     200     900     100     300     0       100     200     200     0       0       200     100     600     100     
1629   1963 2100    800     700     100     100     500     1100    0       0       0       100     0       100     100     300     100     200     800     400     
1629   1964 3700    2300    2200    1300    1100    900     800     300     600     0       400     700     200     400     300     200     300     300     0       
1629   1965 2500    2000    600     1000    500     100     800     200     800     400     0       100     100     0       0       400     400     0       100     
1629   1966 3200    1900    1500    1000    800     1000    500     600     300     500     200     100     800     100     100     200     300     0       0       
1629   1967 3100    1600    1500    900     1000    800     100     400     500     400     500     100     100     500     200     100     0       0       300     
1629   1968 3900    1400    1200    1000    700     400     1600    600     100     400     300     0       100     100     200     500     500     600     500     
1629   1969 4400    2200    3000    1000    600     2200    1100    500     0       100     200     300     300     900     1000    300     700     100     0       
1629   1970 3000    1300    2000    400     900     700     900     400     0       100     300     500     200     100     400     500     0       400     100     
1629   1971 5100    1800    1800    1200    1000    600     1200    500     600     200     200     600     0       300     300     400     400     400     1200    
1629   1972 2800    3200    700     2000    1000    100     200     600     200     400     300     300     100     0       0       0       100     100     700     
1629   1973 4900    2300    2900    1400    1300    2100    800     400     300     700     300     300     1000    800     300     200     300     300     0       
1629   1974 3500    2000    1300    1400    600     500     400     500     900     0       100     500     100     200     200     200     0       200     600     
1629   1975 5000    1400    3000    1200    400     2500    700     400     200     0       400     0       400     900     1200    100     600     0       800     
1629   1976 4900    2300    3600    1600    1100    1900    1100    500     300     100     500     500     1000    700     200     700     300     100     0       
1629   1977 3300    900     1000    200     700     600     1300    200     0       300     200     200     100     100     400     0       1100    200     500     
1629   1978 3900    2200    1700    700     800     700     1900    100     100     200     200     400     300     100     300     400     700     800     300     
1629   1979 2200    1900    1200    300     400     500     1200    0       0       100     0       300     300     200     0       400     500     300     100     
1629   1980 3800    1800    2000    1000    300     1000    1100    100     800     0       200     100     400     100     500     700     100     300     500     
1629   1981 2800    1600    2000    900     1100    600     700     200     200     300     300     500     200     100     300     600     0       100     0       
1629   1982 4200    900     2800    600     1400    1300    900     400     200     200     800     400     500     200     600     300     200     400     0       
1629   1983 4600    2100    1900    600     1000    1700    600     600     0       900     100     0       300     600     800     100     200     300     700     
1629   1984 3100    1400    1600    800     300     1300    800     0       100     100     100     100     200     600     500     100     0       700     600     
1629   1985 2600    1500    1800    700     700     900     600     0       100     100     400     200     0       900     0       300     300     0       300     
1629   1986 1900    600     1400    300     400     700     700     0       0       0       0       400     500     200     0       300     200     200     100     
1629   1987 3500    1200    1400    600     1000    600     300     300     200     200     700     100     0       300     300     0       0       300     1100    
1629   1988 4000    2000    2100    1600    900     900     1100    300     200     100     500     300     400     300     200     400     500     200     600     
1629   1989 6300    3400    2900    2300    1500    1300    1600    1300    400     400     100     1000    600     600     100     500     300     800     200     
1629   1990 5600    3100    2600    1200    1700    1600    1100    400     600     800     400     500     300     400     900     100     700     300     200     
1629   1991 4900    2000    2900    400     1600    1500    1400    100     100     600     600     400     0       1000    500     400     400     600     200     
1629   1992 5000    3300    2700    1700    2000    1000    400     800     700     600     600     800     400     500     100     300     0       100     100     
1629   1993 2400    1600    800     1100    1000    100     200     300     700     400     400     200     0       100     0       100     0       100     100     
1629   1994 3700    500     1900    200     500     1300    1600    100     0       200     300     0       500     500     300     300     200     1100    200     
1629   1995 5700    1900    3500    400     1400    1600    2200    0       200     200     600     600     100     700     800     700     600     900     300     
1629   1996 4600    3600    2000    1700    800     1400    900     1200    200     400     400     0       200     300     900     200     500     200     100     
1629   1997 7000    2000    4000    800     2200    1900    1700    400     300     500     1000    700     200     500     1200    400     300     1000    500     
1629   1998 7100    5000    3100    2500    2400    900     1400    500     1500    1200    500     700     200     200     500     1000    100     300     400     
1629   1999 5800    2000    3700    800     2500    1100    1800    200     200     800     1000    700     300     500     300     900     400     500     0       
1629   2000 4300    2300    1700    800     1000    700     900     500     300     600     200     200     200     100     400     600     200     100     900     
1629   2001 4200    1500    2400    1200    800     1400    1600    200     100     0       100     700     200     700     500     200     1200    200     100     
1629   2002 7000    2800    3700    1000    2300    1500    1400    500     400     400     800     1100    500     400     600     300     100     1000    900     
1629   2003 7000    3200    4800    1700    1900    2900    1200    700     100     400     1000    500     1000    1200    700     400     200     600     200     
1629   2004 7200    2600    5200    1400    2600    2400    900     600     600     400     1300    900     800     400     1200    600     0       300     100     
1629   2005 5200    1600    2800    700     1100    1500    1700    400     200     600     300     200     600     500     400     800     700     200     300     
1629   2006 5500    1600    3600    600     300     2100    2400    100     200     100     0       200     600     1200    300     1300    900     200     400     
1629   2007 5600    3200    2600    1500    2000    900     1600    300     800     600     1100    300     400     100     400     300     500     800     0       
1629   2008 5900    2200    4300    800     1600    2200    1200    200     600     100     500     1000    400     900     900     600     100     500     100     
1629   2009 7000    3000    3900    1600    2100    2300    1100    500     1000    800     1000    300     800     600     900     300     600     200     0       
1629   2010 4000    1300    3200    100     1700    1500    700     100     0       400     700     600     800     600     100     400     300     0       0       
1629   2011 7100    1500    3500    700     2600    700     3100    400     300     500     1400    700     200     300     200     700     900     1500    0       
1629   2012 4200    4900    1400    1300    1600    900     300     300     1000    1200    0       400     200     200     500     100     0       200     100     
1629   2013 5400    700     3700    500     800     2300    1300    200     200     0       300     500     200     1300    800     600     500     200     600     
1629   2014 9000    3300    5200    1600    3500    2200    2300    600     400     1000    1200    1300    1300    700     200     500     500     1300    0       
1629   2015 4300    2700    2200    500     1300    1100    700     100     400     400     600     300     300     300     500     200     300     200     700     
1629   2016 6000    2300    4000    1100    1800    1900    1400    400     0       700     500     600     400     800     700     1000    400     0       500     
1629   2017 7000    2400    4700    1400    2500    2100    1300    300     600     600     1000    900     1100    600     400     700     600     0       200     
1629   2018 6200    -999999 4100    -999999 2000    2000    1500    400     0       100     800     1100    500     900     600     200     400     900     300     
1629   2019 8000    -999999 4400    2000    2100    2900    1100    500     1200    900     600     600     300     1600    1000    300     0       800     200     
