EUROPEAN CLIMATE ASSESSMENT & DATASET (ECA&D), file created on: 20-01-2022
THESE DATA CAN BE USED FOR NON-COMMERCIAL RESEARCH AND EDUCATION PROVIDED THAT THE FOLLOWING SOURCE IS ACKNOWLEDGED: 

Klein Tank, A.M.G. and Coauthors, 2002. Daily dataset of 20th-century surface
air temperature and precipitation series for the European Climate Assessment.
Int. J. of Climatol., 22, 1441-1453.
Data and metadata available at http://www.ecad.eu

FILE FORMAT (MISSING VALUE CODE = -999999):

THIS FILE HOLDS DATA FOR STATION RUSSIAN FEDERATION                       TISUL'                                   (STAID:   8235)
LATITUDE: dd:mm:ss +55:45:00
LONGITUDE: ddd:mm:ss +088:18:00
ELEVATION: m  210

DATA IS FOR INDEX Days with TN > 90th percentile of daily min temp (warm nights) (TN90p) with unit 0.01 No of days

01-06 SOUID: Source identifier
08-11 YEAR : YYYY
13-20 ANNUAL DATA VALUES
21-28 WINTER HALF YEAR DATA VALUES
29-36 SUMMER HALF YEAR DATA VALUES
37-44 WINTER (DJF) DATA VALUES
45-52 SPRING (MAM) DATA VALUES
53-60 SUMMER (JJA) DATA VALUES
61-68 AUTUMN (SON) DATA VALUES
69-76 JANUARY DATA VALUES
etc. 
157-164 DECEMBER DATA VALUES

8235   1936 -999999 -999999 -999999 -999999 300     -999999 500     0       100     100     0       200     100     300     -999999 200     200     100     500     
8235   1937 1400    900     800     600     200     400     700     0       100     0       0       200     0       200     200     200     400     100     0       
8235   1938 -999999 1500    1500    500     1900    100     -999999 0       500     500     1100    300     0       100     0       0       400     -999999 0       
8235   1939 3000    -999999 1300    500     800     600     300     0       500     200     400     200     200     0       400     100     100     100     800     
8235   1940 2400    1100    1800    900     800     600     800     0       100     0       600     200     100     300     200     400     200     200     100     
8235   1941 2500    1100    1400    500     200     1200    700     200     200     200     0       0       700     300     200     200     300     200     0       
8235   1942 -999999 700     -999999 200     300     -999999 -999999 200     0       0       300     0       -999999 -999999 -999999 -999999 100     300     100     
8235   1943 3600    500     2900    100     1000    1600    700     0       0       0       500     500     500     300     800     300     400     0       300     
8235   1944 -999999 1500    -999999 500     -999999 -999999 -999999 0       200     600     500     -999999 -999999 -999999 400     100     100     -999999 -999999 
8235   1945 -999999 -999999 -999999 -999999 -999999 -999999 -999999 -999999 -999999 100     500     -999999 600     -999999 -999999 -999999 -999999 -999999 -999999 
8235   1946 -999999 -999999 -999999 -999999 -999999 400     700     -999999 -999999 -999999 -999999 400     200     100     100     0       100     600     0       
8235   1947 1700    800     1300    100     800     300     500     0       100     0       700     100     0       200     100     200     300     0       0       
8235   1948 2700    1100    1000    700     600     500     500     700     0       100     200     300     100     300     100     0       300     200     400     
8235   1949 2200    1600    1200    900     1200    200     300     300     200     200     600     400     100     0       100     0       300     0       0       
8235   1950 2400    700     1500    400     500     700     700     0       400     0       200     300     300     200     200     300     400     0       100     
8235   1951 3700    1100    1800    300     1100    800     700     200     0       400     200     500     200     600     0       300     100     300     900     
8235   1952 3400    1900    2300    1400    700     1400    600     400     100     100     0       600     400     700     300     300     300     0       200     
8235   1953 3500    1300    2100    700     800     1200    700     200     300     300     100     400     200     700     300     400     300     0       300     
8235   1954 3100    900     1700    500     100     1100    1700    0       200     100     0       0       400     100     600     600     800     300     0       
8235   1955 3300    1700    1700    300     900     1000    600     0       300     300     0       600     100     100     800     100     300     200     500     
8235   1956 3000    1400    1800    900     700     1100    700     400     0       0       200     500     100     500     500     0       700     0       100     
8235   1957 3300    1700    1600    900     500     900     800     400     400     100     0       400     400     400     100     300     200     300     300     
8235   1958 3900    1700    1400    1000    600     700     1000    300     400     200     200     200     0       300     400     300     400     300     900     
8235   1959 3500    2500    2300    1500    800     1400    700     500     100     300     200     300     700     500     200     400     300     0       0       
8235   1960 3100    1500    1200    1200    500     400     700     400     800     0       300     200     300     0       100     300     200     200     300     
8235   1961 3900    1600    2100    900     1400    500     1300    300     300     300     700     400     0       300     200     500     0       800     100     
8235   1962 4000    2900    1500    1800    800     400     800     700     1000    300     100     400     100     0       300     600     200     0       300     
8235   1963 2800    1400    1000    1100    300     800     700     100     700     100     200     0       200     200     400     0       300     400     200     
8235   1964 3400    1600    1500    900     300     1100    800     700     0       0       0       300     400     300     400     100     0       700     500     
8235   1965 3700    1700    2700    700     1100    1600    800     100     100     300     0       800     400     600     600     300     400     100     0       
8235   1966 2600    1100    1600    500     200     700     1200    100     400     100     0       100     400     100     200     800     300     100     0       
8235   1967 3500    1200    1200    400     800     600     1500    100     300     400     200     200     100     300     200     200     1100    200     200     
8235   1968 3500    3100    1600    800     1800    700     -999999 500     100     1000    600     200     100     500     100     100     200     0       100     
8235   1969 2900    400     2000    100     300     1200    1300    0       0       100     100     100     500     500     200     600     400     300     100     
8235   1970 2800    1500    1800    700     700     900     400     200     400     100     300     300     300     300     300     300     0       100     200     
8235   1971 4800    1400    1700    1100    800     500     2500    900     0       200     300     300     100     200     200     600     900     1000    100     
8235   1972 2000    2300    1300    400     800     500     300     0       300     0       600     200     200     0       300     0       200     100     100     
8235   1973 4400    1300    2200    600     1200    1000    900     200     300     400     500     300     200     800     0       400     100     400     800     
8235   1974 2800    1900    1800    1300    1000    600     500     300     200     100     300     600     200     300     100     300     100     100     200     
8235   1975 3700    1500    1200    800     900     500     800     500     100     500     200     200     200     200     100     300     400     100     900     
8235   1976 2700    1900    1900    1400    800     1000    300     500     0       0       300     500     700     200     100     100     200     0       100     
8235   1977 4500    1200    1900    300     1300    1000    1600    0       200     700     600     0       600     100     300     300     300     1000    400     
8235   1978 5400    2900    2700    1400    900     1600    1400    500     500     200     600     100     800     500     300     400     400     600     500     
8235   1979 4400    2100    2400    1100    700     1600    800     300     300     0       0       700     1000    300     300     100     600     100     700     
8235   1980 3500    1700    2100    1000    400     1300    700     200     100     0       200     200     700     100     500     400     0       300     800     
8235   1981 3700    2600    1500    1700    1500    400     700     200     700     600     400     500     300     0       100     200     300     200     200     
8235   1982 5200    1400    2900    600     1600    1400    1000    0       400     300     700     600     100     600     700     200     200     600     800     
8235   1983 6100    4100    1600    2200    1400    1100    1400    900     500     1100    200     100     200     500     400     200     600     600     800     
8235   1984 3000    2600    1900    1200    500     1300    800     400     0       200     200     100     900     200     200     300     300     200     0       
8235   1985 2000    1200    1000    700     100     700     400     600     100     0       100     0       0       200     500     200     200     0       100     
8235   1986 3500    700     2400    500     600     1700    300     100     300     0       200     400     200     800     700     100     0       200     500     
8235   1987 3000    1500    1600    1100    600     900     400     200     400     200     100     300     100     200     600     300     0       100     500     
8235   1988 4800    1200    2900    900     1300    800     2000    400     0       200     900     200     200     0       600     1000    400     600     300     
8235   1989 4900    3400    2400    1800    1300    1300    700     700     800     600     200     500     300     600     400     400     300     0       100     
8235   1990 7700    3300    3300    1000    3200    1900    1300    300     600     2000    100     1100    300     1200    400     200     700     400     400     
8235   1991 5000    2400    3300    1200    1100    1800    1200    500     300     100     400     600     400     900     500     500     300     400     100     
8235   1992 4800    2900    1700    2100    800     1000    500     1200    800     100     100     600     600     200     200     0       500     0       500     
8235   1993 4700    2500    2500    1900    500     1800    600     800     600     100     300     100     400     800     600     300     300     0       400     
8235   1994 4600    1700    2300    900     1500    1100    1500    400     100     500     400     600     500     400     200     200     600     700     0       
8235   1995 6500    3600    2100    1600    1700    700     2400    400     1200    700     800     200     100     0       600     400     1000    1000    100     
8235   1996 3400    2100    2900    100     600     2300    400     0       0       0       200     400     400     1500    400     0       400     0       100     
8235   1997 6500    3000    2700    1500    2500    1000    1400    500     900     1100    800     600     100     300     600     300     800     300     200     
8235   1998 5500    2100    2900    900     1200    1300    1400    100     600     100     400     700     400     500     400     500     400     500     900     
8235   1999 6400    2800    3300    1900    1400    1900    1200    500     500     0       600     800     400     900     600     0       600     600     900     
8235   2000 4900    3300    3400    1500    1600    1900    600     0       600     600     600     400     700     200     1000    500     100     0       200     
8235   2001 6700    1800    3500    900     2300    1600    2100    300     400     800     200     1300    1000    100     500     400     300     1400    0       
8235   2002 8400    6500    3500    3600    2100    1700    1000    1900    1700    1200    300     600     700     500     500     900     0       100     0       
8235   2003 5500    1900    2500    1400    1000    1300    1200    600     800     400     200     400     900     300     100     600     600     0       600     
8235   2004 6200    2400    3100    1500    1400    1000    2800    100     800     300     300     800     500     400     100     1000    1100    700     100     
8235   2005 5300    3000    3000    800     1000    2000    1500    700     0       400     500     100     500     600     900     400     900     200     100     
8235   2006 5500    1800    2600    500     600     1700    1400    0       400     200     100     300     1000    700     0       500     500     400     1400    
8235   2007 6300    4100    3800    3000    1600    1400    1400    1000    600     200     800     600     200     800     400     1000    400     0       300     
8235   2008 6300    2300    2300    800     1600    1700    2200    0       500     1100    300     200     600     500     600     100     800     1300    300     
8235   2009 4000    2800    2800    500     1500    1000    1100    100     100     200     700     600     300     200     500     500     300     300     200     
8235   2010 4600    1200    2200    400     900     800     2600    0       200     200     400     300     200     200     400     700     900     1000    100     
8235   2011 4700    2700    2400    600     1400    1000    1700    200     300     200     900     300     500     100     400     200     1300    200     100     
8235   2012 3600    2200    2600    200     1400    1400    700     100     0       500     500     400     300     800     300     300     300     100     0       
8235   2013 6700    1200    2300    600     1000    1100    2300    400     200     200     500     300     0       200     900     400     600     1300    1700    
8235   2014 4800    5100    2400    2200    1900    1500    500     300     200     1000    800     100     200     500     800     0       100     400     400     
8235   2015 8200    3800    3200    2400    2000    1700    1300    1100    900     900     800     300     500     600     600     400     800     100     1200    
8235   2016 4900    3700    3000    1900    1800    1900    200     0       700     900     700     200     500     800     600     200     0       0       300     
8235   2017 6400    2700    3500    1600    2900    1300    800     700     600     1100    1100    700     500     300     500     400     100     300     100     
8235   2018 3500    1000    2600    400     1000    1300    900     200     100     200     700     100     700     300     300     500     400     0       0       
8235   2019 -999999 2700    -999999 1300    2000    -999999 -999999 300     1000    1000    600     400     300     -999999 -999999 -999999 -999999 -999999 -999999 
