EUROPEAN CLIMATE ASSESSMENT & DATASET (ECA&D), file created on: 20-01-2022
THESE DATA CAN BE USED FOR NON-COMMERCIAL RESEARCH AND EDUCATION PROVIDED THAT THE FOLLOWING SOURCE IS ACKNOWLEDGED: 

Klein Tank, A.M.G. and Coauthors, 2002. Daily dataset of 20th-century surface
air temperature and precipitation series for the European Climate Assessment.
Int. J. of Climatol., 22, 1441-1453.
Data and metadata available at http://www.ecad.eu

FILE FORMAT (MISSING VALUE CODE = -999999):

THIS FILE HOLDS DATA FOR STATION RUSSIAN FEDERATION                       OLENEK                                   (STAID:   3203)
LATITUDE: dd:mm:ss +68:30:00
LONGITUDE: ddd:mm:ss +112:25:59
ELEVATION: m  217

DATA IS FOR INDEX Days with TN > 90th percentile of daily min temp (warm nights) (TN90p) with unit 0.01 No of days

01-06 SOUID: Source identifier
08-11 YEAR : YYYY
13-20 ANNUAL DATA VALUES
21-28 WINTER HALF YEAR DATA VALUES
29-36 SUMMER HALF YEAR DATA VALUES
37-44 WINTER (DJF) DATA VALUES
45-52 SPRING (MAM) DATA VALUES
53-60 SUMMER (JJA) DATA VALUES
61-68 AUTUMN (SON) DATA VALUES
69-76 JANUARY DATA VALUES
etc. 
157-164 DECEMBER DATA VALUES

3203   1936 2300    -999999 1500    -999999 800     700     300     0       0       200     200     400     0       500     200     200     100     0       500     
3203   1937 3500    2200    1200    2000    400     400     1000    1000    500     100     0       300     0       400     0       500     0       500     200     
3203   1938 3400    1600    1600    1000    1000    400     1000    800     0       100     700     200     0       100     300     300     0       700     200     
3203   1939 -999999 1100    -999999 400     -999999 -999999 500     0       200     0       -999999 -999999 -999999 -999999 -999999 100     300     100     300     
3203   1940 1500    1100    1100    500     1000    300     0       100     100     200     400     400     100     200     0       0       0       0       0       
3203   1941 2200    0       1900    0       500     1000    700     0       0       0       200     300     400     400     200     400     300     0       0       
3203   1942 2300    1000    1100    700     400     500     400     700     0       0       200     200     200     100     200     200     200     0       300     
3203   1943 3600    1200    1900    500     1600    200     1500    0       200     500     900     200     100     0       100     600     600     300     100     
3203   1944 3100    2100    1100    1000    700     300     500     400     500     200     300     200     0       0       300     300     100     100     700     
3203   1945 -999999 1500    -999999 1200    -999999 -999999 -999999 100     400     100     -999999 -999999 -999999 -999999 -999999 -999999 -999999 -999999 -999999 
3203   1946 -999999 -999999 -999999 -999999 -999999 -999999 400     -999999 -999999 -999999 -999999 -999999 -999999 -999999 -999999 100     200     100     0       
3203   1947 5000    1300    2100    600     1800    600     1900    500     100     400     900     500     100     400     100     100     1600    200     100     
3203   1948 4500    2600    1700    300     1000    600     2600    200     0       500     400     100     200     200     200     600     1100    900     100     
3203   1949 -999999 -999999 1200    -999999 -999999 100     1200    -999999 -999999 -999999 500     100     100     0       0       500     700     0       1000    
3203   1950 1700    2300    1000    1100    800     500     300     0       100     500     200     100     300     0       200     200     100     0       0       
3203   1951 1800    100     1200    0       800     100     600     0       0       0       400     400     100     0       0       300     100     200     300     
3203   1952 1500    700     1100    400     200     400     800     0       100     0       100     100     100     0       300     500     100     200     0       
3203   1953 2900    700     1500    200     1200    300     1100    100     100     200     500     500     0       200     100     200     400     500     100     
3203   1954 2000    1300    800     300     300     400     700     0       200     100     200     0       100     100     200     200     400     100     400     
3203   1955 2100    1800    800     1300    100     400     700     900     0       0       0       100     100     0       300     300     400     0       0       
3203   1956 2600    1400    800     900     200     400     600     300     600     100     100     0       400     0       0       300     0       300     500     
3203   1957 1900    1200    1300    800     800     500     100     300     0       100     300     400     300     200     0       100     0       0       200     
3203   1958 900     400     500     400     100     300     300     100     100     0       0       100     0       0       300     100     200     0       0       
3203   1959 4000    1300    1600    300     1000    700     1900    100     200     800     100     100     500     0       200     700     100     1100    100     
3203   1960 600     1300    200     100     100     100     100     0       0       0       0       100     100     0       0       0       100     0       300     
3203   1961 1000    700     700     300     700     100     200     0       0       300     300     100     100     0       0       200     0       0       0       
3203   1962 1800    400     1100    200     700     300     600     200     0       200     200     300     100     0       200     300     300     0       0       
3203   1963 1800    1100    400     500     300     300     600     100     400     300     0       0       100     0       200     100     200     300     100     
3203   1964 1900    1000    1200    500     600     300     500     0       400     0       400     200     100     0       200     300     200     0       100     
3203   1965 3100    700     2000    400     700     1200    700     100     200     100     500     100     0       600     600     200     500     0       200     
3203   1966 2100    800     1200    300     600     500     200     100     0       0       0       600     100     0       400     100     0       100     700     
3203   1967 8400    2000    3400    1500    1200    1900    3600    500     300     400     400     400     800     800     300     700     1800    1100    900     
3203   1968 -999999 6200    -999999 2200    1900    -999999 -999999 300     1000    1100    400     400     600     500     -999999 -999999 400     -999999 -999999 
3203   1969 3800    -999999 2400    -999999 600     1600    400     500     0       0       0       600     700     700     200     200     0       200     700     
3203   1970 2500    1400    700     900     400     500     1000    200     0       300     0       100     0       500     0       100     300     600     400     
3203   1971 4700    2000    2400    700     900     1200    2000    300     0       400     300     200     0       700     500     700     200     1100    300     
3203   1972 3100    2100    1700    400     1000    1000    700     100     0       400     400     200     400     200     400     100     500     100     300     
3203   1973 3900    2500    1900    1500    800     700     1100    700     500     400     200     200     100     100     500     800     300     0       100     
3203   1974 1300    900     700     300     400     600     100     100     100     300     100     0       0       100     500     0       0       100     0       
3203   1975 7500    1800    3300    1300    2000    1500    1300    800     500     400     700     900     900     400     200     200     500     600     1400    
3203   1976 2900    3300    1900    1900    1300    300     800     500     0       300     900     100     100     0       200     600     100     100     0       
3203   1977 2000    500     1400    100     1400    200     100     0       100     200     400     800     200     0       0       0       0       100     200     
3203   1978 3900    700     1700    300     400     1600    1800    0       100     300     100     0       600     500     500     0       700     1100    0       
3203   1979 2800    1900    2200    100     500     1500    300     0       100     0       300     200     900     300     300     200     100     0       400     
3203   1980 4900    1600    3200    1300    500     2300    900     400     500     200     200     100     200     900     1200    600     300     0       300     
3203   1981 6500    3200    2100    2500    1500    1000    1300    1800    400     400     700     400     600     100     300     0       400     900     500     
3203   1982 2500    2800    1400    1500    700     600     100     200     800     0       600     100     0       400     200     100     0       0       100     
3203   1983 7500    2500    2700    1700    1200    1400    2500    900     700     800     0       400     400     300     700     900     500     1100    800     
3203   1984 5400    3800    3200    2000    1200    1800    600     900     300     200     100     900     100     1300    400     400     200     0       600     
3203   1985 4000    1100    2100    600     1400    400     2000    0       0       300     800     300     300     0       100     600     400     1000    200     
3203   1986 5600    2700    2900    1300    400     2100    1400    100     1000    0       100     300     500     1100    500     400     600     400     600     
3203   1987 1400    2000    600     1000    200     400     300     200     200     0       100     100     0       100     300     0       100     200     100     
3203   1988 5800    1300    3100    800     800     1600    2000    400     300     200     0       600     800     400     400     900     600     500     700     
3203   1989 3700    3900    700     2000    1200    200     700     500     800     800     100     300     0       0       200     100     300     300     300     
3203   1990 6100    3000    3800    800     3500    1800    200     0       500     1600    900     1000    1200    100     500     100     100     0       100     
3203   1991 4400    700     2900    300     500     2200    1000    200     0       300     200     0       0       1500    700     500     400     100     500     
3203   1992 4900    2600    2200    1400    1300    1600    500     600     300     700     100     500     600     400     600     0       300     200     600     
3203   1993 5800    4100    1700    3100    1100    800     800     1400    1100    500     300     300     400     0       400     300     100     400     600     
3203   1994 4200    1500    1800    600     900     1000    1700    0       0       400     100     400     100     500     400     300     1100    300     600     
3203   1995 4700    4400    1500    2600    700     1200    500     600     1400    400     200     100     200     300     700     0       400     100     300     
3203   1996 3700    1700    1300    1100    700     700     1300    100     700     100     300     300     0       400     300     0       600     700     200     
3203   1997 5400    2200    3300    600     2200    500     2300    300     100     300     1400    500     200     200     100     900     900     500     0       
3203   1998 4200    2900    2300    700     1000    2100    100     200     500     800     200     0       200     600     1300    0       0       100     300     
3203   1999 5200    1300    3300    1200    700     2100    1000    300     600     0       200     500     500     900     700     500     100     400     500     
3203   2000 4100    2600    1800    1900    800     1200    700     600     800     200     400     200     800     300     100     0       200     500     0       
3203   2001 7300    1500    3900    600     700     3000    1800    500     100     200     0       500     1400    900     700     400     300     1100    1200    
3203   2002 4900    4100    2700    1800    1100    2400    700     0       600     900     100     100     900     700     800     100     300     300     100     
3203   2003 5200    1500    2700    200     1100    1200    1700    100     0       700     100     300     400     500     300     1100    400     200     1100    
3203   2004 2700    1700    1000    1100    300     300     1300    0       0       0       200     100     0       100     200     400     100     800     800     
3203   2005 8400    3600    5400    2100    2400    2100    2300    1000    300     600     600     1200    1100    900     100     1500    200     600     300     
3203   2006 4800    2200    2900    1200    500     1700    1300    700     200     200     0       300     500     900     300     900     0       400     400     
3203   2007 5600    1900    3400    1200    2100    1300    1200    700     100     300     1100    700     700     200     400     300     500     400     200     
3203   2008 7300    3800    3300    2200    1800    1800    1300    1400    600     700     400     700     800     200     800     400     900     0       400     
3203   2009 7200    3200    3300    1900    1500    1400    2600    1500    0       400     1000    100     800     300     300     800     1000    800     200     
3203   2010 5600    3500    3100    1400    1900    1500    1000    400     800     300     300     1300    200     900     400     0       300     700     0       
3203   2011 8700    3100    5300    900     3900    2100    1400    900     0       1200    1200    1500    400     400     1300    500     700     200     400     
3203   2012 5400    3000    -999999 2000    1100    2100    -999999 500     1100    100     200     800     1000    1000    100     -999999 100     100     200     
3203   2013 5100    500     3400    300     2300    1100    900     0       100     0       300     2000    800     200     100     0       300     600     700     
3203   2014 6100    2900    4100    800     3500    1700    500     0       100     1200    1400    900     900     300     500     100     200     200     300     
3203   2015 4700    1900    2700    800     1900    1100    900     0       -999999 700     700     500     400     300     400     400     300     200     300     
3203   2016 5900    3900    2000    2400    1500    900     1400    1600    500     1000    500     0       700     100     100     600     300     500     0       
3203   2017 5900    4100    1900    1300    2600    1100    900     1100    200     2000    600     0       400     0       700     200     400     300     0       
3203   2018 8500    2300    4300    1400    1500    2600    2600    900     500     200     700     600     1800    0       800     400     2200    0       400     
3203   2019 -999999 -999999 -999999 1600    -999999 -999999 -999999 400     800     -999999 600     -999999 -999999 -999999 -999999 -999999 -999999 -999999 -999999 
