EUROPEAN CLIMATE ASSESSMENT & DATASET (ECA&D), file created on: 20-01-2022
THESE DATA CAN BE USED FOR NON-COMMERCIAL RESEARCH AND EDUCATION PROVIDED THAT THE FOLLOWING SOURCE IS ACKNOWLEDGED: 

Klein Tank, A.M.G. and Coauthors, 2002. Daily dataset of 20th-century surface
air temperature and precipitation series for the European Climate Assessment.
Int. J. of Climatol., 22, 1441-1453.
Data and metadata available at http://www.ecad.eu

FILE FORMAT (MISSING VALUE CODE = -999999):

THIS FILE HOLDS DATA FOR STATION RUSSIAN FEDERATION                       BERINGOVSKAYA                            (STAID:   8148)
LATITUDE: dd:mm:ss +63:03:00
LONGITUDE: ddd:mm:ss +179:19:00
ELEVATION: m    3

DATA IS FOR INDEX Days with TN > 90th percentile of daily min temp (warm nights) (TN90p) with unit 0.01 No of days

01-06 SOUID: Source identifier
08-11 YEAR : YYYY
13-20 ANNUAL DATA VALUES
21-28 WINTER HALF YEAR DATA VALUES
29-36 SUMMER HALF YEAR DATA VALUES
37-44 WINTER (DJF) DATA VALUES
45-52 SPRING (MAM) DATA VALUES
53-60 SUMMER (JJA) DATA VALUES
61-68 AUTUMN (SON) DATA VALUES
69-76 JANUARY DATA VALUES
etc. 
157-164 DECEMBER DATA VALUES

8148   1959 -999999 -999999 -999999 -999999 -999999 -999999 1800    -999999 -999999 -999999 -999999 -999999 -999999 1600    800     600     600     600     0       
8148   1960 -999999 -999999 1200    -999999 900     800     1000    -999999 300     900     0       0       200     300     300     400     300     300     300     
8148   1961 2200    1700    600     1100    300     200     900     800     0       0       200     100     0       100     100     100     400     400     0       
8148   1962 6700    3600    2700    2000    2300    1100    300     900     1100    800     1000    500     500     500     100     100     100     100     1000    
8148   1963 -999999 -999999 -999999 -999999 -999999 -999999 -999999 -999999 -999999 -999999 -999999 -999999 -999999 -999999 -999999 -999999 -999999 -999999 -999999 
8148   1964 3900    -999999 2500    -999999 900     1800    700     0       0       200     300     400     1400    400     0       0       100     600     500     
8148   1965 2400    1700    700     500     1200    0       900     0       0       500     700     0       0       0       0       0       100     800     300     
8148   1966 2800    1900    900     800     200     600     -999999 200     300     200     0       0       200     200     200     300     100     -999999 700     
8148   1967 8200    -999999 -999999 1000    -999999 2500    600     300     0       1700    -999999 2300    700     1300    500     100     500     0       700     
8148   1968 3800    3100    1500    1800    1300    800     400     900     200     800     0       500     400     400     0       200     100     100     200     
8148   1969 3800    2200    1900    1900    400     900     800     1700    0       100     0       300     0       200     700     700     100     0       0       
8148   1970 2700    300     1500    200     300     700     1000    0       200     0       0       300     500     0       200     500     300     200     500     
8148   1971 1800    1700    200     1200    0       200     400     700     0       0       0       0       0       0       200     0       300     100     500     
8148   1972 4200    1900    1900    1500    100     1100    1300    500     500     0       100     0       0       200     900     700     300     300     700     
8148   1973 3300    2000    1100    1400    600     300     1600    100     600     0       600     0       0       200     100     200     500     900     100     
8148   1974 3100    1600    2400    200     300     1400    1300    100     0       0       200     100     500     600     300     700     600     0       0       
8148   1975 2500    1600    1100    500     600     600     800     200     300     500     100     0       100     200     300     400     100     300     0       
8148   1976 1600    700     1300    300     200     1000    100     300     0       0       0       200     400     200     400     100     0       0       0       
8148   1977 4000    0       3200    0       200     2100    1200    0       0       0       200     0       600     300     1200    900     100     200     500     
8148   1978 3300    1800    1200    1200    1200    0       1200    500     200     300     700     200     0       0       0       300     100     800     200     
8148   1979 -999999 3800    1300    2200    1300    700     -999999 700     1300    700     300     300     300     400     0       0       0       -999999 400     
8148   1980 2000    -999999 1300    700     200     900     600     200     100     0       0       200     100     200     600     200     400     0       0       
8148   1981 6000    1200    3600    400     1800    2000    1400    0       400     400     1000    400     1000    800     200     200     1000    200     400     
8148   1982 4900    4600    700     2400    1400    100     900     800     1200    1000    400     0       0       100     0       200     600     100     500     
8148   1983 3700    1500    2000    500     800     1100    600     0       0       300     100     400     300     500     300     400     200     0       1200    
8148   1984 6300    2300    3400    1500    1500    1500    2900    300     0       600     200     700     600     800     100     1000    800     1100    100     
8148   1985 3800    2700    1000    800     200     800     1200    100     600     0       0       200     0       500     300     0       100     1100    900     
8148   1986 3900    2900    2100    1500    1100    800     1300    100     500     200     700     200     300     100     400     400     300     600     100     
8148   1987 2000    1500    1300    200     1000    700     100     100     0       400     500     100     0       200     500     0       100     0       100     
8148   1988 2400    500     1400    400     100     1300    700     100     200     0       100     0       500     400     400     0       700     0       0       
8148   1989 7000    3200    3600    1500    2300    1700    1400    0       1500    1000    600     700     500     200     1000    600     800     0       100     
8148   1990 5400    1300    4000    100     2100    1800    1200    0       0       400     1000    700     900     400     500     500     200     500     300     
8148   1991 6600    1700    3500    400     1300    2300    2800    100     0       600     400     300     200     1300    800     500     1200    1100    100     
8148   1992 -999999 2500    3100    200     2100    800     -999999 0       100     0       1300    800     400     200     200     200     700     -999999 -999999 
8148   1993 -999999 -999999 -999999 -999999 -999999 -999999 1200    -999999 -999999 0       -999999 -999999 -999999 900     500     0       500     700     0       
8148   1994 2600    1900    1800    700     400     1100    400     0       700     0       400     0       600     100     400     300     100     0       0       
8148   1995 -999999 -999999 -999999 300     -999999 -999999 -999999 100     200     -999999 100     400     600     -999999 -999999 -999999 -999999 -999999 -999999 
8148   1996 -999999 -999999 -999999 -999999 -999999 -999999 -999999 -999999 -999999 -999999 -999999 -999999 -999999 -999999 -999999 -999999 -999999 -999999 -999999 
8148   1997 -999999 -999999 -999999 -999999 -999999 -999999 -999999 -999999 -999999 -999999 -999999 -999999 -999999 -999999 -999999 -999999 -999999 -999999 -999999 
8148   1998 -999999 -999999 -999999 -999999 -999999 -999999 -999999 -999999 -999999 -999999 -999999 -999999 -999999 -999999 -999999 -999999 -999999 -999999 -999999 
8148   1999 -999999 -999999 -999999 -999999 -999999 -999999 -999999 -999999 -999999 -999999 -999999 -999999 -999999 -999999 -999999 -999999 -999999 -999999 -999999 
8148   2000 -999999 -999999 -999999 -999999 -999999 -999999 -999999 -999999 -999999 -999999 -999999 -999999 -999999 -999999 -999999 -999999 -999999 -999999 -999999 
8148   2001 -999999 -999999 -999999 -999999 -999999 -999999 -999999 -999999 -999999 -999999 -999999 -999999 -999999 -999999 -999999 -999999 -999999 -999999 -999999 
8148   2002 -999999 -999999 -999999 -999999 -999999 -999999 -999999 -999999 -999999 -999999 -999999 -999999 -999999 -999999 -999999 -999999 -999999 -999999 -999999 
8148   2003 -999999 -999999 -999999 -999999 -999999 -999999 -999999 -999999 -999999 -999999 -999999 -999999 -999999 -999999 -999999 -999999 -999999 -999999 -999999 
8148   2004 -999999 -999999 -999999 -999999 -999999 -999999 -999999 -999999 -999999 -999999 -999999 -999999 -999999 -999999 -999999 -999999 -999999 -999999 -999999 
8148   2005 -999999 -999999 -999999 -999999 -999999 -999999 -999999 -999999 -999999 -999999 -999999 -999999 -999999 -999999 -999999 -999999 -999999 -999999 -999999 
8148   2006 -999999 -999999 -999999 -999999 -999999 -999999 -999999 -999999 -999999 -999999 -999999 -999999 -999999 -999999 -999999 -999999 -999999 -999999 -999999 
8148   2007 -999999 -999999 -999999 -999999 1000    -999999 -999999 100     500     400     500     100     1300    1800    -999999 1800    100     -999999 600     
8148   2008 3300    -999999 2300    600     500     1600    800     0       0       0       500     0       200     500     900     200     400     200     400     
8148   2009 5400    1200    2800    600     1800    700     1800    100     100     0       300     1500    200     0       500     300     1200    300     900     
8148   2010 7200    2600    5200    1100    500     2500    3500    200     0       0       0       500     800     1200    500     2200    800     500     500     
8148   2011 6500    -999999 4900    -999999 1800    2100    2000    300     -999999 400     100     1300    400     1100    600     1400    500     100     100     
8148   2012 5900    800     3800    200     1500    2300    1800    100     0       0       700     800     600     800     900     0       1000    800     200     
8148   2013 -999999 2400    -999999 200     1400    -999999 -999999 0       0       400     700     300     700     -999999 -999999 -999999 -999999 -999999 -999999 
