EUROPEAN CLIMATE ASSESSMENT & DATASET (ECA&D), file created on: 20-01-2022
THESE DATA CAN BE USED FOR NON-COMMERCIAL RESEARCH AND EDUCATION PROVIDED THAT THE FOLLOWING SOURCE IS ACKNOWLEDGED: 

Klein Tank, A.M.G. and Coauthors, 2002. Daily dataset of 20th-century surface
air temperature and precipitation series for the European Climate Assessment.
Int. J. of Climatol., 22, 1441-1453.
Data and metadata available at http://www.ecad.eu

FILE FORMAT (MISSING VALUE CODE = -999999):

THIS FILE HOLDS DATA FOR STATION KAZAKHSTAN                               TSELINOGRAD GMO                          (STAID:   3025)
LATITUDE: dd:mm:ss +51:07:48
LONGITUDE: ddd:mm:ss +071:22:12
ELEVATION: m  347

DATA IS FOR INDEX Days with TN > 90th percentile of daily min temp (warm nights) (TN90p) with unit 0.01 No of days

01-06 SOUID: Source identifier
08-11 YEAR : YYYY
13-20 ANNUAL DATA VALUES
21-28 WINTER HALF YEAR DATA VALUES
29-36 SUMMER HALF YEAR DATA VALUES
37-44 WINTER (DJF) DATA VALUES
45-52 SPRING (MAM) DATA VALUES
53-60 SUMMER (JJA) DATA VALUES
61-68 AUTUMN (SON) DATA VALUES
69-76 JANUARY DATA VALUES
etc. 
157-164 DECEMBER DATA VALUES

3025   1884 -999999 -999999 -999999 -999999 -999999 -999999 200     -999999 -999999 -999999 -999999 -999999 -999999 0       100     0       200     0       200     
3025   1885 -999999 700     200     300     200     100     300     0       100     200     0       0       100     0       0       100     200     0       -999999 
3025   1886 -999999 -999999 -999999 -999999 -999999 -999999 -999999 -999999 -999999 -999999 -999999 -999999 -999999 -999999 -999999 -999999 -999999 -999999 -999999 
3025   1887 -999999 -999999 -999999 -999999 -999999 -999999 -999999 -999999 -999999 -999999 -999999 -999999 -999999 -999999 -999999 -999999 -999999 -999999 -999999 
3025   1888 -999999 -999999 -999999 -999999 -999999 -999999 -999999 -999999 -999999 -999999 -999999 -999999 -999999 -999999 -999999 -999999 -999999 -999999 -999999 
3025   1889 -999999 -999999 -999999 -999999 -999999 -999999 -999999 -999999 -999999 -999999 -999999 -999999 -999999 -999999 -999999 -999999 -999999 -999999 -999999 
3025   1890 -999999 -999999 -999999 -999999 -999999 -999999 -999999 -999999 -999999 -999999 -999999 -999999 -999999 -999999 0       -999999 -999999 -999999 -999999 
3025   1891 -999999 -999999 -999999 -999999 -999999 -999999 200     -999999 -999999 -999999 -999999 -999999 -999999 -999999 -999999 0       100     100     200     
3025   1892 800     700     400     500     300     100     0       100     200     0       0       300     0       0       100     0       0       0       100     
3025   1893 -999999 800     -999999 200     600     600     -999999 0       100     600     0       0       100     200     300     -999999 -999999 300     0       
3025   1894 1200    -999999 200     800     100     100     200     300     500     100     0       0       0       0       100     100     0       100     0       
3025   1895 1900    1000    600     500     500     300     400     100     400     400     100     0       0       100     200     200     0       200     200     
3025   1896 1000    600     500     400     200     100     400     0       200     0       0       200     0       0       100     200     100     100     100     
3025   1897 -999999 400     -999999 200     0       -999999 -999999 0       100     0       0       0       0       200     -999999 -999999 0       0       100     
3025   1898 2100    1000    300     1000    100     200     400     600     300     0       0       100     0       100     100     0       0       400     500     
3025   1899 2000    1700    700     1200    200     400     700     300     400     100     0       100     0       200     200     200     200     300     0       
3025   1900 1400    500     900     0       200     600     200     0       0       0       0       200     200     300     100     100     100     0       400     
3025   1901 900     700     600     400     500     300     0       0       0       200     200     100     100     100     100     0       0       0       100     
3025   1902 1900    1200    600     1000    300     400     300     900     0       200     0       100     200     200     0       100     0       200     0       
3025   1903 1800    1800    200     1500    100     100     100     400     1100    100     0       0       0       100     0       100     0       0       0       
3025   1904 2700    600     500     600     0       400     500     0       600     0       0       0       100     100     200     100     200     200     1200    
3025   1905 2300    2000    500     -999999 100     300     1300    400     0       0       0       100     300     0       0       100     700     500     200     
3025   1906 2400    1700    900     300     300     600     400     0       100     200     100     0       100     200     300     200     100     100     1000    
3025   1907 1600    1500    700     1200    100     600     400     100     100     100     0       0       0       0       600     100     300     0       300     
3025   1908 500     800     300     300     300     200     0       0       0       200     0       100     0       0       200     0       0       0       0       
3025   1909 1400    300     500     300     0       400     600     0       300     0       0       0       0       200     200     100     0       500     100     
3025   1910 1800    1100    700     400     500     400     600     300     0       200     0       300     0       100     300     0       100     500     0       
3025   1911 1000    1000    300     300     100     100     500     100     200     100     0       0       0       100     0       200     100     200     0       
3025   1912 900     800     200     500     200     0       0       300     200     0       0       200     0       0       0       0       0       0       200     
3025   1913 1900    700     400     600     200     200     400     300     100     100     0       100     0       100     100     100     300     0       700     
3025   1914 2600    2500    400     2000    300     300     400     400     900     200     100     0       0       0       300     0       200     200     300     
3025   1915 3100    1500    1700    900     1000    600     500     300     300     200     600     200     300     100     200     300     200     0       400     
3025   1916 1900    1000    1100    800     300     500     700     400     0       0       0       300     100     100     300     300     200     200     0       
3025   1917 -999999 800     500     400     500     0       -999999 200     200     0       0       500     0       0       0       0       100     -999999 0       
3025   1918 1700    -999999 800     600     100     800     200     400     200     100     0       0       0       0       800     0       200     0       0       
3025   1919 -999999 800     -999999 500     400     -999999 -999999 0       500     100     100     200     0       -999999 -999999 -999999 -999999 -999999 -999999 
3025   1920 -999999 -999999 -999999 -999999 -999999 -999999 -999999 -999999 -999999 -999999 -999999 -999999 -999999 -999999 -999999 -999999 -999999 -999999 -999999 
3025   1921 -999999 -999999 -999999 -999999 -999999 -999999 -999999 -999999 -999999 -999999 -999999 -999999 -999999 -999999 -999999 -999999 -999999 -999999 -999999 
3025   1922 -999999 -999999 -999999 -999999 -999999 -999999 -999999 -999999 -999999 -999999 -999999 -999999 -999999 -999999 -999999 -999999 100     400     500     
3025   1923 -999999 -999999 900     -999999 100     900     1600    300     -999999 100     0       0       700     0       200     0       1000    600     600     
3025   1924 1300    2500    200     700     200     200     500     0       100     200     0       0       0       200     0       0       100     400     300     
3025   1925 2300    2200    200     1500    300     100     400     600     600     200     0       100     0       0       100     0       300     100     300     
3025   1926 1400    1400    100     600     400     100     400     200     100     400     0       0       0       100     0       0       200     200     200     
3025   1927 -999999 1100    -999999 700     300     -999999 300     300     200     0       200     100     100     -999999 500     300     0       0       0       
3025   1928 1100    300     200     300     200     0       600     0       300     0       0       200     0       0       0       0       300     300     0       
3025   1929 1600    1100    900     300     400     700     200     0       300     200     200     0       200     200     300     0       100     100     0       
3025   1930 900     900     100     300     400     100     0       200     100     400     0       0       100     0       0       0       0       0       100     
3025   1931 1700    300     1000    300     0       800     300     200     0       0       0       0       100     500     200     200     100     0       400     
3025   1932 1300    800     700     600     600     200     300     200     0       100     400     100     0       100     100     0       100     200     0       
3025   1933 900     300     500     0       100     400     300     0       0       0       0       100     0       200     200     0       0       300     100     
3025   1934 600     400     200     100     100     100     200     0       0       0       0       100     100     0       0       0       200     0       200     
3025   1935 2100    1400    700     1100    500     300     400     0       900     100     100     300     100     100     100     0       400     0       0       
3025   1936 1800    1100    500     700     0       500     300     100     600     0       0       0       100     400     0       0       300     0       300     
3025   1937 2500    900     1300    600     0       900     1000    100     200     0       0       0       0       400     500     400     500     100     300     
3025   1938 1900    1000    1300    300     1200    200     500     0       0       100     700     400     0       0       200     0       100     400     0       
3025   1939 1200    900     600     400     200     200     200     200     200     0       0       200     0       100     100     200     0       0       200     
3025   1940 2500    1200    700     500     800     600     400     200     100     700     0       100     100     300     200     0       100     300     400     
3025   1941 1700    1600    500     1000    400     300     300     200     400     200     200     0       100     0       200     0       100     200     100     
3025   1942 2300    600     1100    300     200     800     900     100     100     0       200     0       400     0       400     100     300     500     200     
3025   1943 800     1200    500     300     100     500     100     100     0       100     0       0       0       300     200     0       100     0       0       
3025   1944 3000    2000    800     700     1700    100     500     100     600     1200    100     400     0       0       100     200     300     0       0       
3025   1945 2000    300     1100    0       100     900     1000    0       0       0       100     0       0       0       900     100     800     100     0       
3025   1946 1600    2000    200     1100    200     0       300     200     900     0       0       200     0       0       0       0       300     0       0       
3025   1947 2500    1000    600     300     800     200     1000    300     0       400     400     0       0       100     100     0       100     900     200     
3025   1948 -999999 2400    1000    1400    300     700     -999999 1100    100     0       100     200     100     400     200     0       300     -999999 -999999 
3025   1949 -999999 -999999 -999999 -999999 -999999 1100    300     -999999 -999999 -999999 -999999 -999999 400     0       700     0       300     0       0       
3025   1950 800     300     400     0       200     100     500     0       0       0       200     0       0       100     0       100     200     200     0       
3025   1951 3300    600     2000    200     600     900     500     200     0       0       200     400     200     600     100     500     0       0       1100    
3025   1952 1800    1200    1600    1200    400     1000    300     100     0       0       0       400     300     200     500     200     100     0       0       
3025   1953 3400    1400    1700    900     800     600     900     200     700     400     0       400     200     400     0       700     200     0       200     
3025   1954 2600    700     800     400     200     500     1700    0       200     100     0       100     0       200     300     200     500     1000    0       
3025   1955 3000    2100    1700    600     300     1200    500     200     400     0       0       300     500     200     500     200     100     200     400     
3025   1956 1800    1100    400     600     300     300     900     100     100     200     100     0       0       100     200     0       400     500     100     
3025   1957 2200    1300    1100    400     600     300     900     100     200     0       0       600     100     100     100     200     400     300     100     
3025   1958 2100    1900    300     1100    100     100     600     100     900     100     0       0       0       0       100     200     100     300     300     
3025   1959 1200    1300    600     800     200     300     200     500     0       100     0       100     100     0       200     200     0       0       0       
3025   1960 1600    700     500     700     0       200     500     300     400     0       0       0       100     0       100     300     100     100     200     
3025   1961 -999999 1000    1600    500     1500    300     -999999 300     0       300     600     600     0       0       300     100     0       -999999 -999999 
3025   1962 4600    -999999 2500    -999999 1600    1200    700     300     500     800     200     600     700     200     300     500     200     0       300     
3025   1963 4800    2700    800     2000    600     700     1700    800     900     500     0       100     500     200     0       0       700     1000    100     
3025   1964 1900    1900    500     200     100     300     900     100     0       0       0       100     100     100     100     100     0       800     500     
3025   1965 4700    2000    2800    1200    600     1800    1100    700     0       0       400     200     100     1100    600     400     400     300     500     
3025   1966 3300    2500    1900    1300    800     1500    200     300     500     500     200     100     500     600     400     100     100     0       0       
3025   1967 3500    500     1500    100     1500    300     1300    100     0       300     600     600     100     100     100     0       1000    300     300     
3025   1968 3700    3200    1900    1000    1600    900     500     200     500     900     100     600     200     200     500     300     100     100     0       
3025   1969 1800    200     1000    0       100     400     1100    0       0       0       100     0       200     200     0       500     300     300     200     
3025   1970 2600    1600    1700    700     1100    500     500     0       500     300     400     400     100     200     200     400     100     0       0       
3025   1971 3000    900     500     100     700     100     1300    100     0       700     0       0       0       100     0       400     600     300     800     
3025   1972 1700    1700    800     800     500     100     600     0       0       0       400     100     100     0       0       200     100     300     500     
3025   1973 3300    1400    1500    700     700     1000    1100    0       200     300     400     0       400     400     200     100     200     800     300     
3025   1974 3600    2200    2400    800     1200    1400    500     400     100     400     300     500     400     1000    0       200     200     100     0       
3025   1975 4900    2000    2300    1200    1900    700     500     800     400     500     1300    100     200     300     200     200     300     0       600     
3025   1976 3400    2100    2200    1800    800     1300    100     1000    200     0       300     500     400     100     800     100     0       0       0       
3025   1977 5400    900     3500    300     2200    1700    1200    0       300     600     800     800     1200    400     100     200     100     900     0       
3025   1978 3600    1600    1800    400     500     800     1300    0       400     200     300     0       600     0       200     700     400     200     600     
3025   1979 4500    1900    2100    1200    200     1300    1800    0       600     100     0       100     200     800     300     700     1100    0       600     
3025   1980 3200    1800    2400    700     800     1100    1000    0       100     0       300     500     300     500     300     500     100     400     200     
3025   1981 5800    2300    3200    1400    1100    1900    1400    400     800     400     300     400     400     200     1300    600     400     400     200     
3025   1982 4500    1500    2500    500     1600    700     1400    200     100     200     600     800     400     200     100     400     800     200     500     
3025   1983 5900    3900    1600    2700    600     1000    1800    1100    1100    200     300     100     100     500     400     200     700     900     300     
3025   1984 2900    2600    1500    800     400     1100    900     500     0       200     0       200     200     300     600     200     400     300     0       
3025   1985 2100    1200    1400    500     400     600     400     200     300     0       400     0       100     300     200     400     0       0       200     
3025   1986 2800    900     1700    600     1000    700     700     200     200     300     300     400     0       400     300     300     100     300     0       
3025   1987 6000    1800    3500    1300    1300    1900    800     700     600     100     0       1200    500     700     700     400     200     200     700     
3025   1988 6200    2400    3700    1400    1100    2200    1500    700     0       600     400     100     700     500     1000    1000    100     400     700     
3025   1989 5900    3000    2700    2200    1100    1800    700     600     900     300     200     600     200     1000    600     100     500     100     800     
3025   1990 4500    3300    1500    1600    1400    800     1100    300     500     1100    0       300     800     0       0       400     500     200     400     
3025   1991 6100    1800    3700    900     1100    1900    2600    500     0       200     400     500     1200    500     200     900     1200    500     0       
3025   1992 4200    3300    1600    1600    900     700     900     600     1000    0       100     800     200     300     200     0       600     300     100     
3025   1993 2900    2200    1100    1300    100     900     400     900     300     0       0       100     300     100     500     100     300     0       300     
3025   1994 3500    1200    1600    800     900     600     1400    400     100     100     200     600     300     100     200     200     400     800     100     
3025   1995 5000    2700    2500    800     1700    1300    1200    300     400     700     600     400     200     500     600     200     600     400     100     
3025   1996 3300    1300    1800    300     700     800     1300    0       200     0       0       700     200     400     200     300     500     500     300     
3025   1997 7400    3300    3300    1500    3000    600     2400    900     300     800     1200    1000    200     200     200     500     1600    300     200     
3025   1998 4200    2200    2800    300     200     2400    800     0       100     0       0       200     200     1000    1200    200     500     100     700     
3025   1999 7300    3300    2900    2500    800     1600    2700    1200    600     200     200     400     0       500     1100    700     1500    500     400     
3025   2000 5200    3600    3300    1300    1600    1800    200     300     600     300     1200    100     600     300     900     200     0       0       700     
3025   2001 7900    3200    3000    1500    3700    800     2000    600     200     1700    900     1100    100     100     600     200     300     1500    600     
3025   2002 8600    7800    2100    3800    2700    900     1800    1400    1800    2200    300     200     0       200     700     700     500     600     0       
3025   2003 5300    1700    4100    500     1300    1900    1300    300     200     100     300     900     100     200     1600    1000    200     100     300     
3025   2004 7000    1900    3400    1300    1900    1200    2400    100     900     300     600     1000    400     400     400     600     1100    700     500     
3025   2005 7400    3800    3900    1300    2300    2000    1700    700     100     700     1000    600     900     400     700     300     1000    400     600     
3025   2006 9400    4300    3300    1400    3200    1200    2300    0       800     1500    1000    700     700     200     300     400     500     1400    1900    
3025   2007 8500    6100    4400    3800    2300    1700    2300    1100    800     400     1000    900     400     300     1000    800     1000    500     300     
3025   2008 -999999 4200    4000    600     3900    1800    -999999 0       300     2100    1000    800     300     800     700     400     -999999 500     400     
3025   2009 -999999 -999999 1800    1100    1600    900     -999999 300     400     700     500     400     400     100     400     -999999 -999999 -999999 -999999 
