EUROPEAN CLIMATE ASSESSMENT & DATASET (ECA&D), file created on: 20-01-2022
THESE DATA CAN BE USED FOR NON-COMMERCIAL RESEARCH AND EDUCATION PROVIDED THAT THE FOLLOWING SOURCE IS ACKNOWLEDGED: 

Klein Tank, A.M.G. and Coauthors, 2002. Daily dataset of 20th-century surface
air temperature and precipitation series for the European Climate Assessment.
Int. J. of Climatol., 22, 1441-1453.
Data and metadata available at http://www.ecad.eu

FILE FORMAT (MISSING VALUE CODE = -999999):

THIS FILE HOLDS DATA FOR STATION UNITED KINGDOM                           ARBROATH                                 (STAID:  17472)
LATITUDE: dd:mm:ss +56:33:38
LONGITUDE: ddd:mm:ss -002:34:15
ELEVATION: m   29

DATA IS FOR INDEX Days with TN > 90th percentile of daily min temp (warm nights) (TN90p) with unit 0.01 No of days

01-06 SOUID: Source identifier
08-11 YEAR : YYYY
13-20 ANNUAL DATA VALUES
21-28 WINTER HALF YEAR DATA VALUES
29-36 SUMMER HALF YEAR DATA VALUES
37-44 WINTER (DJF) DATA VALUES
45-52 SPRING (MAM) DATA VALUES
53-60 SUMMER (JJA) DATA VALUES
61-68 AUTUMN (SON) DATA VALUES
69-76 JANUARY DATA VALUES
etc. 
157-164 DECEMBER DATA VALUES

17472  1914 4100    -999999 2400    -999999 1100    1300    1000    0       600     400     300     400     300     1000    0       400     100     500     100     
17472  1915 1500    1100    900     200     400     300     700     0       100     300     100     0       100     100     100     500     200     0       0       
17472  1916 2400    1100    800     900     200     400     900     800     100     0       200     0       0       300     100     200     300     400     0       
17472  1917 2000    900     1200    200     200     800     800     200     0       0       100     100     100     400     300     200     0       600     0       
17472  1918 3300    -999999 1600    900     1500    300     0       600     300     200     100     1200    0       300     0       0       0       0       600     
17472  1919 1600    600     1500    600     800     400     400     0       0       0       400     400     300     0       100     300     100     0       0       
17472  1920 2900    1300    600     -999999 900     100     1300    200     -999999 600     100     200     100     0       0       200     300     800     0       
17472  1921 4600    2100    2500    600     1200    1500    1000    200     400     400     600     200     300     900     300     200     600     200     300     
17472  1922 900     -999999 600     -999999 600     0       200     0       0       0       0       600     0       0       0       0       0       200     100     
17472  1923 2100    1300    1000    1100    300     700     0       500     500     0       200     100     200     400     100     0       0       0       100     
17472  1924 2200    400     400     400     100     300     700     100     200     0       100     0       300     0       0       0       0       700     800     
17472  1925 1700    1700    800     900     500     400     600     100     0       100     0       400     0       400     0       0       500     100     100     
17472  1926 4100    2300    1700    1100    1300    700     700     300     700     600     400     300     100     500     100     300     200     200     400     
17472  1927 4200    2300    1700    1200    1500    700     700     300     500     700     600     200     0       0       700     200     100     400     500     
17472  1928 2000    1500    1100    800     500     400     800     0       300     200     300     0       0       400     0       400     0       400     0       
17472  1929 2200    600     1100    0       400     500     1000    0       0       200     100     100     0       500     0       400     0       600     300     
17472  1930 3600    1700    2100    700     1000    800     1200    400     0       400     400     200     400     200     200     700     300     200     200     
17472  1931 2600    900     900     400     400     400     1300    100     100     0       200     200     300     100     0       100     300     900     300     
17472  1932 4300    3000    2000    1400    900     1100    700     900     200     400     0       500     0       600     500     400     0       300     500     
17472  1933 4600    1300    3400    -999999 1300    1700    1100    100     -999999 200     800     300     100     900     700     600     200     300     200     
17472  1934 5200    1500    2200    900     700     1200    1000    300     400     100     400     200     300     800     100     400     200     400     1600    
17472  1935 3500    3500    1700    2300    800     1300    700     300     400     600     100     100     500     300     500     200     100     400     0       
17472  1936 3600    1300    2400    300     900     1400    700     200     100     500     0       400     500     500     400     600     100     0       300     
17472  1937 2900    1200    1800    1100    300     1000    800     800     0       0       200     100     0       400     600     500     0       300     0       
17472  1938 6400    2600    2600    800     2400    1100    1700    400     400     1500    500     400     100     200     800     600     200     900     400     
17472  1939 5200    3000    3000    1600    700     1400    1700    200     1000    300     300     100     300     200     900     1200    100     400     200     
17472  1940 1600    900     900     200     500     600     500     0       0       200     100     200     300     200     100     0       100     400     0       
17472  1941 2400    500     1400    0       200     700     1200    0       0       0       200     0       400     200     100     500     500     200     300     
17472  1942 1500    1000    900     300     400     400     100     0       0       0       200     200     300     0       100     100     0       0       600     
17472  1943 3100    1600    1600    1500    1100    500     500     200     700     100     700     300     300     100     100     100     0       400     100     
17472  1944 2100    1400    1200    700     1200    200     100     300     300     300     400     500     0       100     100     100     0       0       0       
17472  1945 4400    1400    1600    700     1400    500     1500    0       700     700     300     400     100     400     0       400     200     900     300     
17472  1946 -999999 -999999 -999999 -999999 -999999 -999999 600     -999999 200     400     700     -999999 -999999 -999999 -999999 300     100     200     0       
17472  1947 -999999 -999999 -999999 100     -999999 -999999 -999999 100     0       -999999 -999999 -999999 -999999 -999999 -999999 -999999 -999999 -999999 -999999 
17472  1948 -999999 -999999 -999999 -999999 -999999 -999999 -999999 -999999 -999999 -999999 -999999 -999999 -999999 -999999 -999999 -999999 -999999 -999999 -999999 
17472  1949 -999999 -999999 -999999 -999999 -999999 -999999 -999999 -999999 -999999 -999999 -999999 -999999 -999999 -999999 -999999 -999999 -999999 -999999 -999999 
17472  1950 -999999 -999999 -999999 -999999 -999999 -999999 -999999 700     -999999 -999999 -999999 -999999 -999999 -999999 -999999 -999999 -999999 -999999 -999999 
17472  1951 -999999 -999999 -999999 -999999 -999999 300     1800    -999999 -999999 -999999 -999999 100     0       300     0       300     400     1100    -999999 
17472  1952 3300    -999999 2300    -999999 1500    1200    0       100     300     400     300     800     500     600     100     0       0       0       200     
17472  1953 6100    2000    2200    1700    1400    800     1800    600     900     300     100     1000    700     100     0       300     500     1000    600     
17472  1954 1900    2200    600     700     500     0       500     0       100     0       400     100     0       0       0       100     100     300     800     
17472  1955 3100    1400    1900    1000    700     1000    1100    200     0       0       700     0       100     600     300     200     300     600     100     
17472  1956 2500    1300    1100    400     400     400     500     200     100     0       200     200     0       400     0       300     200     0       900     
17472  1957 3500    1900    -999999 1000    1400    1100    -999999 100     0       700     400     300     600     500     0       -999999 100     800     0       
17472  1958 2400    1000    2100    100     300     400     1600    100     0       0       200     100     100     300     0       1400    0       200     0       
17472  1959 -999999 -999999 -999999 -999999 -999999 -999999 -999999 -999999 -999999 -999999 -999999 -999999 -999999 -999999 -999999 -999999 -999999 -999999 -999999 
17472  1960 -999999 -999999 -999999 -999999 -999999 -999999 -999999 -999999 -999999 -999999 -999999 -999999 -999999 -999999 -999999 -999999 -999999 -999999 -999999 
17472  1961 5500    -999999 2500    -999999 2800    600     900     0       1000    1400    1000    400     300     200     100     500     400     0       200     
17472  1962 1400    800     500     400     300     100     700     100     100     0       100     200     100     0       0       100     200     400     100     
17472  1963 -999999 700     -999999 100     100     -999999 900     0       0       0       100     0       200     100     -999999 100     100     700     300     
17472  1964 2800    1700    1400    900     800     400     1000    200     400     0       400     400     100     100     200     200     200     600     0       
17472  1965 1400    1400    400     400     500     0       500     200     200     200     100     200     0       0       0       100     400     0       0       
17472  1966 1100    900     500     200     400     200     300     100     100     300     0       100     200     0       0       200     100     0       0       
17472  1967 2600    1400    800     800     1000    100     300     300     500     500     500     0       100     0       0       200     100     0       400     
17472  1968 3300    1300    900     800     400     400     1800    400     0       400     0       0       0       200     200     500     600     700     300     
17472  1969 4100    -999999 2400    800     200     1700    1700    500     0       -999999 0       200     200     500     1000    500     1200    0       0       
17472  1970 1900    1400    1100    100     200     600     900     100     0       100     100     0       300     100     200     400     0       500     100     
17472  1971 4400    2100    1000    1500    400     300     1200    700     700     100     100     200     0       300     0       400     500     300     1100    
17472  1972 2800    -999999 1000    1900    1300    100     300     600     200     400     700     200     100     0       0       0       200     100     300     
17472  1973 4000    1700    2700    1000    900     1800    500     400     300     400     300     200     700     800     300     400     100     0       100     
17472  1974 3200    1400    1400    1300    400     800     200     900     300     0       0       400     200     300     300     200     0       0       600     
17472  1975 5100    1700    2900    1700    700     2100    600     600     500     0       500     200     300     600     1200    100     500     0       600     
17472  1976 6100    2300    4100    1700    1000    2500    1500    400     700     100     300     600     1200    1000    300     700     500     300     0       
17472  1977 2700    1200    1200    100     600     800     900     100     0       300     100     200     100     200     500     100     800     0       300     
17472  1978 4800    -999999 2000    -999999 1300    600     2100    200     100     400     300     600     400     0       200     500     800     800     500     
17472  1979 1500    -999999 500     -999999 300     200     700     0       0       100     0       200     0       200     0       100     400     200     300     
17472  1980 4100    1500    2700    900     500     1500    900     0       600     0       300     200     600     200     700     700     0       200     600     
17472  1981 3800    -999999 2600    1200    1900    700     600     300     300     500     500     900     200     200     300     500     0       100     0       
17472  1982 4800    -999999 3400    -999999 1400    1800    1000    0       600     0       1200    200     600     400     800     200     200     600     0       
17472  1983 5100    2500    2300    800     900     2200    700     800     0       900     0       0       100     1200    900     100     200     400     500     
17472  1984 5400    -999999 3000    900     500     2300    1500    100     300     100     300     100     700     800     800     300     100     1100    700     
17472  1985 2600    2000    1700    700     1000    400     800     0       0       100     600     300     0       400     0       400     400     0       400     
17472  1986 2000    800     1300    400     200     700     800     0       0       0       0       200     300     400     0       400     100     300     300     
17472  1987 3000    900     1400    400     900     600     300     0       100     100     700     100     0       200     400     0       0       300     1100    
17472  1988 4400    -999999 2100    -999999 1000    1100    900     400     300     200     300     500     500     300     300     200     600     100     700     
17472  1989 6500    -999999 3600    -999999 1600    2000    1400    1000    500     400     400     800     1000    800     200     400     200     800     0       
17472  1990 6300    3900    2400    1200    2600    1300    1100    700     500     1700    400     500     200     300     800     200     600     300     100     
17472  1991 5500    1800    3800    200     2000    2000    1300    0       100     700     700     600     100     1300    600     500     300     500     100     
17472  1992 5300    -999999 3500    1000    2400    1700    200     200     700     800     600     1000    1200    500     0       200     0       0       100     
17472  1993 3400    -999999 1500    -999999 1400    500     300     100     1100    500     600     300     300     200     0       100     0       200     0       
17472  1994 -999999 500     -999999 200     400     -999999 -999999 100     100     100     300     0       -999999 -999999 -999999 -999999 -999999 -999999 -999999 
