EUROPEAN CLIMATE ASSESSMENT & DATASET (ECA&D), file created on: 20-01-2022
THESE DATA CAN BE USED FOR NON-COMMERCIAL RESEARCH AND EDUCATION PROVIDED THAT THE FOLLOWING SOURCE IS ACKNOWLEDGED: 

Klein Tank, A.M.G. and Coauthors, 2002. Daily dataset of 20th-century surface
air temperature and precipitation series for the European Climate Assessment.
Int. J. of Climatol., 22, 1441-1453.
Data and metadata available at http://www.ecad.eu

FILE FORMAT (MISSING VALUE CODE = -999999):

THIS FILE HOLDS DATA FOR STATION CZECH REPUBLIC                           SEMCICE                                  (STAID:   3564)
LATITUDE: dd:mm:ss +50:22:01
LONGITUDE: ddd:mm:ss +015:00:12
ELEVATION: m  234

DATA IS FOR INDEX Days with TN > 90th percentile of daily min temp (warm nights) (TN90p) with unit 0.01 No of days

01-06 SOUID: Source identifier
08-11 YEAR : YYYY
13-20 ANNUAL DATA VALUES
21-28 WINTER HALF YEAR DATA VALUES
29-36 SUMMER HALF YEAR DATA VALUES
37-44 WINTER (DJF) DATA VALUES
45-52 SPRING (MAM) DATA VALUES
53-60 SUMMER (JJA) DATA VALUES
61-68 AUTUMN (SON) DATA VALUES
69-76 JANUARY DATA VALUES
etc. 
157-164 DECEMBER DATA VALUES

3564   1950 4100    -999999 3100    -999999 1500    1700    300     300     300     300     300     900     300     600     800     200     0       100     0       
3564   1951 4500    900     3100    700     400     1800    1500    200     500     100     200     100     400     600     800     1000    0       500     100     
3564   1952 3800    1200    3000    700     1700    1200    300     400     200     0       1100    600     100     400     700     100     100     100     0       
3564   1953 5200    900     2900    500     1300    1500    1500    200     300     200     500     600     900     600     0       300     800     400     400     
3564   1954 3100    1800    2100    500     600     700     1300    100     0       100     300     200     500     0       200     900     300     100     400     
3564   1955 3700    1000    2400    400     500     1300    1400    0       0       200     100     200     300     800     200     800     100     500     500     
3564   1956 2500    1300    1400    700     500     400     900     200     0       0       200     300     100     200     100     500     300     100     500     
3564   1957 3800    2700    1400    1500    1000    1200    500     400     600     800     200     0       300     900     0       0       0       500     100     
3564   1958 2300    1100    1100    600     700     400     600     100     400     0       0       700     0       200     200     0       200     400     100     
3564   1959 2300    900     1500    100     600     1100    400     0       0       200     300     100     100     400     600     0       100     300     200     
3564   1960 2900    1200    1000    700     300     600     1000    500     0       100     100     100     200     0       400     200     500     300     500     
3564   1961 3900    2400    1700    1200    1300    500     1000    0       700     400     700     200     100     100     300     300     500     200     400     
3564   1962 3300    1800    2000    1100    1000    700     900     700     0       0       900     100     600     0       100     300     100     500     0       
3564   1963 2800    600     1500    0       500     600     1700    0       0       0       400     100     100     300     200     400     0       1300    0       
3564   1964 2900    1400    2200    100     200     1800    800     0       100     0       100     100     900     600     300     200     0       600     0       
3564   1965 2000    800     1500    200     100     1000    500     200     0       0       0       100     200     400     400     400     0       100     200     
3564   1966 5100    1700    1600    1400    700     900     2300    100     1100    200     400     100     600     100     200     200     2000    100     0       
3564   1967 3000    2900    1400    400     1200    400     900     100     300     400     400     400     300     100     0       200     700     0       100     
3564   1968 2800    1300    1800    400     1000    1000    500     200     100     200     600     200     300     300     400     0       200     300     0       
3564   1969 3800    600     3000    100     1100    1400    1200    100     0       0       400     700     200     800     400     500     100     600     0       
3564   1970 2500    900     1100    200     100     800     1100    200     0       0       0       100     300     200     300     200     100     800     300     
3564   1971 4800    2100    2700    1100    1300    1500    300     400     400     100     500     700     100     600     800     0       100     200     900     
3564   1972 4900    3400    1900    2300    1100    1500    700     200     1200    800     200     100     300     700     500     100     100     500     200     
3564   1973 2200    1200    1700    400     700     700     600     0       200     200     100     400     200     300     200     500     0       100     0       
3564   1974 5100    3100    1000    1700    1600    600     200     600     1100    1300    200     100     0       0       600     100     0       100     1000    
3564   1975 4700    3000    2500    2300    900     1100    1300    1200    100     600     0       300     500     300     300     1100    200     0       100     
3564   1976 2600    900     1300    700     400     700     900     500     100     0       300     100     100     400     200     200     400     300     0       
3564   1977 4400    2700    1200    600     1700    600     1200    200     400     1400    100     200     400     0       200     300     500     400     300     
3564   1978 1900    1800    600     400     900     100     400     100     0       500     100     300     100     0       0       100     200     100     400     
3564   1979 3300    800     1900    400     800     1000    500     0       0       100     0       700     900     0       100     200     200     100     1000    
3564   1980 2800    2000    900     1500    200     600     1100    100     400     200     0       0       400     0       200     300     300     500     400     
3564   1981 5400    2800    3100    700     2100    1600    1400    100     200     1300    400     400     900     300     400     700     300     400     0       
3564   1982 4500    800     3000    100     400     2100    1600    100     0       0       100     300     700     800     600     500     500     600     300     
3564   1983 6100    3200    3200    1700    1800    1400    800     1400    0       400     800     600     0       900     500     400     300     100     700     
3564   1984 2400    1400    800     1000    200     500     1200    300     0       0       0       200     200     200     100     100     500     600     200     
3564   1985 3600    1600    2300    300     1400    1000    500     0       100     200     200     1000    200     300     500     100     300     100     600     
3564   1986 3700    1700    2600    1200    1800    800     400     500     100     100     800     900     500     100     200     100     0       300     100     
3564   1987 3200    800     1100    400     200     600     1400    100     200     100     100     0       100     300     200     400     500     500     700     
3564   1988 5100    3200    2500    2200    1200    900     1000    1000    500     0       600     600     0       500     400     400     600     0       500     
3564   1989 6800    2800    3100    1900    800     1600    1900    500     900     300     500     0       0       1000    600     1000    600     300     1100    
3564   1990 4600    4500    1400    2700    1200    1100    500     800     800     900     0       300     400     300     400     0       300     200     200     
3564   1991 4600    2400    2300    1100    1300    1500    900     900     0       800     400     100     100     600     800     300     400     200     0       
3564   1992 5500    2000    3700    1100    500     3200    500     600     500     300     100     100     900     700     1600    300     100     100     200     
3564   1993 3900    1600    2200    1100    1600    600     500     900     0       300     600     700     200     100     300     300     100     100     300     
3564   1994 7600    2900    3800    1700    1600    2700    1300    1400    0       1000    300     300     400     1500    800     500     100     700     600     
3564   1995 4900    2800    2700    1800    1100    1600    1000    300     900     200     500     400     200     1100    300     200     700     100     0       
3564   1996 2500    1200    1000    400     300     700     1100    400     0       0       300     0       700     0       0       0       400     700     0       
3564   1997 3900    1800    2000    500     900     800     1100    0       500     200     0       700     200     0       600     500     200     400     600     
3564   1998 4800    3300    2400    2200    1800    800     500     600     1000    500     700     600     500     200     100     300     200     0       100     
3564   1999 3800    1200    2500    500     1200    800     1300    300     100     500     200     500     0       700     100     1000    300     0       100     
3564   2000 7200    1500    3800    800     2600    1300    1900    200     500     400     1100    1100    700     100     500     300     1100    500     700     
3564   2001 4500    3400    2200    1300    1200    1500    1200    300     300     500     100     600     0       200     1300    0       1200    0       0       
3564   2002 7200    3400    3900    1900    1300    2400    1300    800     1100    300     200     800     600     700     1100    500     100     700     300     
3564   2003 5100    1600    3400    700     1000    2200    1100    400     0       100     100     800     1000    400     800     300     0       800     400     
3564   2004 3600    2400    1500    1200    700     1000    1000    200     600     400     200     100     100     300     600     200     500     300     100     
3564   2005 4800    1700    3300    600     1900    900     1400    500     0       300     800     800     300     400     200     800     400     200     100     
3564   2006 7000    800     4300    100     600     2800    2900    0       0       100     400     100     800     1800    200     1000    800     1100    700     
3564   2007 6400    5300    3200    3200    1500    1900    200     1700    800     200     400     900     700     600     600     0       100     100     300     
3564   2008 5100    1800    2800    1300    800     1700    1000    400     600     300     200     300     700     600     400     600     0       400     600     
3564   2009 7500    2000    4100    900     2500    1600    2400    100     200     700     1400    400     100     700     800     700     600     1100    700     
3564   2010 5000    2900    3400    700     1100    2700    1200    0       0       500     100     500     500     1500    700     100     0       1100    0       
3564   2011 6000    2600    3200    1100    1600    1500    1200    900     200     400     900     300     400     300     800     500     400     300     600     
3564   2012 7100    3200    4600    1900    1900    2800    1000    1000    300     600     500     800     600     1100    1100    500     0       500     100     
3564   2013 5800    1600    3100    900     1200    1800    1400    700     100     200     500     500     600     400     800     300     800     300     600     
3564   2014 9900    3600    4600    1700    2100    2400    3100    900     200     800     900     400     400     1500    500     900     900     1300    1200    
3564   2015 8800    4800    4500    2300    800     3600    1800    800     300     300     300     200     100     1400    2100    400     300     1100    1500    
3564   2016 -999999 4200    -999999 2800    -999999 1800    2200    200     1100    0       800     -999999 300     800     700     1400    300     500     200     
3564   2017 5100    1900    3500    500     1800    2300    500     0       300     600     600     600     400     900     1000    0       400     100     200     
3564   2018 12100   2100    8300    1300    3300    4200    2700    1000    100     300     1500    1500    1300    1100    1800    1100    600     1000    800     
3564   2019 -999999 3500    4900    1100    1400    4000    -999999 200     100     800     500     100     1600    1200    1200    300     -999999 1000    800     
3564   2020 7100    -999999 2800    2300    700     2000    2000    300     1200    500     100     100     500     300     1200    600     600     800     900     
3564   2021 -999999 2800    3200    1400    300     2100    1400    300     200     0       0       300     1300    600     200     800     300     300     -999999 
