EUROPEAN CLIMATE ASSESSMENT & DATASET (ECA&D), file created on: 20-01-2022
THESE DATA CAN BE USED FOR NON-COMMERCIAL RESEARCH AND EDUCATION PROVIDED THAT THE FOLLOWING SOURCE IS ACKNOWLEDGED: 

Klein Tank, A.M.G. and Coauthors, 2002. Daily dataset of 20th-century surface
air temperature and precipitation series for the European Climate Assessment.
Int. J. of Climatol., 22, 1441-1453.
Data and metadata available at http://www.ecad.eu

FILE FORMAT (MISSING VALUE CODE = -999999):

THIS FILE HOLDS DATA FOR STATION SPAIN                                    LLEIDA                                   (STAID:   3942)
LATITUDE: dd:mm:ss +41:37:32
LONGITUDE: ddd:mm:ss +000:35:42
ELEVATION: m  192

DATA IS FOR INDEX Days with TN > 90th percentile of daily min temp (warm nights) (TN90p) with unit 0.01 No of days

01-06 SOUID: Source identifier
08-11 YEAR : YYYY
13-20 ANNUAL DATA VALUES
21-28 WINTER HALF YEAR DATA VALUES
29-36 SUMMER HALF YEAR DATA VALUES
37-44 WINTER (DJF) DATA VALUES
45-52 SPRING (MAM) DATA VALUES
53-60 SUMMER (JJA) DATA VALUES
61-68 AUTUMN (SON) DATA VALUES
69-76 JANUARY DATA VALUES
etc. 
157-164 DECEMBER DATA VALUES

3942   1947 -999999 -999999 -999999 -999999 -999999 -999999 1400    -999999 -999999 -999999 -999999 -999999 -999999 -999999 -999999 300     500     600     100     
3942   1948 5500    2300    3400    1000    1200    1700    1100    600     300     200     400     600     700     100     900     700     300     100     600     
3942   1949 9100    1700    6500    1100    1800    3200    2800    300     200     200     1200    400     600     1200    1400    1700    700     400     800     
3942   1950 8000    2400    6300    900     800     4900    2200    0       100     400     100     300     1500    2200    1200    1000    500     700     0       
3942   1951 3800    2000    2000    200     900     1400    800     100     100     600     100     200     600     600     200     300     200     300     500     
3942   1952 7500    2200    5000    900     2000    3700    1100    100     300     800     600     600     2200    400     1100    100     600     400     300     
3942   1953 6800    1400    4600    300     2300    1700    1500    0       0       100     600     1600    300     400     1000    700     300     500     1300    
3942   1954 3500    2700    1600    1400    1400    600     900     100     0       500     400     500     400     100     100     100     300     500     500     
3942   1955 7700    3600    4000    2500    1600    2400    1100    1600    400     300     100     1200    700     600     1100    300     400     400     600     
3942   1956 3200    2400    2100    1100    1400    800     500     500     0       500     500     400     0       300     500     400     100     0       0       
3942   1957 3500    1000    2000    400     1100    1300    700     0       400     500     400     200     200     400     700     100     600     0       0       
3942   1958 8100    2200    5000    900     2000    1500    2600    500     400     700     100     1200    400     400     700     2200    200     200     1100    
3942   1959 5000    3300    2500    1500    2200    1300    900     0       400     1400    500     300     200     800     300     400     400     100     200     
3942   1960 4200    1800    2800    1000    1800    1300    300     500     300     300     100     1400    1100    0       200     0       0       300     0       
3942   1961 5500    800     4000    500     2200    1200    1300    0       500     0       1000    1200    800     300     100     600     100     600     300     
3942   1962 6000    2300    3300    900     1600    1400    2000    600     0       700     500     400     200     400     800     1000    900     100     400     
3942   1963 2000    2000    800     700     600     500     200     300     0       300     100     200     100     300     100     0       0       200     400     
3942   1964 6200    1900    4400    1000    2400    1400    1400    100     500     700     500     1200    300     700     400     1300    100     0       400     
3942   1965 4400    1300    1900    600     1100    1300    1200    200     0       600     100     400     1000    300     0       100     1000    100     600     
3942   1966 3100    3200    1100    2100    400     200     900     800     700     0       200     200     100     100     0       500     100     300     100     
3942   1967 3600    1200    1200    200     800     800     1900    0       100     600     0       200     100     400     300     200     900     800     0       
3942   1968 4800    2700    2000    700     1100    900     1300    600     100     300     600     200     100     400     400     300     400     600     800     
3942   1969 3500    3300    1300    1600    1300    700     500     800     0       700     400     200     0       300     400     0       300     200     200     
3942   1970 3000    1600    1400    900     500     700     900     600     100     200     300     0       200     200     300     400     200     300     200     
3942   1971 3300    1300    1900    800     800     1000    600     300     300     0       500     300     0       100     900     100     500     0       300     
3942   1972 1300    1200    500     500     600     100     300     0       200     200     300     100     0       100     0       0       100     200     100     
3942   1973 3600    600     2700    300     900     1100    1200    100     100     0       200     700     100     500     500     700     100     400     200     
3942   1974 2200    1500    1100    600     1200    200     400     300     100     400     100     700     0       200     0       100     0       300     0       
3942   1975 3500    1200    2400    800     800     1500    400     400     400     100     500     200     200     700     600     200     100     100     0       
3942   1976 3100    600     1800    400     100     1400    400     0       400     0       100     0       900     400     100     300     100     0       800     
3942   1977 4600    2300    900     2100    900     0       1600    800     500     100     700     100     0       0       0       100     1000    500     800     
3942   1978 3200    3600    1400    1900    300     1300    0       200     900     200     100     0       300     200     800     0       0       0       500     
3942   1979 6500    3400    2700    2500    1500    1700    1200    1200    800     900     200     400     500     500     700     400     800     0       100     
3942   1980 4100    2100    2500    900     800     1500    800     100     700     400     200     200     200     200     1100    600     200     0       200     
3942   1981 7000    2600    3100    900     2300    1500    1600    600     100     1500    700     100     1200    100     200     800     800     0       900     
3942   1982 5400    3100    3600    2000    800     2700    800     700     400     300     200     300     1000    1300    400     400     200     200     0       
3942   1983 3300    900     1300    500     100     1200    1500    100     400     0       0       100     500     700     0       0       100     1400    0       
3942   1984 1100    1800    300     300     100     200     500     100     200     0       100     0       100     100     0       0       0       500     0       
3942   1985 1300    900     500     400     200     300     300     0       400     0       200     0       100     200     0       0       100     200     100     
3942   1986 2300    1000    1000    400     1100    0       800     200     100     300     0       800     0       0       0       200     300     300     100     
3942   1987 3200    1300    1400    400     700     700     800     0       300     300     400     0       100     200     400     300     500     0       700     
3942   1988 2700    2100    700     1400    800     100     1100    700     0       200     500     100     0       0       100     0       300     800     0       
3942   1989 4800    1600    1700    0       800     1400    1200    0       0       500     100     200     100     500     800     0       100     1100    1400    
3942   1990 2900    3800    1100    2300    800     300     900     200     700     300     200     300     100     0       200     300     400     200     0       
3942   1991 2400    1200    1200    0       700     500     900     0       0       600     100     0       0       0       500     600     100     200     300     
3942   1992 2900    800     1900    500     600     900     700     0       200     0       200     400     0       200     700     400     100     200     500     
3942   1993 1000    1200    300     600     600     0       300     0       100     300     100     200     0       0       0       0       0       300     0       
3942   1994 3700    400     2000    100     600     1400    1000    100     0       0       200     400     200     500     700     0       600     400     600     
3942   1995 2700    2200    800     1100    300     600     900     300     200     100     0       200     0       400     200     0       400     500     400     
3942   1996 3800    2600    1400    1600    900     600     400     1100    100     100     600     200     500     100     0       0       100     300     700     
3942   1997 4900    2700    1900    2200    1000    1000    1000    1100    400     100     300     600     500     100     400     0       700     300     400     
3942   1998 3600    2800    2100    1400    800     1300    500     700     300     400     200     200     800     200     300     400     0       100     0       
3942   1999 4900    800     3700    400     1900    1800    600     300     100     300     200     1400    200     200     1400    300     300     0       200     
3942   2000 4300    900     2800    600     1400    1400    700     0       400     0       300     1100    700     300     400     0       600     100     400     
3942   2001 4600    2500    2500    500     2100    1700    700     100     0       1300    100     700     500     300     900     0       700     0       0       
3942   2002 3400    1700    1400    400     1000    900     500     300     100     600     300     100     600     200     100     100     100     300     600     
3942   2003 7200    1600    5900    800     1500    4500    900     100     100     400     800     300     2200    1000    1300    300     200     400     100     
3942   2004 4500    1400    2800    800     200     1600    1800    700     0       0       0       200     600     200     800     1000    800     0       200     
3942   2005 5400    1500    4000    300     1900    2200    1200    0       100     400     400     1100    1100    800     300     300     800     100     0       
3942   2006 8400    1800    5400    200     2500    2600    3000    200     0       700     500     1300    900     1600    100     1000    1100    900     100     
3942   2007 4100    2800    2700    500     1600    1100    700     100     300     300     600     700     500     200     400     300     200     200     300     
3942   2008 5200    1800    3000    1200    1000    1700    1200    300     600     200     200     600     600     400     700     500     600     100     400     
3942   2009 7200    1500    5300    800     1300    3700    1500    400     0       0       0       1300    1000    1300    1400    300     900     300     300     
3942   2010 5100    2100    4000    500     1300    2600    900     200     0       400     600     300     300     1500    800     500     400     0       100     
3942   2011 6400    900     4500    100     2600    1800    2000    0       0       400     1200    1000    500     200     1100    500     600     900     0       
3942   2012 6500    1600    5100    100     1800    3100    1300    0       100     0       500     1300    1300    400     1400    200     1000    100     200     
3942   2013 4400    2100    2300    400     1600    1100    1500    100     100     600     700     300     300     600     200     200     900     400     0       
3942   2014 7000    2400    4500    800     1700    2100    2400    600     200     300     1100    300     800     100     1200    1000    500     900     0       
3942   2015 6900    2200    5000    100     2000    3600    1000    100     0       700     300     1000    800     1700    1100    100     300     600     200     
3942   2016 6000    2500    3700    1400    800     2400    1600    700     500     200     400     200     600     1100    700     700     700     200     0       
3942   2017 6300    1900    4900    600     1300    4000    400     100     500     400     0       900     1500    1100    1400    0       300     100     0       
3942   2018 7000    1100    5200    600     1600    2900    1800    500     100     100     600     900     800     900     1200    800     600     400     100     
3942   2019 5100    1200    3800    100     500     3100    800     0       0       100     200     200     600     1300    1200    300     400     100     700     
3942   2020 8400    2700    6200    1600    3300    3200    900     200     700     600     1100    1600    800     1000    1400    300     200     400     100     
3942   2021 7100    2100    5000    1300    1200    2900    1400    400     800     200     400     600     1100    600     1200    1100    300     0       400     
