EUROPEAN CLIMATE ASSESSMENT & DATASET (ECA&D), file created on: 20-01-2022
THESE DATA CAN BE USED FOR NON-COMMERCIAL RESEARCH AND EDUCATION PROVIDED THAT THE FOLLOWING SOURCE IS ACKNOWLEDGED: 

Klein Tank, A.M.G. and Coauthors, 2002. Daily dataset of 20th-century surface
air temperature and precipitation series for the European Climate Assessment.
Int. J. of Climatol., 22, 1441-1453.
Data and metadata available at http://www.ecad.eu

FILE FORMAT (MISSING VALUE CODE = -999999):

THIS FILE HOLDS DATA FOR STATION UNITED KINGDOM                           DALE FORT                                (STAID:   1635)
LATITUDE: dd:mm:ss +51:42:00
LONGITUDE: ddd:mm:ss -005:09:00
ELEVATION: m   33

DATA IS FOR INDEX Days with TN > 90th percentile of daily min temp (warm nights) (TN90p) with unit 0.01 No of days

01-06 SOUID: Source identifier
08-11 YEAR : YYYY
13-20 ANNUAL DATA VALUES
21-28 WINTER HALF YEAR DATA VALUES
29-36 SUMMER HALF YEAR DATA VALUES
37-44 WINTER (DJF) DATA VALUES
45-52 SPRING (MAM) DATA VALUES
53-60 SUMMER (JJA) DATA VALUES
61-68 AUTUMN (SON) DATA VALUES
69-76 JANUARY DATA VALUES
etc. 
157-164 DECEMBER DATA VALUES

1635   1959 6300    -999999 3700    -999999 1900    1900    1400    0       1000    300     600     1000    200     1000    700     200     800     400     100     
1635   1960 3300    2800    1700    1100    1700    300     300     700     300     500     600     600     300     0       0       200     0       100     0       
1635   1961 6000    2500    3100    1200    2800    500     1100    100     1100    1200    1200    400     100     300     100     1000    100     0       400     
1635   1962 500     600     200     500     100     0       200     100     0       0       100     0       0       0       0       100     100     0       100     
1635   1963 1400    200     1000    100     100     900     400     0       0       0       0       100     700     0       200     0       100     300     0       
1635   1964 3200    1100    1600    700     600     600     1100    0       700     0       100     500     100     200     300     400     0       700     200     
1635   1965 1100    1100    600     400     400     200     200     200     0       0       200     200     0       0       200     0       100     100     100     
1635   1966 2800    1400    1400    1100    600     700     300     200     800     100     400     100     500     0       200     200     100     0       200     
1635   1967 3100    1500    1200    800     800     700     500     300     300     600     200     0       300     400     0       300     200     0       500     
1635   1968 2600    1500    300     1100    400     0       1300    500     100     200     100     100     0       0       0       100     600     600     300     
1635   1969 4500    -999999 2000    900     300     1300    2300    600     0       0       200     100     200     700     400     400     1700    200     0       
1635   1970 3400    2300    1500    400     400     700     1600    100     300     0       200     200     500     0       200     400     600     600     300     
1635   1971 4800    2600    1600    1100    1100    600     1500    600     200     300     200     600     0       300     300     200     800     500     800     
1635   1972 1600    2400    800     1000    400     500     300     100     100     100     300     0       0       400     100     0       0       300     200     
1635   1973 3700    1800    2000    1200    900     800     800     700     300     300     100     500     200     0       600     600     100     100     200     
1635   1974 3400    1100    1800    700     1200    800     0       400     100     200     700     300     600     100     100     0       0       0       900     
1635   1975 4100    1500    2800    1500    300     2300    700     400     200     0       300     0       500     800     1000    200     400     100     200     
1635   1976 4900    2400    3200    1600    1100    2300    100     1000    400     300     300     500     600     1100    600     100     0       0       0       
1635   1977 3500    500     1600    100     900     800     1500    0       100     400     300     200     100     500     200     300     900     300     200     
1635   1978 3000    1400    700     200     200     300     2200    0       0       0       0       200     300     0       0       200     600     1400    300     
1635   1979 1900    2400    500     300     100     400     900     0       0       100     0       0       200     200     0       100     300     500     500     
1635   1980 1700    1500    600     700     200     100     1000    0       200     0       100     100     0       100     0       300     0       700     200     
1635   1981 2900    2300    1300    600     1600    300     600     200     200     1000    500     100     0       0       300     400     0       200     0       
1635   1982 3100    800     1800    600     700     800     1000    400     200     0       100     600     400     200     200     300     200     500     0       
1635   1983 5500    1700    2800    700     300     2500    1300    700     0       300     0       0       100     1100    1300    300     400     600     700     
1635   1984 3800    2100    2800    1100    500     2000    500     200     200     0       400     100     500     600     900     300     200     0       400     
1635   1985 3600    1000    2100    800     800     500     1000    100     300     0       500     300     200     300     0       800     200     0       900     
1635   1986 1800    1400    700     1100    100     700     400     200     0       100     0       0       600     100     0       0       200     200     400     
1635   1987 2600    1000    1300    600     600     400     600     0       200     0       600     0       0       0       400     300     100     200     800     
1635   1988 5200    2600    1500    1400    1800    400     1000    400     200     900     500     400     300     0       100     200     400     400     1400    
1635   1989 6800    4500    3900    3100    2100    1900    1100    900     800     600     0       1500    700     1000    200     500     400     200     0       
1635   1990 12100   5000    6100    2600    4400    3300    1800    1400    1200    1800    800     1800    400     1300    1600    200     900     700     0       
1635   1991 2600    -999999 1800    -999999 600     800     1000    -999999 100     300     200     100     0       300     500     700     100     200     100     
1635   1992 5100    2900    2500    1400    2700    1000    100     500     800     1200    400     1100    400     500     100     0       0       100     0       
1635   1993 3300    1200    2100    500     2200    500     0       200     300     600     1300    300     300     200     0       0       0       0       100     
1635   1994 4000    1000    1000    300     1200    500     1400    100     100     700     300     200     100     100     300     0       0       1400    700     
1635   1995 7100    3300    3700    1600    1000    2900    2100    300     600     300     500     200     500     1100    1300    100     1400    600     200     
1635   1996 1500    2700    400     600     300     200     600     200     200     100     200     0       0       0       200     0       500     100     0       
1635   1997 7800    2500    4100    700     2700    2200    1500    100     600     1200    700     800     900     200     1100    400     600     500     700     
1635   1998 7400    4600    3600    2200    2800    1100    1700    300     1200    1300    0       1500    600     200     300     1000    400     300     300     
1635   1999 7900    2800    5100    1200    3500    1900    1500    300     600     900     1100    1500    300     600     1000    600     500     400     100     
1635   2000 4500    2800    2100    1000    1600    1200    400     300     600     900     0       700     300     200     700     200     0       200     400     
1635   2001 4200    1500    3200    700     1900    1700    300     0       300     600     300     1000    600     500     600     200     100     0       0       
1635   2002 2600    1800    900     1200    1100    300     0       500     700     500     300     300     200     100     0       0       0       0       0       
1635   2003 3900    600     2900    100     1200    1800    800     100     0       500     300     400     400     400     1000    400     0       400     0       
1635   2004 3800    1800    1700    900     900     500     1100    300     600     500     200     200     200     0       300     800     100     200     400     
1635   2005 9600    2900    5200    1500    2600    2900    2700    800     300     1100    800     700     1500    1100    300     800     1600    300     300     
1635   2006 10200   3800    5800    1300    2100    2700    3700    500     500     600     700     800     1000    1500    200     1600    1500    600     700     
1635   2007 9200    6000    4700    3200    3200    1700    1300    1200    1300    700     1200    1300    1200    300     200     500     400     400     500     
1635   2008 6900    3700    3300    2400    2600    1200    800     1200    700     500     500     1600    0       500     700     0       500     300     400     
1635   2009 6400    2200    4100    900     1900    2500    1400    300     200     500     500     900     1100    500     900     200     800     400     100     
1635   2010 3900    1700    2900    100     1200    1300    1400    0       0       400     500     300     700     400     200     800     300     300     0       
1635   2011 9000    2100    4900    1300    3400    900     2700    400     900     200     1700    1500    600     200     100     800     900     1000    700     
1635   2012 7000    5800    3300    2700    2100    2200    500     800     1200    1200    300     600     800     400     1000    200     100     200     200     
1635   2013 6400    1500    3700    1000    700     2500    1900    700     100     200     400     100     100     1600    800     700     1200    0       500     
1635   2014 9000    3600    5300    1500    3200    2300    1900    600     400     900     1200    1100    800     1300    200     700     800     400     600     
1635   2015 6800    2700    2400    1200    1300    1400    1500    500     100     300     500     500     600     600     200     0       400     1100    2000    
1635   2016 8500    5200    5000    3500    1500    2900    1600    900     600     200     200     1100    1100    1000    800     800     400     400     1000    
1635   2017 10400   5000    4800    3000    3600    1900    2200    700     1300    1200    900     1500    1000    700     200     500     1100    600     700     
1635   2018 9600    3200    6100    1400    2000    3700    1700    600     100     100     1200    700     1400    1400    900     500     200     1000    1500    
1635   2019 9700    5800    5800    3500    2700    3300    1100    700     1300    1100    1000    600     1000    1100    1200    900     200     0       600     
1635   2020 9100    2900    5500    2200    3100    2400    1700    700     900     500     1200    1400    800     400     1200    500     300     900     300     
1635   2021 9600    4100    4200    1800    1500    2600    3100    700     800     1100    100     300     1000    1100    500     1200    1100    800     900     
