EUROPEAN CLIMATE ASSESSMENT & DATASET (ECA&D), file created on: 20-01-2022
THESE DATA CAN BE USED FOR NON-COMMERCIAL RESEARCH AND EDUCATION PROVIDED THAT THE FOLLOWING SOURCE IS ACKNOWLEDGED: 

Klein Tank, A.M.G. and Coauthors, 2002. Daily dataset of 20th-century surface
air temperature and precipitation series for the European Climate Assessment.
Int. J. of Climatol., 22, 1441-1453.
Data and metadata available at http://www.ecad.eu

FILE FORMAT (MISSING VALUE CODE = -999999):

THIS FILE HOLDS DATA FOR STATION RUSSIAN FEDERATION                       ILIRNEJ                                  (STAID:   8134)
LATITUDE: dd:mm:ss +67:15:00
LONGITUDE: ddd:mm:ss +167:58:00
ELEVATION: m  352

DATA IS FOR INDEX Days with TN > 90th percentile of daily min temp (warm nights) (TN90p) with unit 0.01 No of days

01-06 SOUID: Source identifier
08-11 YEAR : YYYY
13-20 ANNUAL DATA VALUES
21-28 WINTER HALF YEAR DATA VALUES
29-36 SUMMER HALF YEAR DATA VALUES
37-44 WINTER (DJF) DATA VALUES
45-52 SPRING (MAM) DATA VALUES
53-60 SUMMER (JJA) DATA VALUES
61-68 AUTUMN (SON) DATA VALUES
69-76 JANUARY DATA VALUES
etc. 
157-164 DECEMBER DATA VALUES

8134   1944 -999999 -999999 -999999 -999999 -999999 -999999 -999999 -999999 -999999 -999999 -999999 -999999 -999999 -999999 -999999 -999999 800     900     900     
8134   1945 4900    2800    3000    1100    2000    300     2000    200     0       0       1700    300     0       200     100     700     100     1200    400     
8134   1946 2200    1900    700     600     400     100     1400    200     0       0       200     200     0       0       100     200     400     800     100     
8134   1947 2900    2500    1200    900     900     200     900     0       800     400     500     0       0       0       200     500     400     0       100     
8134   1948 2500    1700    1000    900     1200    100     300     300     500     400     700     100     0       0       100     100     100     100     100     
8134   1949 2100    1100    500     800     300     200     100     200     500     100     200     0       0       0       200     100     0       0       800     
8134   1950 4600    3900    500     3700    200     500     1000    2100    800     200     0       0       0       0       500     0       400     600     0       
8134   1951 5300    2800    1700    800     1400    600     2100    700     100     1000    400     0       0       200     400     700     1200    200     400     
8134   1952 5500    3000    2900    1400    900     1400    1700    800     200     200     600     100     0       700     700     800     700     200     500     
8134   1953 3600    1800    1600    900     300     900     2000    400     0       0       200     100     0       300     600     400     1200    400     0       
8134   1954 -999999 -999999 -999999 -999999 -999999 -999999 600     -999999 400     400     -999999 -999999 -999999 0       400     200     0       400     0       
8134   1955 3800    1000    1100    500     200     600     700     0       500     100     100     0       0       100     500     400     100     200     1800    
8134   1956 3900    3900    800     2900    1400    100     300     900     200     700     700     0       0       100     0       0       200     100     1000    
8134   1957 3700    2400    1500    2100    800     600     1200    900     200     0       400     400     100     300     200     100     600     500     0       
8134   1958 2600    1900    1200    400     700     700     200     200     200     400     200     100     0       200     500     200     0       0       600     
8134   1959 5700    2300    2600    2300    900     900     2100    1600    100     0       700     200     0       500     400     800     600     700     100     
8134   1960 4500    3100    1100    500     1400    200     1500    0       400     1300    100     0       0       200     0       800     300     400     1000    
8134   1961 -999999 -999999 1700    -999999 900     600     900     -999999 -999999 0       200     700     0       100     500     200     200     500     200     
8134   1962 5100    2900    1800    1300    2100    600     300     400     700     900     700     500     0       200     400     0       0       300     1000    
8134   1963 4400    3300    1000    2800    800     300     900     1300    500     200     600     0       0       200     100     100     100     700     600     
8134   1964 3100    1400    1400    600     300     1100    900     0       0       0       0       300     900     0       200     0       200     700     800     
8134   1965 3200    2800    1300    1300    1500    400     700     400     100     600     600     300     100     0       300     0       100     600     100     
8134   1966 3600    1900    900     600     700     300     1400    200     300     600     100     0       200     100     0       500     0       900     700     
8134   1967 7200    3100    4000    900     3800    1300    1300    100     100     1300    100     2400    600     700     0       200     1000    100     600     
8134   1968 2900    3300    900     1700    700     500     400     400     700     500     0       200     300     0       200     200     200     0       200     
8134   1969 4500    1800    3100    1400    1200    600     1500    1000    200     200     400     600     300     200     100     1500    0       0       0       
8134   1970 4700    600     2700    600     800     1400    1300    500     100     0       200     600     1400    0       0       500     500     300     600     
8134   1971 3100    2300    1900    1100    900     1200    300     400     100     400     500     0       100     600     500     200     0       100     200     
8134   1972 3100    1000    1400    800     500     500     1000    100     500     100     200     200     0       200     300     500     500     0       500     
8134   1973 -999999 1600    -999999 1100    700     700     -999999 100     500     0       700     0       100     500     100     -999999 400     600     0       
8134   1974 3600    1700    1700    200     700     1200    1500    100     100     500     0       200     300     200     700     300     1100    100     0       
8134   1975 3000    1500    2300    200     900     1000    800     0       200     100     500     300     100     500     400     500     200     100     100     
8134   1976 3300    1200    1700    700     200     1500    800     400     200     200     0       0       400     500     600     200     100     500     200     
8134   1977 2100    900     1800    300     300     800     900     100     0       0       300     0       300     100     400     700     200     0       0       
8134   1978 4800    1500    3000    900     1700    1500    600     700     200     400     500     800     0       600     900     200     200     200     100     
8134   1979 -999999 2200    1600    1600    800     800     -999999 1000    500     200     100     500     400     300     100     200     100     -999999 400     
8134   1980 4600    -999999 2000    1300    600     1400    800     700     200     300     0       300     800     100     500     300     500     0       900     
8134   1981 4700    2100    2700    1400    900     1700    1300    200     300     200     600     100     700     500     500     300     800     200     300     
8134   1982 3400    3000    1000    1400    1000    200     600     300     800     600     200     200     0       0       200     400     200     0       500     
8134   1983 3700    1100    2400    500     1000    1300    500     0       0       400     100     500     300     400     600     500     0       0       900     
8134   1984 5400    2000    2200    1500    600     1600    2300    600     0       500     0       100     600     800     200     500     1100    700     300     
8134   1985 3700    2700    900     900     200     700     1300    300     300     0       100     100     0       600     100     0       200     1100    900     
8134   1986 3600    3200    1500    1600    1200    600     1100    0       700     300     800     100     300     200     100     0       200     900     0       
8134   1987 3800    2000    1900    400     900     1300    1200    200     200     500     200     200     0       600     700     200     900     100     0       
8134   1988 2900    1800    1700    500     600     1000    800     300     200     300     200     100     100     600     300     400     400     0       0       
8134   1989 4200    1700    2400    1000    500     1600    900     100     900     300     200     0       900     500     200     600     200     100     200     
8134   1990 3900    900     3100    200     1700    1600    500     0       0       400     1000    300     600     500     500     200     0       300     100     
8134   1991 6300    900     4000    100     1400    2500    2300    0       0       500     200     700     1400    500     600     600     1000    700     100     
8134   1992 3400    2200    2100    500     1400    700     600     0       400     0       1000    400     200     500     0       0       300     300     300     
8134   1993 4200    2300    2300    1500    1100    1200    700     0       1200    200     500     400     300     600     300     200     0       500     0       
8134   1994 -999999 1800    -999999 1300    400     1400    -999999 400     900     0       100     300     1100    100     200     -999999 -999999 100     200     
8134   1995 4500    -999999 2100    1000    600     1600    1300    300     500     100     200     300     200     600     800     0       300     1000    200     
8134   1996 6400    3600    2600    1000    2100    1400    1000    600     200     1300    400     400     300     600     500     400     100     500     1100    
8134   1997 -999999 3800    2900    2000    2700    1000    1100    500     400     1200    700     800     500     300     200     400     300     400     -999999 
8134   1998 -999999 -999999 -999999 -999999 -999999 300     1100    -999999 -999999 -999999 -999999 0       200     100     0       500     100     500     300     
8134   1999 1200    1200    400     300     500     100     600     0       0       300     200     0       0       100     0       100     200     300     0       
8134   2000 -999999 -999999 -999999 -999999 -999999 -999999 -999999 -999999 -999999 -999999 200     400     400     -999999 -999999 -999999 300     400     600     
8134   2001 5300    2300    3300    1500    2200    1200    900     200     700     100     800     1300    400     600     200     0       0       900     100     
8134   2002 6500    2800    3200    200     3300    900     2000    100     0       1700    900     700     300     300     300     700     800     500     200     
8134   2003 6600    2700    4000    700     2400    1300    2000    400     100     700     800     900     500     700     100     1000    700     300     400     
8134   2004 -999999 2300    5500    700     2000    3100    -999999 300     0       600     800     600     1400    900     800     1000    -999999 -999999 0       
8134   2005 4900    -999999 2300    200     1100    1100    2500    200     0       400     400     300     300     400     400     500     1500    500     0       
8134   2006 6600    3000    3600    100     1500    2100    2900    0       100     900     0       600     600     500     1000    900     800     1200    0       
8134   2007 10700   3400    6800    800     2200    3900    3000    100     700     600     600     1000    1000    1100    1800    1300    1100    600     800     
8134   2008 -999999 2800    -999999 900     -999999 -999999 -999999 0       100     200     0       -999999 -999999 -999999 -999999 -999999 -999999 -999999 -999999 
8134   2009 -999999 -999999 3300    -999999 -999999 1100    1700    -999999 -999999 -999999 400     1600    600     0       500     200     900     600     1200    
8134   2010 9900    3600    6200    1500    1800    3600    3100    200     100     600     0       1200    1200    1400    1000    1400    1200    500     1100    
8134   2011 3900    3900    2400    1500    1400    1100    900     200     200     700     700     0       500     600     0       600     200     100     100     
8134   2012 5400    600     2800    300     1300    1500    1900    200     0       0       600     700     700     500     300     0       1000    900     500     
8134   2013 7500    3100    5600    600     3300    2200    1000    100     0       600     1400    1300    700     800     700     700     0       300     900     
8134   2014 -999999 2900    2600    1900    1200    1800    3600    300     700     700     500     0       0       1000    800     300     1800    1500    -999999 
8134   2015 -999999 -999999 -999999 -999999 -999999 -999999 -999999 -999999 -999999 -999999 -999999 -999999 -999999 -999999 -999999 -999999 -999999 -999999 200     
8134   2016 -999999 -999999 -999999 500     -999999 -999999 -999999 300     0       200     -999999 -999999 -999999 -999999 -999999 -999999 -999999 -999999 -999999 
8134   2017 7500    -999999 3300    -999999 2400    1100    2500    600     500     700     1000    700     400     400     300     500     1100    900     400     
8134   2018 7000    4500    2500    2000    1000    200     4100    700     900     500     400     100     100     100     0       1800    2000    300     100     
8134   2019 -999999 -999999 -999999 300     -999999 -999999 -999999 200     0       -999999 -999999 -999999 -999999 -999999 -999999 -999999 -999999 -999999 -999999 
