EUROPEAN CLIMATE ASSESSMENT & DATASET (ECA&D), file created on: 20-01-2022
THESE DATA CAN BE USED FOR NON-COMMERCIAL RESEARCH AND EDUCATION PROVIDED THAT THE FOLLOWING SOURCE IS ACKNOWLEDGED: 

Klein Tank, A.M.G. and Coauthors, 2002. Daily dataset of 20th-century surface
air temperature and precipitation series for the European Climate Assessment.
Int. J. of Climatol., 22, 1441-1453.
Data and metadata available at http://www.ecad.eu

FILE FORMAT (MISSING VALUE CODE = -999999):

THIS FILE HOLDS DATA FOR STATION RUSSIAN FEDERATION                       CHITA                                    (STAID:   3246)
LATITUDE: dd:mm:ss +52:04:59
LONGITUDE: ddd:mm:ss +113:28:59
ELEVATION: m  671

DATA IS FOR INDEX Days with TN > 90th percentile of daily min temp (warm nights) (TN90p) with unit 0.01 No of days

01-06 SOUID: Source identifier
08-11 YEAR : YYYY
13-20 ANNUAL DATA VALUES
21-28 WINTER HALF YEAR DATA VALUES
29-36 SUMMER HALF YEAR DATA VALUES
37-44 WINTER (DJF) DATA VALUES
45-52 SPRING (MAM) DATA VALUES
53-60 SUMMER (JJA) DATA VALUES
61-68 AUTUMN (SON) DATA VALUES
69-76 JANUARY DATA VALUES
etc. 
157-164 DECEMBER DATA VALUES

3246   1890 -999999 -999999 -999999 -999999 -999999 1300    1600    -999999 -999999 -999999 -999999 -999999 400     700     200     200     1200    200     0       
3246   1891 2700    2500    1400    700     700     900     400     100     600     400     100     200     100     500     300     200     100     100     0       
3246   1892 2800    700     1800    500     700     1000    500     100     400     0       400     300     200     600     200     100     400     0       100     
3246   1893 3900    1400    2300    200     1400    1500    700     0       100     800     400     200     400     900     200     200     400     100     200     
3246   1894 5300    2200    2800    1400    800     1200    1400    300     900     300     100     400     200     600     400     1100    200     100     700     
3246   1895 3200    1600    1700    900     1000    1100    700     200     0       400     400     200     1000    100     0       0       500     200     200     
3246   1896 2800    1100    1800    300     800     600     1000    0       100     100     400     300     200     400     0       500     500     0       300     
3246   1897 4000    1400    2600    900     300     2000    1100    400     200     0       100     200     300     800     900     300     600     200     0       
3246   1898 3100    1600    1000    800     400     600     600     400     400     0       400     0       100     0       500     0       100     500     700     
3246   1899 4700    2400    2400    1300    1600    1000    1300    400     200     500     900     200     300     700     0       300     400     600     200     
3246   1900 4400    2000    2400    700     1000    1000    1500    0       500     300     300     400     100     300     600     700     500     300     400     
3246   1901 3400    2300    1800    1000    800     1400    500     300     300     500     100     200     500     500     400     100     300     100     100     
3246   1902 3800    2700    800     1800    700     300     800     800     900     500     100     100     200     0       100     300     300     200     300     
3246   1903 4000    1900    2400    1000    1300    1200    500     400     300     400     500     400     200     300     700     300     0       200     300     
3246   1904 -999999 500     -999999 300     100     200     -999999 0       0       0       100     0       200     0       0       -999999 200     400     200     
3246   1905 3000    1900    900     1000    400     700     700     600     200     300     100     0       300     0       400     100     300     300     400     
3246   1906 4900    1800    3000    900     1300    1600    700     500     0       300     600     400     400     500     700     400     200     100     800     
3246   1907 4300    2000    2600    1300    1400    1400    800     400     100     400     700     300     200     600     600     200     200     400     200     
3246   1908 3500    1200    2400    500     500     1400    800     300     0       100     0       400     700     600     100     600     200     0       500     
3246   1909 3500    1500    1500    1200    400     1200    1200    0       700     100     0       300     200     300     700     0       300     900     0       
3246   1910 3700    1900    2300    700     600     1600    500     200     500     0       300     300     300     500     800     100     300     100     300     
3246   1911 3800    2300    1500    1700    400     1000    900     800     600     200     200     0       200     200     600     300     300     300     100     
3246   1912 4200    2500    2000    1900    600     1400    0       1100    700     0       600     0       400     800     200     0       0       0       400     
3246   1913 3600    800     1500    600     800     600     1400    100     100     200     400     200     400     200     0       300     500     600     600     
3246   1914 4000    3300    1800    1800    1000    1000    500     1100    100     400     500     100     500     100     400     200     200     100     300     
3246   1915 -999999 -999999 1800    -999999 1100    1000    100     100     -999999 300     400     400     300     700     0       0       0       100     500     
3246   1916 3700    2700    1200    2600    300     700     600     1600    500     0       100     200     0       200     500     200     400     0       0       
3246   1917 3000    1200    1300    500     600     900     800     200     300     300     200     100     300     200     400     100     400     300     200     
3246   1918 3100    2300    900     1100    900     500     500     400     500     500     200     200     100     300     100     0       400     100     300     
3246   1919 -999999 -999999 -999999 1000    -999999 -999999 400     0       700     -999999 -999999 -999999 -999999 1400    200     200     200     0       -999999 
3246   1920 -999999 -999999 3300    -999999 2100    2100    -999999 700     0       900     600     600     400     1100    600     0       500     -999999 -999999 
3246   1921 -999999 -999999 -999999 -999999 -999999 -999999 -999999 -999999 -999999 -999999 -999999 -999999 -999999 -999999 -999999 -999999 -999999 -999999 -999999 
3246   1922 -999999 -999999 -999999 -999999 -999999 -999999 -999999 -999999 -999999 -999999 -999999 -999999 -999999 -999999 -999999 -999999 -999999 -999999 -999999 
3246   1923 -999999 -999999 -999999 -999999 -999999 -999999 -999999 -999999 -999999 -999999 -999999 -999999 -999999 -999999 -999999 -999999 -999999 600     600     
3246   1924 4100    -999999 2500    1200    1100    1200    900     200     400     100     200     800     600     100     500     300     300     300     300     
3246   1925 4400    1500    2000    700     1000    1000    1800    0       400     200     500     300     300     700     0       200     900     700     200     
3246   1926 6700    3400    4100    1200    2100    1800    1800    800     200     600     800     700     900     600     300     800     300     700     0       
3246   1927 3900    2300    1800    1100    600     1100    900     600     500     200     300     100     400     700     0       300     300     300     200     
3246   1928 4000    1400    2600    600     900     1500    800     200     200     200     600     100     600     200     700     400     300     100     400     
3246   1929 3400    1700    1500    700     1300    600     1200    200     100     600     400     300     100     200     300     200     400     600     0       
3246   1930 3800    2200    1600    600     1000    1000    900     100     500     600     300     100     0       700     300     200     400     300     300     
3246   1931 -999999 1800    2600    800     500     1800    1400    200     300     300     100     100     400     1100    300     600     500     300     -999999 
3246   1932 6500    -999999 3000    -999999 800     1500    2600    800     200     400     300     100     200     1000    300     1100    900     600     600     
3246   1933 2600    2400    2000    800     700     1400    300     100     100     100     200     400     300     600     500     0       100     200     0       
3246   1934 2900    1200    1400    600     500     1000    800     0       600     300     100     100     100     500     400     200     300     300     0       
3246   1935 2300    1800    800     800     400     700     400     100     700     400     0       0       0       600     100     100     300     0       0       
3246   1936 2700    600     1200    200     600     600     900     0       200     100     400     100     100     0       500     100     800     0       400     
3246   1937 4400    1800    2400    1000    700     1500    1500    400     200     0       300     400     400     500     600     200     700     600     100     
3246   1938 5600    2500    3100    500     1800    1800    1100    200     200     700     800     300     600     700     500     200     500     400     500     
3246   1939 5300    2300    3100    1100    1200    1900    800     0       600     300     700     200     200     1000    700     300     100     400     800     
3246   1940 4000    2600    2200    1300    1400    1100    800     100     400     800     200     400     600     300     200     500     100     200     200     
3246   1941 4700    1500    2600    900     800     1800    1300    500     200     300     100     400     700     600     500     300     600     400     100     
3246   1942 3800    1900    1600    300     800     800     1600    200     0       600     200     0       300     300     200     600     400     600     400     
3246   1943 4800    -999999 2900    800     -999999 900     1300    100     300     -999999 500     800     100     400     400     700     300     300     500     
3246   1944 6400    2600    3400    1400    1300    1100    2700    600     300     600     400     300     400     500     200     1600    1000    100     400     
3246   1945 4700    1900    2600    600     1100    600     2400    0       200     200     500     400     0       400     200     1100    1300    0       400     
3246   1946 6100    2700    3100    1300    800     2300    2000    200     700     100     500     200     600     800     900     100     1100    800     100     
3246   1947 4400    2400    3200    500     1200    1500    1300    300     100     0       800     400     900     300     300     500     800     0       0       
3246   1948 9100    3400    5300    1500    2900    3200    1200    800     700     1100    1400    400     400     2000    800     300     400     500     300     
3246   1949 -999999 2800    -999999 1800    1200    -999999 2000    800     700     100     400     700     200     -999999 1000    800     1100    100     600     
3246   1950 5500    2900    3500    1300    1000    2500    1000    200     500     400     300     300     600     900     1000    400     500     100     300     
3246   1951 5100    2300    2400    1300    1200    1000    1200    700     300     400     400     400     700     200     100     600     300     300     700     
3246   1952 5000    2700    3000    1800    1500    1600    600     1000    100     300     600     600     700     500     400     200     400     0       200     
3246   1953 6000    2100    2900    1200    900     2100    1300    500     500     500     100     300     900     400     800     400     700     200     700     
3246   1954 4600    2600    2800    1300    500     2000    1500    600     0       400     100     0       600     1000    400     700     400     400     0       
3246   1955 5000    2200    1800    1300    200     1300    1400    1100    200     100     100     0       400     300     600     400     500     500     800     
3246   1956 1700    2300    1000    1300    400     600     200     300     200     0       100     300     100     300     200     0       200     0       0       
3246   1957 1900    400     800     200     400     300     700     100     100     0       200     200     200     0       100     100     600     0       300     
3246   1958 4400    2600    1100    1400    800     300     1500    800     300     600     100     100     100     100     100     600     500     400     700     
3246   1959 4900    3200    2200    1300    1300    1300    1100    400     200     1000    200     100     200     200     900     600     500     0       600     
3246   1960 2400    2000    900     1200    400     600     600     0       600     300     100     0       200     200     200     200     200     200     200     
3246   1961 2900    1500    1300    600     1300    200     900     400     0       500     500     300     100     0       100     300     100     500     100     
3246   1962 3300    1900    1000    1200    700     300     400     400     700     100     400     200     0       0       300     100     200     100     800     
3246   1963 2900    2300    1100    1500    900     500     400     300     400     500     100     300     100     200     200     200     100     100     400     
3246   1964 3100    1400    1800    1000    1000    700     800     600     0       200     400     400     300     0       400     300     300     200     0       
3246   1965 3500    1500    1000    600     900     300     1100    400     200     400     0       500     100     100     100     200     700     200     600     
3246   1966 2500    2200    1000    1200    300     500     1000    300     300     100     0       200     300     0       200     300     600     100     100     
3246   1967 5600    2800    2300    1400    1900    800     1500    700     600     700     500     700     300     400     100     300     900     300     100     
3246   1968 3000    2100    2000    500     1100    1100    400     300     100     400     300     400     300     800     0       200     0       200     0       
3246   1969 2400    800     1100    500     400     700     700     100     400     100     200     100     100     200     400     100     400     200     100     
3246   1970 2800    1500    1500    900     600     800     400     200     600     0       500     100     400     100     300     100     100     200     200     
3246   1971 4000    1200    1800    300     1100    1300    1000    0       100     600     400     100     700     500     100     0       600     400     500     
3246   1972 2800    2000    1900    600     1200    500     700     0       100     400     400     400     0       300     200     600     100     0       300     
3246   1973 3700    800     2000    600     400     1700    600     100     200     100     200     100     600     900     200     0       100     500     700     
3246   1974 2200    2000    1200    1300    100     800     600     600     0       100     0       0       200     400     200     400     200     0       100     
3246   1975 2900    600     1700    300     800     900     800     100     100     100     300     400     300     0       600     100     300     400     200     
3246   1976 2800    1800    1600    1000    500     1000    400     400     400     100     200     200     200     800     0       200     100     100     100     
3246   1977 3800    900     1900    500     700     1200    1300    200     200     200     200     300     200     700     300     200     500     600     200     
3246   1978 2700    2900    1100    1400    600     600     300     600     600     400     100     100     500     100     0       300     0       0       0       
3246   1979 3500    500     2300    200     1000    1300    900     100     100     300     0       700     600     400     300     300     600     0       100     
3246   1980 4500    1500    3000    500     900     2200    1000    0       400     400     100     400     700     500     1000    300     200     500     0       
3246   1981 5200    1300    2400    500     1200    900     1300    400     100     100     900     200     200     600     100     400     100     800     1300    
3246   1982 4400    2800    2000    1800    700     1300    1000    300     200     100     500     100     500     200     600     100     400     500     900     
3246   1983 5200    3100    1900    1800    700     500     2300    700     200     400     100     200     0       0       500     1100    500     700     800     
3246   1984 4500    3100    2800    1800    1200    1300    700     500     500     100     400     700     200     400     700     400     0       300     300     
3246   1985 3100    1300    1600    800     900     500     1200    100     400     200     400     300     100     200     200     400     700     100     0       
3246   1986 4600    2100    2100    1000    600     1600    1000    500     500     300     0       300     700     300     600     200     200     600     400     
3246   1987 4700    3100    1900    2100    700     1100    600     800     900     200     300     200     200     400     500     300     300     0       600     
3246   1988 5100    1900    3400    1200    1300    1400    1700    500     100     400     400     500     600     100     700     1100    200     400     100     
3246   1989 4300    1400    2700    300     1500    1500    1100    200     0       500     600     400     300     600     600     200     500     400     0       
3246   1990 7100    2600    2900    500     2500    1200    2100    100     400     1200    600     700     200     900     100     400     700     1000    800     
3246   1991 4900    3100    3100    1200    1200    1700    1600    0       400     200     500     500     400     400     900     400     700     500     0       
3246   1992 5100    2700    2400    1300    1400    1000    1400    300     1000    200     400     800     300     200     500     200     400     800     0       
3246   1993 7100    3200    3000    900     2400    1000    1800    400     500     1100    700     600     300     600     100     700     500     600     1000    
3246   1994 5700    3500    3700    2100    1400    2200    900     400     700     300     600     500     1200    600     400     400     300     200     100     
3246   1995 6300    2700    2400    1700    1300    1200    2000    1200    400     500     500     300     300     500     400     400     600     1000    200     
3246   1996 7300    3900    3500    1600    1900    2100    900     1000    400     700     400     800     600     1100    400     200     200     500     1000    
3246   1997 6600    3200    3500    1600    2400    2000    1300    200     400     900     600     900     600     1000    400     0       800     500     300     
3246   1998 7600    3500    4100    1300    2400    1900    1600    100     900     900     1000    500     200     700     1000    700     900     0       700     
3246   1999 7000    3100    3200    2200    1500    1200    1900    400     1100    0       600     900     100     800     300     500     600     800     900     
3246   2000 4800    3100    3700    1000    1800    2300    500     0       100     700     200     900     1300    600     400     300     200     0       100     
3246   2001 9200    1600    5100    700     1800    3100    2900    200     400     700     700     400     1000    1000    1100    900     600     1400    800     
3246   2002 9100    7000    4600    3400    2900    2900    600     1300    1300    1600    300     1000    900     1400    600     400     200     0       100     
3246   2003 7300    2100    3000    1500    1300    1500    1900    600     800     400     400     500     800     600     100     600     1300    0       1200    
3246   2004 8900    4800    4600    3000    1600    2900    2300    800     1000    500     600     500     1500    1100    300     600     1100    600     300     
3246   2005 6700    3200    3800    800     1700    2600    1800    200     300     700     500     500     1100    600     900     200     1200    400     100     
3246   2006 4300    2900    2000    800     1000    800     1800    300     400     500     100     400     100     300     400     700     500     600     0       
3246   2007 9100    3200    5400    1500    2300    2500    2400    500     1000    600     700     1000    600     800     1100    1200    300     900     400     
3246   2008 9200    3800    4000    1400    2400    2300    2700    500     500     1200    700     500     1500    500     300     500     1400    800     800     
3246   2009 5500    4600    3000    2000    1900    1200    1200    300     900     400     1000    500     200     300     700     300     300     600     0       
3246   2010 6500    2100    3800    1000    900     2400    2000    800     200     200     0       700     1700    700     0       700     500     800     200     
3246   2011 5700    2900    2800    1000    1500    1900    1100    300     500     600     500     400     500     600     800     0       800     300     400     
3246   2012 5800    2400    4200    1100    1500    2300    1300    100     600     200     600     700     800     900     600     600     500     200     0       
3246   2013 7900    1800    3500    800     1300    1800    2900    400     400     300     400     600     400     300     1100    700     800     1400    1100    
3246   2014 6600    5600    3200    2400    2600    1400    900     1000    300     1000    1200    400     600     500     300     200     300     400     400     
3246   2015 7000    3700    3800    2300    1800    1800    1400    900     1000    700     800     300     400     700     700     900     400     100     100     
3246   2016 7000    3500    3300    1800    2000    1400    1200    600     1100    1200    500     300     200     600     600     1100    100     0       700     
3246   2017 8600    2400    5500    1900    2600    2600    1400    300     900     400     1100    1100    600     800     1200    700     200     500     800     
3246   2018 8800    3400    5100    1800    2400    2600    2100    800     200     900     900     600     1000    1000    600     1000    600     500     700     
3246   2019 -999999 5400    -999999 3200    -999999 -999999 -999999 1400    1100    1100    -999999 -999999 -999999 -999999 -999999 -999999 -999999 -999999 -999999 
