EUROPEAN CLIMATE ASSESSMENT & DATASET (ECA&D), file created on: 20-01-2022
THESE DATA CAN BE USED FOR NON-COMMERCIAL RESEARCH AND EDUCATION PROVIDED THAT THE FOLLOWING SOURCE IS ACKNOWLEDGED: 

Klein Tank, A.M.G. and Coauthors, 2002. Daily dataset of 20th-century surface
air temperature and precipitation series for the European Climate Assessment.
Int. J. of Climatol., 22, 1441-1453.
Data and metadata available at http://www.ecad.eu

FILE FORMAT (MISSING VALUE CODE = -999999):

THIS FILE HOLDS DATA FOR STATION ROMANIA                                  SULINA                                   (STAID:    969)
LATITUDE: dd:mm:ss +45:10:00
LONGITUDE: ddd:mm:ss +029:43:59
ELEVATION: m    3

DATA IS FOR INDEX Days with TN > 90th percentile of daily min temp (warm nights) (TN90p) with unit 0.01 No of days

01-06 SOUID: Source identifier
08-11 YEAR : YYYY
13-20 ANNUAL DATA VALUES
21-28 WINTER HALF YEAR DATA VALUES
29-36 SUMMER HALF YEAR DATA VALUES
37-44 WINTER (DJF) DATA VALUES
45-52 SPRING (MAM) DATA VALUES
53-60 SUMMER (JJA) DATA VALUES
61-68 AUTUMN (SON) DATA VALUES
69-76 JANUARY DATA VALUES
etc. 
157-164 DECEMBER DATA VALUES

969    1952 -999999 -999999 -999999 -999999 -999999 -999999 -999999 -999999 -999999 -999999 -999999 -999999 -999999 -999999 -999999 -999999 -999999 -999999 -999999 
969    1953 -999999 -999999 -999999 -999999 -999999 -999999 -999999 -999999 -999999 -999999 -999999 -999999 -999999 -999999 -999999 -999999 -999999 -999999 -999999 
969    1954 -999999 -999999 -999999 -999999 -999999 -999999 -999999 -999999 -999999 -999999 -999999 -999999 -999999 -999999 -999999 -999999 -999999 -999999 -999999 
969    1955 -999999 -999999 -999999 -999999 -999999 -999999 -999999 -999999 -999999 -999999 -999999 -999999 -999999 -999999 -999999 -999999 -999999 -999999 -999999 
969    1956 -999999 -999999 -999999 -999999 -999999 -999999 -999999 -999999 -999999 -999999 -999999 -999999 -999999 -999999 -999999 -999999 -999999 -999999 -999999 
969    1957 -999999 -999999 -999999 -999999 -999999 -999999 -999999 -999999 -999999 -999999 -999999 -999999 -999999 -999999 -999999 -999999 -999999 -999999 -999999 
969    1958 -999999 -999999 -999999 -999999 -999999 -999999 -999999 -999999 -999999 -999999 -999999 -999999 -999999 -999999 -999999 -999999 -999999 -999999 -999999 
969    1959 -999999 -999999 -999999 -999999 -999999 -999999 -999999 -999999 -999999 -999999 -999999 -999999 -999999 -999999 -999999 -999999 0       -999999 -999999 
969    1960 -999999 -999999 -999999 -999999 -999999 -999999 -999999 -999999 -999999 -999999 -999999 0       -999999 -999999 -999999 -999999 -999999 -999999 1400    
969    1961 4400    -999999 1400    2200    2000    400     800     800     0       1000    900     100     100     100     200     0       0       800     400     
969    1962 5300    1900    3000    900     1500    1500    1700    400     100     200     400     900     700     0       800     200     300     1200    100     
969    1963 5400    1600    4700    100     700     3300    1400    0       0       0       300     400     700     1100    1500    700     300     400     0       
969    1964 3100    700     1100    0       0       1100    1000    0       0       0       0       0       800     300     0       0       900     100     1000    
969    1965 2400    3100    1000    2000    100     500     500     900     100     100     0       0       400     100     0       500     0       0       300     
969    1966 7800    2600    3000    1800    2300    1500    2300    100     1400    800     1100    400     0       800     700     0       2000    300     200     
969    1967 4000    2600    2100    200     1300    400     2100    0       0       100     700     500     0       200     200     500     700     900     200     
969    1968 4000    1900    3200    300     2300    500     1000    0       100     0       500     1800    0       300     200     400     0       600     100     
969    1969 3400    900     1700    300     400     600     1700    200     0       0       0       400     100     0       500     700     0       1000    500     
969    1970 4300    2200    2800    900     800     1900    900     200     200     300     400     100     0       1400    500     400     0       500     300     
969    1971 3100    2400    1400    1700    300     1100    200     900     500     200     0       100     200     300     600     200     0       0       100     
969    1972 4600    500     4100    500     1400    2500    200     300     100     0       1000    400     1100    1000    400     200     0       0       100     
969    1973 1400    300     500     300     0       300     500     0       200     0       0       0       200     100     0       200     300     0       400     
969    1974 3300    1300    1000    1000    0       500     1600    0       600     0       0       0       0       0       500     500     1000    100     600     
969    1975 7600    4000    4800    1700    2800    2200    1400    1000    100     1200    700     900     1100    700     400     1000    400     0       100     
969    1976 800     500     200     100     200     0       200     0       0       0       200     0       0       0       0       0       200     0       400     
969    1977 3500    2600    1000    2100    800     400     600     200     1500    300     300     200     100     100     200     100     0       500     0       
969    1978 1800    1300    300     200     700     100     500     200     0       600     100     0       100     0       0       100     100     300     300     
969    1979 5200    2400    2000    1700    800     1000    1100    900     500     300     0       500     900     100     0       500     300     300     900     
969    1980 1100    1600    200     1000    0       200     700     0       100     0       0       0       100     0       100     0       600     100     100     
969    1981 3900    1600    1400    600     600     900     1300    0       500     300     200     100     800     100     0       200     1100    0       600     
969    1982 3000    1800    1000    700     300     200     900     100     0       0       0       300     100     0       100     500     300     100     1500    
969    1983 4900    4000    2500    2900    2200    300     800     600     800     700     600     900     200     100     0       700     100     0       200     
969    1984 3200    1300    1200    1200    0       200     2000    600     400     0       0       0       100     0       100     1000    1000    0       0       
969    1985 1400    1000    1400    0       600     700     100     0       0       0       100     500     0       100     600     100     0       0       0       
969    1986 3300    500     2800    500     700     1600    500     500     0       0       300     400     1100    200     300     500     0       0       0       
969    1987 2200    0       1600    0       100     1400    600     0       0       0       0       100     300     1000    100     100     0       500     100     
969    1988 3100    1200    2500    700     300     2100    100     300     300     0       0       300     300     1100    700     100     0       0       0       
969    1989 6000    2800    2300    1200    2600    1200    600     200     1000    1600    1000    0       0       400     800     100     200     300     400     
969    1990 5100    3200    900     1300    1900    300     1600    200     700     1400    300     200     0       300     0       100     300     1200    400     
969    1991 3500    2100    1700    600     0       1300    2000    200     0       0       0       0       400     500     400     400     1300    300     0       
969    1992 3700    1800    2600    100     300     2000    1100    0       100     100     0       200     300     0       1700    400     400     300     200     
969    1993 2800    1400    300     600     200     100     1500    400     0       100     0       100     0       100     0       100     900     500     600     
969    1994 6700    4100    3700    2400    1000    1000    2600    1300    500     300     700     0       0       200     800     2000    500     100     300     
969    1995 5800    3300    3100    1600    1400    2400    400     200     1100    1100    300     0       900     700     800     400     0       0       300     
969    1996 4000    300     2200    300     1300    900     1000    0       0       0       0       1300    300     400     200     0       0       1000    800     
969    1997 2200    2100    1400    1000    900     600     300     0       200     100     0       800     200     400     0       0       100     200     200     
969    1998 5800    2200    3400    1400    800     2700    1100    1000    200     500     100     200     1100    800     800     400     500     200     0       
969    1999 7400    1900    5100    300     1700    3600    1100    0       300     900     500     300     1500    1500    600     700     400     0       700     
969    2000 7100    2100    3100    1500    1700    1400    2200    0       800     200     900     600     400     200     800     200     0       2000    1000    
969    2001 9400    6300    5400    2800    2200    3900    1500    1100    700     1500    0       700     0       2100    1800    800     500     200     0       
969    2002 8600    4000    4500    1800    2600    2800    1400    0       1800    1500    200     900     400     2000    400     600     200     600     0       
969    2003 3100    900     2400    100     800     1600    400     0       100     0       0       800     600     200     800     0       300     100     200     
969    2004 4500    1900    1200    700     1000    600     1800    100     400     800     200     0       0       300     300     400     700     700     600     
969    2005 5700    3100    3000    1600    1100    1400    1300    800     200     100     400     600     0       700     700     600     400     300     900     
969    2006 4700    2100    2900    1300    700     2100    800     300     100     100     200     400     800     400     900     200     500     100     700     
969    2007 9100    5100    4600    3300    2400    2900    800     1700    900     1200    0       1200    1200    800     900     500     300     0       400     
969    2008 8000    3600    2700    1900    2200    1800    1200    800     700     1400    800     0       600     200     1000    100     600     500     1300    
969    2009 8000    5300    2800    3500    1200    1900    2000    1100    1100    700     300     200     700     1000    200     400     1100    500     700     
969    2010 9600    3200    6900    1400    2000    4600    1700    600     100     200     500     1300    1200    1200    2200    500     0       1200    600     
969    2011 5400    2700    3700    1300    900     2300    1000    700     0       200     100     600     800     1100    400     700     300     0       500     
969    2012 9000    1300    6500    700     2200    3900    2500    200     0       300     500     1400    1100    1900    900     700     1100    700     200     
969    2013 7800    4100    4100    1700    3200    1400    1400    600     900     600     600     2000    500     500     400     100     0       1300    300     
969    2014 8600    4000    4900    1500    3100    2000    1900    900     300     1200    1100    800     0       900     1100    1000    400     500     400     
969    2015 6700    3000    4500    1900    600     2900    1600    800     700     200     200     200     600     500     1800    1200    0       400     100     
969    2016 9300    4500    4700    2700    2600    2600    1400    400     2200    1400    1100    100     1100    800     700     900     300     200     100     
969    2017 5800    2000    3700    300     1600    2100    1400    100     100     1200    0       400     600     500     1000    1200    100     100     500     
969    2018 8000    1500    5700    1300    2800    2400    2000    300     500     0       1200    1600    1200    0       1200    500     900     600     0       
969    2019 12100   3900    5400    1400    1500    4000    3500    600     800     1000    200     300     2400    500     1100    900     800     1800    1700    
969    2020 -999999 7700    3100    3600    1500    2200    -999999 300     1600    1500    0       0       300     1100    800     900     1600    -999999 -999999 
969    2021 -999999 -999999 -999999 -999999 -999999 -999999 -999999 -999999 -999999 -999999 -999999 -999999 -999999 -999999 -999999 -999999 -999999 -999999 -999999 
