EUROPEAN CLIMATE ASSESSMENT & DATASET (ECA&D), file created on: 20-01-2022
THESE DATA CAN BE USED FOR NON-COMMERCIAL RESEARCH AND EDUCATION PROVIDED THAT THE FOLLOWING SOURCE IS ACKNOWLEDGED: 

Klein Tank, A.M.G. and Coauthors, 2002. Daily dataset of 20th-century surface
air temperature and precipitation series for the European Climate Assessment.
Int. J. of Climatol., 22, 1441-1453.
Data and metadata available at http://www.ecad.eu

FILE FORMAT (MISSING VALUE CODE = -999999):

THIS FILE HOLDS DATA FOR STATION IRELAND                                  WARRENSTOWN                              (STAID:   1759)
LATITUDE: dd:mm:ss +53:31:26
LONGITUDE: ddd:mm:ss -006:36:39
ELEVATION: m   90

DATA IS FOR INDEX Days with TN > 90th percentile of daily min temp (warm nights) (TN90p) with unit 0.01 No of days

01-06 SOUID: Source identifier
08-11 YEAR : YYYY
13-20 ANNUAL DATA VALUES
21-28 WINTER HALF YEAR DATA VALUES
29-36 SUMMER HALF YEAR DATA VALUES
37-44 WINTER (DJF) DATA VALUES
45-52 SPRING (MAM) DATA VALUES
53-60 SUMMER (JJA) DATA VALUES
61-68 AUTUMN (SON) DATA VALUES
69-76 JANUARY DATA VALUES
etc. 
157-164 DECEMBER DATA VALUES

1759   1961 4400    -999999 1700    -999999 1900    400     500     0       1300    1000    600     300     100     100     200     400     100     0       300     
1759   1962 1300    700     500     600     400     100     400     200     100     0       0       400     0       0       100     0       200     200     100     
1759   1963 2000    1000    600     100     1000    100     800     0       0       500     300     200     0       100     0       0       300     500     100     
1759   1964 4600    1700    3000    800     1700    1000    1100    200     500     100     700     900     100     400     500     400     100     600     100     
1759   1965 1500    1100    900     200     700     300     300     100     0       200     100     400     0       0       300     100     200     0       100     
1759   1966 -999999 1800    -999999 1100    -999999 800     300     600     400     500     -999999 0       400     100     300     100     0       200     -999999 
1759   1967 2200    -999999 900     -999999 800     500     200     300     200     500     300     0       300     200     0       100     0       100     200     
1759   1968 -999999 -999999 1000    -999999 -999999 300     1100    200     -999999 -999999 200     300     200     0       100     200     500     400     -999999 
1759   1969 4200    -999999 1900    -999999 400     1000    2000    700     0       100     200     100     100     600     300     600     1200    200     100     
1759   1970 4400    2100    3000    400     1600    1400    900     200     100     300     400     900     500     200     700     300     200     400     200     
1759   1971 -999999 1700    -999999 900     500     400     -999999 400     300     200     100     200     0       400     0       -999999 -999999 -999999 -999999 
1759   1972 -999999 -999999 700     -999999 600     300     400     -999999 100     200     400     0       0       200     100     0       100     300     600     
1759   1973 4900    2900    2200    2200    700     1300    1200    900     700     300     0       400     800     100     400     500     200     500     100     
1759   1974 2800    1700    -999999 900     500     -999999 300     300     500     100     100     300     300     -999999 0       100     0       200     800     
1759   1975 4800    2100    2600    1800    700     1900    900     700     300     100     600     0       500     700     700     100     600     200     300     
1759   1976 6100    3000    3900    1800    1300    2400    900     1100    400     400     600     300     1200    1200    0       600     200     100     0       
1759   1977 2400    700     1100    100     700     500     1100    0       100     300     300     100     0       300     200     200     800     100     0       
1759   1978 3900    1700    800     400     900     200     2100    100     300     400     0       500     100     0       100     100     900     1100    300     
1759   1979 3000    2400    1700    400     400     1000    1100    100     0       0       200     200     400     400     200     300     400     400     400     
1759   1980 4700    1900    2000    -999999 400     1000    1800    100     600     0       200     200     300     200     500     600     300     900     800     
1759   1981 4100    3300    2500    1300    1600    1000    900     200     300     800     400     400     200     200     600     700     0       200     100     
1759   1982 3700    1400    -999999 1100    -999999 900     800     700     300     100     -999999 500     200     200     500     300     200     300     200     
1759   1983 5400    1800    3000    700     700     2400    1300    500     0       600     0       100     300     900     1200    500     300     500     500     
1759   1984 3400    1500    2700    700     100     2100    900     100     100     0       100     0       900     300     900     500     200     200     100     
1759   1985 4000    1100    2300    600     1000    600     1100    0       500     100     600     300     0       600     0       800     300     0       800     
1759   1986 3100    1400    1400    900     400     1100    1100    100     0       200     0       200     800     300     0       100     500     500     400     
1759   1987 4400    2200    2600    1000    1200    1300    500     300     300     200     900     100     300     300     700     300     0       200     800     
1759   1988 3500    1600    1500    1200    1000    400     700     100     300     200     500     300     300     0       100     300     300     100     1000    
1759   1989 -999999 2800    -999999 2000    -999999 2000    1900    700     300     400     -999999 1100    400     900     700     500     800     600     0       
1759   1990 4900    2900    2200    700     1800    1200    1100    300     400     800     300     700     200     300     700     0       700     400     100     
1759   1991 4900    2100    3100    200     1900    1600    1100    100     0       800     400     700     100     600     900     400     300     400     200     
1759   1992 4800    2600    2200    1200    2200    600     600     500     500     700     300     1200    500     100     0       100     0       500     400     
1759   1993 3900    2500    2000    1400    1700    900     200     200     800     600     800     300     400     400     100     0       0       200     100     
1759   1994 4600    1000    1800    200     1100    1300    1600    100     0       600     300     200     500     600     200     0       500     1100    500     
1759   1995 8100    -999999 5000    -999999 2000    3300    1700    300     500     300     1000    700     900     1200    1200    0       900     800     300     
1759   1996 4500    3300    2000    1400    900     1000    1300    1000    100     200     600     100     200     400     400     300     600     400     200     
1759   1997 8900    3100    4800    1200    2600    2500    2400    500     500     900     1100    600     500     600     1400    600     800     1000    400     
1759   1998 7800    5700    3400    2300    3000    1100    1500    400     1500    1600    600     800     400     100     600     900     200     400     300     
1759   1999 8200    2800    5500    1300    3400    2000    1800    400     600     900     1200    1300    200     900     900     1000    500     300     0       
1759   2000 4900    2300    3000    600     1900    1400    700     200     400     900     200     800     500     100     800     600     0       100     300     
1759   2001 5400    1200    3000    600     1700    1500    1800    0       300     500     400     800     300     600     600     300     800     700     100     
1759   2002 6500    3600    3500    1300    2600    1400    900     600     600     800     1000    800     400     300     700     300     300     300     400     
1759   2003 6900    2200    4400    1300    1800    2600    1000    400     500     300     800     700     500     1000    1100    300     300     400     600     
1759   2004 6000    2000    4100    1000    1600    1900    1900    100     300     300     900     400     900     200     800     900     0       1000    200     
1759   2005 7500    3400    3900    900     2700    2100    1600    500     200     1500    600     600     1000    600     500     600     700     300     400     
1759   2006 6200    2600    4100    1100    1600    1800    1900    200     500     500     300     800     900     700     200     1200    400     300     200     
1759   2007 7600    2000    4100    1200    2100    1100    3000    300     700     100     1100    900     600     200     300     1000    900     1100    400     
1759   2008 5200    3700    3200    1700    1400    1700    600     800     500     0       500     900     300     700     700     100     200     300     200     
1759   2009 6900    2300    3900    1200    2100    1800    1900    300     700     600     900     600     700     400     700     600     1100    200     100     
1759   2010 -999999 2000    -999999 200     1600    -999999 -999999 100     0       500     600     500     -999999 -999999 -999999 -999999 -999999 -999999 -999999 
1759   2011 -999999 -999999 -999999 -999999 -999999 -999999 -999999 -999999 -999999 -999999 -999999 -999999 -999999 -999999 -999999 -999999 -999999 -999999 -999999 
1759   2012 -999999 -999999 -999999 -999999 -999999 -999999 -999999 -999999 -999999 -999999 -999999 -999999 -999999 -999999 -999999 -999999 -999999 -999999 -999999 
1759   2013 6100    -999999 3700    -999999 1100    2000    1900    500     200     100     500     500     400     900     700     700     900     300     400     
1759   2014 6800    2500    4700    600     2600    1900    1800    100     100     700     900     1000    600     1200    100     900     800     100     300     
1759   2015 4300    1900    1900    600     1000    1300    800     100     200     400     300     300     600     300     400     0       200     600     900     
1759   2016 5800    2900    3200    1800    800     2000    1500    400     500     300     0       500     1000    600     400     700     600     200     600     
1759   2017 7000    3900    3200    2100    2800    1200    1000    900     600     1000    900     900     600     400     200     200     600     200     500     
1759   2018 5900    1800    3600    700     1800    1700    1300    200     0       300     600     900     500     500     700     400     500     400     900     
1759   2019 5900    3800    3600    2400    1900    2000    200     800     700     500     800     600     500     900     600     200     0       0       300     
1759   2020 5000    1000    3600    800     1700    1600    1100    200     300     200     600     900     500     200     900     500     100     500     100     
1759   2021 6800    2200    3600    900     1100    2100    2700    300     500     700     100     300     900     800     400     1100    900     700     -999999 
