EUROPEAN CLIMATE ASSESSMENT & DATASET (ECA&D), file created on: 20-01-2022
THESE DATA CAN BE USED FOR NON-COMMERCIAL RESEARCH AND EDUCATION PROVIDED THAT THE FOLLOWING SOURCE IS ACKNOWLEDGED: 

Klein Tank, A.M.G. and Coauthors, 2002. Daily dataset of 20th-century surface
air temperature and precipitation series for the European Climate Assessment.
Int. J. of Climatol., 22, 1441-1453.
Data and metadata available at http://www.ecad.eu

FILE FORMAT (MISSING VALUE CODE = -999999):

THIS FILE HOLDS DATA FOR STATION GERMANY                                  BAD-NEUNKIRCHEN MERGENTHEIM              (STAID:   4407)
LATITUDE: dd:mm:ss +49:28:41
LONGITUDE: ddd:mm:ss +009:45:47
ELEVATION: m  250

DATA IS FOR INDEX Days with TN > 90th percentile of daily min temp (warm nights) (TN90p) with unit 0.01 No of days

01-06 SOUID: Source identifier
08-11 YEAR : YYYY
13-20 ANNUAL DATA VALUES
21-28 WINTER HALF YEAR DATA VALUES
29-36 SUMMER HALF YEAR DATA VALUES
37-44 WINTER (DJF) DATA VALUES
45-52 SPRING (MAM) DATA VALUES
53-60 SUMMER (JJA) DATA VALUES
61-68 AUTUMN (SON) DATA VALUES
69-76 JANUARY DATA VALUES
etc. 
157-164 DECEMBER DATA VALUES

4407   1947 5600    -999999 4200    -999999 1700    2200    1400    100     0       500     1000    200     1100    700     400     800     100     500     200     
4407   1948 5000    3200    1900    2100    1700    500     800     800     1100    500     700     500     200     0       300     200     300     300     100     
4407   1949 5000    1500    2700    800     1300    1100    1300    500     200     100     800     400     200     200     700     400     500     400     600     
4407   1950 6000    2900    3300    1800    1100    2100    1400    400     800     200     300     600     600     900     600     300     600     500     200     
4407   1951 3600    2300    1600    900     800     900     900     500     200     300     300     200     100     200     600     200     100     600     300     
4407   1952 2900    1400    2400    600     1100    1300    200     200     100     100     900     100     500     500     300     100     0       100     0       
4407   1953 3500    700     2300    400     700     1700    600     100     300     200     0       500     1100    500     100     100     500     0       100     
4407   1954 2100    1000    700     200     500     200     800     100     0       300     200     0       200     0       0       300     500     0       500     
4407   1955 2200    1200    1600    500     700     1000    200     0       0       200     200     300     100     700     200     100     100     0       300     
4407   1956 3500    800     1500    500     700     700     1000    100     100     200     300     200     300     300     100     300     600     100     900     
4407   1957 3800    3300    1600    1700    1100    1200    700     300     500     900     100     100     300     900     0       200     300     200     0       
4407   1958 3200    1300    2100    600     1200    800     500     100     500     200     0       1000    100     300     400     300     100     100     100     
4407   1959 2700    1200    1500    300     1100    1100    200     200     0       700     200     200     300     600     200     0       200     0       100     
4407   1960 3600    1500    1500    800     1200    800     500     300     400     500     300     400     100     200     500     0       100     400     400     
4407   1961 5200    3000    1900    1700    2000    100     1300    300     1000    800     1100    100     100     0       0       600     600     100     500     
4407   1962 1900    2100    1000    1300    600     400     100     800     0       100     300     200     200     100     100     100     0       0       0       
4407   1963 2600    0       1600    0       900     400     1300    0       0       0       600     300     100     200     100     300     0       1000    0       
4407   1964 4200    1600    2500    400     1300    900     1500    0       400     200     400     700     400     200     300     500     0       1000    100     
4407   1965 2100    1300    900     300     200     700     500     200     0       0       0       200     500     200     0       0       0       500     500     
4407   1966 5500    2500    2500    1900    1200    1000    1800    200     1200    100     1000    100     500     100     400     400     1300    100     100     
4407   1967 3900    3400    800     1400    700     400     1400    600     700     600     0       100     0       100     300     300     1000    100     100     
4407   1968 3000    1800    1400    700     400     900     1100    300     300     0       200     200     400     100     400     100     900     100     0       
4407   1969 4000    1400    3000    200     1500    1400    900     200     0       200     600     700     100     1000    300     300     100     500     0       
4407   1970 3100    1100    1600    100     1200    600     900     0       100     400     400     400     200     100     300     200     100     600     300     
4407   1971 3000    1700    1700    1000    800     900     0       400     300     0       0       800     200     200     500     0       0       0       600     
4407   1972 2400    900     1800    800     800     1100    200     100     100     100     500     200     100     600     400     0       0       200     100     
4407   1973 2700    500     2200    200     1000    1300    300     0       100     100     200     700     600     300     400     0       200     100     0       
4407   1974 4000    2100    800     1100    800     300     500     800     300     700     100     0       0       100     200     400     0       100     1300    
4407   1975 4700    2700    3100    2400    800     1700    1100    900     200     200     400     200     600     500     600     800     300     0       0       
4407   1976 3500    1500    1600    1200    500     700     1100    1200    0       0       100     400     200     400     100     400     300     400     0       
4407   1977 4300    2300    1100    1000    800     600     1700    200     800     600     200     0       400     100     100     300     800     600     200     
4407   1978 2400    2000    1400    300     600     600     700     0       100     300     100     200     300     200     100     500     0       200     400     
4407   1979 2900    1000    1400    400     800     800     500     0       0       400     100     300     700     100     0       200     100     200     800     
4407   1980 2500    1900    900     1400    200     600     700     100     500     200     0       0       0       100     500     300     100     300     400     
4407   1981 4300    2000    2100    600     1800    1000    1300    0       200     1000    600     200     500     100     400     300     300     700     0       
4407   1982 3900    1300    2800    200     600     1900    800     200     0       100     100     400     700     400     800     400     100     300     400     
4407   1983 6500    2700    3500    1500    1400    2500    1100    1100    0       800     400     200     900     1000    600     400     300     400     400     
4407   1984 2100    1300    1000    500     100     900     1000    100     0       100     0       0       200     400     300     100     500     400     0       
4407   1985 3300    1300    1700    300     1200    400     700     100     200     100     400     700     100     200     100     200     300     200     700     
4407   1986 4200    1600    3400    1000    1800    1600    300     300     0       100     400     1300    900     200     500     100     100     100     200     
4407   1987 5000    1000    3100    500     600     1600    1700    100     200     300     200     100     200     900     500     1200    300     200     800     
4407   1988 5100    2500    2100    1800    900     900     1500    800     200     200     200     500     200     300     400     500     700     300     800     
4407   1989 5900    3400    2600    1900    800     1700    1400    500     600     500     100     200     100     1100    500     600     500     300     900     
4407   1990 4100    3100    1400    1800    900     1000    1100    300     600     500     100     300     200     300     500     0       600     500     200     
4407   1991 4500    2800    2400    1000    800     1700    1000    800     0       700     100     0       200     900     600     600     100     300     200     
4407   1992 5600    1800    3600    1200    600     2900    1000    500     500     200     100     300     700     800     1400    300     400     300     100     
4407   1993 4700    2200    2500    1200    1100    1400    700     1100    0       300     300     500     600     400     400     300     400     0       400     
4407   1994 9100    3000    4500    1400    1500    3800    2100    800     200     1200    100     200     900     1700    1200    400     300     1400    700     
4407   1995 6600    3800    3900    1900    1500    2400    1400    400     800     200     800     500     0       1400    1000    200     1100    100     100     
4407   1996 2100    1400    1300    100     500     900     700     0       0       100     200     200     500     0       400     0       400     300     0       
4407   1997 4700    2300    2000    700     1600    900     1100    0       700     900     200     500     200     100     600     400     500     200     400     
4407   1998 5900    3600    2500    2100    1700    1300    900     900     800     800     400     500     800     300     200     300     500     100     300     
4407   1999 5800    2000    4000    1000    1500    2200    1200    600     100     400     400     700     500     1200    500     700     400     100     200     
4407   2000 4800    2000    2400    700     2000    1200    600     200     300     800     500     700     600     300     300     0       300     300     500     
4407   2001 6000    3300    1900    1500    1500    1600    1600    400     600     1200    0       300     100     300     1200    0       1300    300     300     
4407   2002 6900    3900    3200    1800    1200    2400    1400    600     900     500     200     500     900     500     1000    100     300     1000    400     
4407   2003 7000    2400    5700    600     2100    4100    400     200     0       500     400     1200    1800    800     1500    0       200     200     200     
4407   2004 4000    2200    1600    1500    600     1000    1000    400     900     300     200     100     200     400     400     300     400     300     100     
4407   2005 5200    2100    3300    700     1800    1400    1400    400     200     700     500     600     700     500     200     800     500     100     0       
4407   2006 6400    1400    3700    200     1400    2300    2100    0       200     600     400     400     700     1600    0       600     1000    500     400     
4407   2007 5500    4300    2000    2600    1000    1200    400     1300    900     200     100     700     700     500     0       0       300     100     700     
4407   2008 4700    2400    2400    1600    1000    1500    1200    400     500     400     0       600     600     300     600     300     400     500     100     
4407   2009 4600    1300    2800    200     1200    1500    1600    0       100     200     100     900     200     700     600     300     500     800     200     
4407   2010 3600    2500    2000    600     1200    1400    600     0       400     600     100     500     300     800     300     0       0       600     0       
4407   2011 3900    1900    2100    900     700     1200    900     700     200     400     300     0       400     0       800     600     300     0       200     
4407   2012 5600    2400    3000    1400    2100    1500    400     700     500     700     400     1000    400     400     700     100     0       300     400     
4407   2013 5100    1700    2800    1200    1300    1400    1400    700     100     200     700     400     300     500     600     300     800     300     200     
4407   2014 6700    2600    3500    900     1900    1700    1800    300     400     600     900     400     400     1000    300     500     800     500     600     
4407   2015 6500    2500    3800    1100    700     3100    1300    500     0       100     100     500     500     1400    1200    100     200     1000    900     
4407   2016 4900    3400    3000    2100    1100    1800    700     400     800     100     400     600     600     800     400     200     200     300     100     
4407   2017 5600    2200    3300    800     1500    2600    400     0       700     900     100     500     700     1100    800     100     100     200     400     
4407   2018 8000    2300    5200    1900    2100    2600    1100    1500    0       100     1000    1000    1100    400     1100    600     200     300     700     
4407   2019 4900    2100    2600    1000    900     1900    1400    200     100     600     300     0       500     700     700     400     600     400     400     
4407   2020 5300    3500    2100    1900    700     1700    1200    400     1100    600     100     0       300     300     1100    300     600     300     200     
4407   2021 3200    1600    1800    600     300     1200    700     100     300     100     0       200     1100    0       100     400     100     200     600     
