EUROPEAN CLIMATE ASSESSMENT & DATASET (ECA&D), file created on: 20-01-2022
THESE DATA CAN BE USED FOR NON-COMMERCIAL RESEARCH AND EDUCATION PROVIDED THAT THE FOLLOWING SOURCE IS ACKNOWLEDGED: 

Klein Tank, A.M.G. and Coauthors, 2002. Daily dataset of 20th-century surface
air temperature and precipitation series for the European Climate Assessment.
Int. J. of Climatol., 22, 1441-1453.
Data and metadata available at http://www.ecad.eu

FILE FORMAT (MISSING VALUE CODE = -999999):

THIS FILE HOLDS DATA FOR STATION TURKEY                                   TRABZON                                  (STAID:    250)
LATITUDE: dd:mm:ss +40:59:54
LONGITUDE: ddd:mm:ss +039:45:39
ELEVATION: m   30

DATA IS FOR INDEX Days with TN > 90th percentile of daily min temp (warm nights) (TN90p) with unit 0.01 No of days

01-06 SOUID: Source identifier
08-11 YEAR : YYYY
13-20 ANNUAL DATA VALUES
21-28 WINTER HALF YEAR DATA VALUES
29-36 SUMMER HALF YEAR DATA VALUES
37-44 WINTER (DJF) DATA VALUES
45-52 SPRING (MAM) DATA VALUES
53-60 SUMMER (JJA) DATA VALUES
61-68 AUTUMN (SON) DATA VALUES
69-76 JANUARY DATA VALUES
etc. 
157-164 DECEMBER DATA VALUES

250    1930 6800    -999999 3500    -999999 1700    2000    1800    200     500     1000    300     400     0       400     1600    800     500     500     600     
250    1931 6100    3500    3500    1700    1200    2000    1700    700     400     800     200     200     600     1100    300     1100    600     0       100     
250    1932 4600    1300    800     200     900     200     3200    0       100     500     400     0       200     0       0       200     2400    600     200     
250    1933 3400    3900    700     800     700     0       1800    200     400     100     400     200     0       0       0       100     400     1300    300     
250    1934 4400    2900    2700    400     2000    900     1300    100     0       800     300     900     300     500     100     600     500     200     100     
250    1935 -999999 1900    -999999 900     800     -999999 -999999 400     400     300     100     400     200     0       -999999 -999999 -999999 -999999 -999999 
250    1936 -999999 -999999 -999999 -999999 -999999 -999999 -999999 -999999 -999999 -999999 -999999 -999999 -999999 -999999 -999999 -999999 -999999 -999999 -999999 
250    1937 -999999 -999999 -999999 -999999 -999999 -999999 -999999 -999999 -999999 -999999 -999999 -999999 -999999 -999999 -999999 -999999 -999999 -999999 -999999 
250    1938 6000    -999999 4300    -999999 0       3100    2100    100     200     0       0       0       200     1600    1300    1200    600     300     500     
250    1939 5300    2100    2900    900     1500    1200    1500    400     0       300     400     800     200     600     400     500     900     100     700     
250    1940 3800    2700    1600    1100    1000    1200    800     300     100     600     200     200     200     700     300     0       500     300     400     
250    1941 4400    2800    2400    1900    1400    800     700     700     800     100     700     600     600     200     0       300     300     100     0       
250    1942 3200    1000    1100    600     100     800     1700    200     400     0       0       100     400     0       400     200     1000    500     0       
250    1943 3500    1700    900     200     400     100     2800    200     0       0       200     200     100     0       0       400     2000    400     0       
250    1944 3400    3600    500     800     500     300     1500    0       800     400     0       100     0       200     100     100     1000    400     300     
250    1945 -999999 1900    -999999 500     -999999 200     600     200     0       0       -999999 300     0       100     100     400     0       200     200     
250    1946 3800    900     2200    500     200     700     2100    100     200     200     0       0       0       300     400     1500    200     400     500     
250    1947 6400    3100    2700    1200    1900    1800    1000    0       700     1300    400     200     600     1100    100     300     100     600     1000    
250    1948 3200    3100    1700    2400    300     1100    400     1300    100     0       100     200     400     0       700     300     100     0       0       
250    1949 2400    800     900     0       1200    400     700     0       0       700     200     300     300     0       100     0       0       700     100     
250    1950 5400    1200    3500    100     2600    0       2400    0       0       400     1500    700     0       0       0       1300    600     500     400     
250    1951 4000    3100    2100    1100    1900    800     600     600     100     900     600     400     0       100     700     300     200     100     0       
250    1952 7100    1700    3100    900     600     1500    3300    500     400     500     100     0       0       300     1200    1500    1000    800     800     
250    1953 4200    3800    2500    2000    200     1800    1000    1000    200     0       100     100     700     400     700     500     500     0       0       
250    1954 7400    500     5500    0       500     3900    2500    0       0       0       0       500     1400    1700    800     1100    500     900     500     
250    1955 7100    4400    2100    2700    500     700     3700    900     1300    300     200     0       300     200     200     1200    1900    600     0       
250    1956 2700    3200    1600    700     300     900     600     500     200     0       300     0       200     0       700     400     100     100     200     
250    1957 8100    900     5300    500     1200    1800    4300    200     100     200     500     500     800     300     700     2500    1100    700     500     
250    1958 3500    3700    1500    1400    1600    400     300     300     600     500     300     800     200     200     0       0       100     200     300     
250    1959 3500    1300    2200    900     800     1500    300     600     0       100     700     0       100     1000    400     0       0       300     300     
250    1960 5000    2100    800     1700    300     600     1800    700     700     100     0       200     400     100     100     0       600     1200    900     
250    1961 5200    3400    3400    1400    1200    2300    300     200     300     200     400     600     1300    300     700     100     100     100     900     
250    1962 8500    3300    4100    1900    2000    3000    2100    500     500     1200    100     700     800     700     1500    300     1000    800     400     
250    1963 4700    3800    1900    1800    400     1400    800     600     800     200     100     100     200     800     400     300     300     200     700     
250    1964 2300    1800    1300    1000    700     900     100     0       300     300     400     0       800     100     0       0       0       100     300     
250    1965 3800    1400    1600    800     900     800     1100    500     0       500     300     100     600     100     100     400     100     600     500     
250    1966 11000   4000    5000    2600    1800    3600    2700    1100    1000    700     700     400     500     1400    1700    300     1300    1100    800     
250    1967 3400    3300    1000    900     500     200     2100    100     0       0       100     400     0       0       200     300     800     1000    500     
250    1968 4900    2900    3500    1100    2600    0       1300    400     200     0       200     2400    0       0       0       900     100     300     400     
250    1969 3000    1300    1700    600     600     600     1100    200     0       300     200     100     400     100     100     800     0       300     500     
250    1970 4800    3100    1900    2000    1700    700     800     900     600     800     500     400     0       700     0       300     300     200     100     
250    1971 3500    2500    1300    1500    800     500     700     700     700     500     100     200     0       400     100     500     0       200     100     
250    1972 4900    600     3900    200     1300    2600    900     0       100     200     900     200     600     1000    1000    200     600     100     0       
250    1973 2000    1300    400     600     200     100     900     100     500     0       100     100     0       100     0       100     800     0       200     
250    1974 3500    1400    700     600     100     500     2200    0       400     0       0       100     0       300     200     100     1800    300     300     
250    1975 5300    3300    3900    600     1800    2200    1000    200     100     600     800     400     1000    900     300     500     200     300     0       
250    1976 1600    700     400     200     300     0       600     200     0       0       300     0       0       0       0       100     300     200     500     
250    1977 1600    1600    700     1100    200     100     600     0       600     0       200     0       100     0       0       400     0       200     100     
250    1978 1900    1200    600     600     500     300     400     100     400     400     0       100     200     100     0       200     0       200     200     
250    1979 4100    2200    1800    1300    1800    400     500     700     400     700     600     500     0       0       400     300     100     100     300     
250    1980 1900    1000    700     500     700     300     200     100     100     300     300     100     200     0       100     0       0       200     500     
250    1981 4700    2400    1200    1800    600     600     900     1000    300     400     0       200     200     100     300     400     400     100     1300    
250    1982 2800    2200    1400    1500    900     200     1100    100     100     200     500     200     100     0       100     500     400     200     400     
250    1983 2500    1800    1600    500     1400    900     100     0       100     700     500     200     200     700     0       0       0       100     0       
250    1984 2700    1700    800     1200    600     100     800     900     300     400     0       200     100     0       0       500     100     200     0       
250    1985 3600    1200    1700    900     1400    300     900     700     200     0       200     1200    100     0       200     0       0       900     100     
250    1986 5300    2500    3700    1600    600     1900    1300    800     700     0       400     200     200     400     1300    1200    100     0       0       
250    1987 1400    500     800     300     200     700     100     100     200     100     100     0       100     300     300     0       100     0       100     
250    1988 1800    700     1000    300     400     800     300     0       200     300     100     0       0       600     200     100     200     0       100     
250    1989 3100    700     2000    400     1400    600     700     0       300     100     800     500     0       200     400     100     300     300     100     
250    1990 3600    1100    1700    300     700     900     1400    0       200     200     400     100     300     600     0       300     300     800     400     
250    1991 3800    1600    2500    400     1000    1500    1200    0       0       100     400     500     100     900     500     100     1100    0       100     
250    1992 2200    1800    900     200     600     400     1100    0       100     500     100     0       200     100     100     400     500     200     0       
250    1993 2200    1300    1000    200     1000    200     400     0       200     400     400     200     100     0       100     200     0       200     400     
250    1994 5400    1300    3600    800     1600    700     2600    400     0       300     800     500     300     400     0       1600    900     100     100     
250    1995 4200    2800    1800    1000    1300    700     900     500     400     800     100     400     500     100     100     600     0       300     400     
250    1996 3600    1400    1800    1100    100     1600    400     200     500     0       0       100     100     1100    400     100     100     200     800     
250    1997 3700    1600    1900    1100    1100    900     1000    300     0       200     300     600     500     400     0       100     900     0       400     
250    1998 6500    1800    5300    700     1800    2800    1400    200     100     200     1000    600     1200    700     900     900     300     200     200     
250    1999 6200    2200    3900    1200    1200    3000    600     700     300     500     200     500     300     1200    1500    200     300     100     400     
250    2000 3900    1100    3100    600     1500    1400    400     0       200     100     1300    100     200     600     600     300     0       100     400     
250    2001 7500    2700    4500    1500    1600    3200    1300    400     700     1100    200     300     100     1300    1800    800     300     200     300     
250    2002 5800    2400    2600    800     1400    1800    1900    100     400     1100    0       300     400     1100    300     500     900     500     200     
250    2003 2800    2100    1400    700     900     400     900     300     200     0       0       900     100     100     200     100     700     100     100     
250    2004 3200    2100    1300    600     1600    200     800     200     300     700     600     300     0       0       200     200     400     200     100     
