EUROPEAN CLIMATE ASSESSMENT & DATASET (ECA&D), file created on: 20-01-2022
THESE DATA CAN BE USED FOR NON-COMMERCIAL RESEARCH AND EDUCATION PROVIDED THAT THE FOLLOWING SOURCE IS ACKNOWLEDGED: 

Klein Tank, A.M.G. and Coauthors, 2002. Daily dataset of 20th-century surface
air temperature and precipitation series for the European Climate Assessment.
Int. J. of Climatol., 22, 1441-1453.
Data and metadata available at http://www.ecad.eu

FILE FORMAT (MISSING VALUE CODE = -999999):

THIS FILE HOLDS DATA FOR STATION UNITED KINGDOM                           HASTINGS                                 (STAID:   1865)
LATITUDE: dd:mm:ss +50:51:18
LONGITUDE: ddd:mm:ss +000:34:18
ELEVATION: m   45

DATA IS FOR INDEX Days with TN > 90th percentile of daily min temp (warm nights) (TN90p) with unit 0.01 No of days

01-06 SOUID: Source identifier
08-11 YEAR : YYYY
13-20 ANNUAL DATA VALUES
21-28 WINTER HALF YEAR DATA VALUES
29-36 SUMMER HALF YEAR DATA VALUES
37-44 WINTER (DJF) DATA VALUES
45-52 SPRING (MAM) DATA VALUES
53-60 SUMMER (JJA) DATA VALUES
61-68 AUTUMN (SON) DATA VALUES
69-76 JANUARY DATA VALUES
etc. 
157-164 DECEMBER DATA VALUES

1865   1960 4400    -999999 2300    -999999 2100    900     300     700     400     800     500     800     800     100     0       100     100     100     0       
1865   1961 5700    1800    3600    900     2600    800     1200    0       900     700     1600    300     400     200     200     900     300     0       -999999 
1865   1962 700     -999999 300     -999999 0       100     200     300     100     0       0       0       0       0       100     200     0       0       0       
1865   1963 1200    -999999 500     0       200     300     700     0       0       0       100     100     200     0       100     0       100     600     0       
1865   1964 2900    -999999 1900    -999999 600     1100    800     0       100     0       100     500     200     400     500     200     0       600     300     
1865   1965 1000    1000    500     300     400     200     300     0       0       100     100     200     0       0       200     0       300     0       100     
1865   1966 4900    -999999 2400    1900    800     1300    1000    600     1200    100     500     200     900     200     200     400     600     0       0       
1865   1967 3700    2300    1600    1400    800     900     600     700     700     300     0       500     100     600     200     200     400     0       0       
1865   1968 2500    1200    800     400     900     200     1000    400     0       400     400     100     100     100     0       100     600     300     0       
1865   1969 3900    -999999 2300    -999999 700     1500    1100    600     0       300     100     300     0       800     700     400     700     0       0       
1865   1970 3600    -999999 2000    100     800     900     1800    0       100     100     0       700     600     0       300     400     500     900     0       
1865   1971 2000    1600    1000    100     600     400     400     0       100     100     100     400     0       400     0       100     300     0       500     
1865   1972 3000    -999999 1200    -999999 1500    500     100     100     100     800     500     200     0       500     0       0       0       100     700     
1865   1973 2900    1300    2400    1000    500     1300    800     100     200     200     100     200     400     200     700     800     0       0       0       
1865   1974 3900    1300    1300    1300    700     400     500     800     500     0       500     200     100     0       300     200     0       300     1000    
1865   1975 3600    3300    1600    2400    800     1100    300     1000    400     600     200     0       300     100     700     300     0       0       0       
1865   1976 5200    900     4000    900     700     2900    700     600     300     0       0       700     1100    1400    400     400     300     0       0       
1865   1977 3100    1600    700     500     1300    100     900     100     400     800     400     100     0       100     0       100     600     200     300     
1865   1978 3100    1600    800     600     400     400     1400    0       300     200     0       200     300     100     0       200     200     1000    600     
1865   1979 2300    -999999 500     -999999 400     0       900     0       0       100     100     200     0       0       0       200     300     400     1000    
1865   1980 2600    2000    1500    1300    600     600     900     0       300     0       400     200     200     200     200     300     100     500     200     
1865   1981 3100    -999999 1100    -999999 2100    400     500     0       100     1500    300     300     0       100     300     100     100     300     0       
1865   1982 5600    -999999 4400    -999999 1300    2600    1400    200     100     200     300     800     1100    800     700     700     100     600     0       
1865   1983 4600    -999999 2700    -999999 100     2500    900     700     0       100     0       0       500     1300    700     200     300     400     400     
1865   1984 3100    1200    1600    500     300     1100    1400    0       100     0       300     0       300     100     700     200     200     1000    200     
1865   1985 3200    -999999 1200    -999999 400     500     800     0       -999999 0       200     200     100     300     100     300     500     0       1300    
1865   1986 1800    1900    900     1400    200     700     500     100     0       0       0       200     600     0       100     0       200     300     300     
1865   1987 4200    1100    2700    500     1300    1000    900     100     100     100     1000    200     200     400     400     500     300     100     800     
1865   1988 5000    2500    2000    1800    1700    200     1600    700     300     300     400     1000    100     100     0       400     800     400     500     
1865   1989 8400    4300    4300    2200    2000    2500    1600    1000    700     900     100     1000    700     1200    600     700     600     300     600     
1865   1990 8300    5200    3100    3000    2800    1600    1300    1000    1400    1300    600     900     200     300     1100    0       900     400     200     
1865   1991 3300    -999999 1200    400     1800    400     700     200     0       1400    300     100     0       200     200     400     200     100     200     
1865   1992 5400    2500    3200    1500    2600    1100    400     500     800     700     400     1500    400     200     500     200     0       200     0       
1865   1993 1500    700     800     500     500     200     100     400     100     0       100     400     100     0       100     100     0       0       200     
1865   1994 6100    1900    2500    900     1500    2000    1500    500     200     1000    400     100     300     1100    600     0       200     1300    400     
1865   1995 5500    3300    3000    1600    1400    1800    1100    100     1100    200     600     600     100     600     1100    0       700     400     0       
1865   1996 2700    -999999 1400    -999999 600     800     500     600     100     0       600     0       300     200     300     0       300     200     100     
1865   1997 6300    1200    3600    500     1100    2400    1700    0       400     200     300     600     600     200     1600    300     500     900     700     
1865   1998 6500    5000    3100    2200    3100    900     700     700     800     1400    1000    700     400     200     300     500     200     0       300     
1865   1999 7100    2500    4300    1500    2800    1400    1600    1000    200     800     1200    800     200     600     600     900     300     400     100     
1865   2000 5800    2500    2700    1000    2200    700     1000    500     400     800     600     800     500     0       200     600     200     200     1000    
1865   2001 5600    2400    3200    1600    1500    1900    1600    300     300     400     300     800     300     1000    600     200     1300    100     0       
1865   2002 7200    -999999 2900    1900    2100    1600    1100    900     1000    1000    400     700     500     500     600     200     300     600     500     
1865   2003 7700    3000    5200    1200    2500    3300    1000    500     200     900     700     900     1100    900     1300    300     0       700     200     
1865   2004 7700    2900    4900    1700    2200    2500    1200    600     900     500     1000    700     1200    400     900     700     200     300     300     
1865   2005 7100    2300    3900    1300    1900    1500    2700    700     300     500     700     700     1000    200     300     1000    1300    400     0       
1865   2006 10500   2600    6300    500     1300    3400    4400    300     200     400     500     400     1100    2200    100     2000    1500    900     900     
1865   2007 8400    6500    4700    3500    3700    1400    500     1000    1600    600     2000    1100    1100    200     100     200     300     0       200     
1865   2008 6900    2800    3900    1800    2800    1700    600     1000    600     700     400     1700    700     700     300     100     300     200     200     
1865   2009 4800    700     3100    200     1400    1400    1800    0       0       0       1000    400     500     200     700     300     300     1200    200     
1865   2010 2100    1900    1500    200     500     1200    400     0       0       200     200     100     700     200     300     0       0       400     0       
1865   2011 6100    1200    3100    700     2000    500     2600    300     400     100     1500    400     200     0       300     700     1100    800     300     
1865   2012 4300    4000    2400    1300    1900    1200    100     400     600     800     0       1100    400     400     400     100     0       0       100     
1865   2013 3500    700     2000    400     400     1500    1100    300     0       300     0       100     200     800     500     400     700     0       200     
1865   2014 8800    2700    5100    1600    2900    2100    2100    900     500     400     1400    1100    600     1300    200     500     800     800     300     
1865   2015 6900    2500    2400    700     1100    1400    1700    300     100     200     500     400     400     500     500     100     400     1200    2300    
1865   2016 7300    5700    4400    3900    1500    2000    1500    900     700     200     400     900     600     900     500     1100    0       400     700     
1865   2017 9200    3800    4900    1800    3100    3000    1700    0       1100    1600    400     1100    1500    1100    400     400     700     600     300     
1865   2018 7800    2400    5200    900     2400    2600    1600    500     100     200     1000    1200    500     1200    900     400     500     700     600     
1865   2019 8000    4000    5000    1700    2700    2700    1200    100     1000    1100    1100    500     700     800     1200    700     200     300     300     
