EUROPEAN CLIMATE ASSESSMENT & DATASET (ECA&D), file created on: 20-01-2022
THESE DATA CAN BE USED FOR NON-COMMERCIAL RESEARCH AND EDUCATION PROVIDED THAT THE FOLLOWING SOURCE IS ACKNOWLEDGED: 

Klein Tank, A.M.G. and Coauthors, 2002. Daily dataset of 20th-century surface
air temperature and precipitation series for the European Climate Assessment.
Int. J. of Climatol., 22, 1441-1453.
Data and metadata available at http://www.ecad.eu

FILE FORMAT (MISSING VALUE CODE = -999999):

THIS FILE HOLDS DATA FOR STATION TURKEY                                   ERZURUM                                  (STAID:    247)
LATITUDE: dd:mm:ss +39:54:00
LONGITUDE: ddd:mm:ss +041:16:59
ELEVATION: m 1869

DATA IS FOR INDEX Days with TN > 90th percentile of daily min temp (warm nights) (TN90p) with unit 0.01 No of days

01-06 SOUID: Source identifier
08-11 YEAR : YYYY
13-20 ANNUAL DATA VALUES
21-28 WINTER HALF YEAR DATA VALUES
29-36 SUMMER HALF YEAR DATA VALUES
37-44 WINTER (DJF) DATA VALUES
45-52 SPRING (MAM) DATA VALUES
53-60 SUMMER (JJA) DATA VALUES
61-68 AUTUMN (SON) DATA VALUES
69-76 JANUARY DATA VALUES
etc. 
157-164 DECEMBER DATA VALUES

247    1930 3300    -999999 1400    -999999 600     1000    800     100     400     400     200     0       0       100     900     200     200     400     400     
247    1931 1900    1500    1100    400     900     200     800     0       0       500     200     200     100     0       100     500     200     100     0       
247    1932 2900    600     1800    300     800     1000    800     0       300     0       600     200     600     100     300     0       0       800     0       
247    1933 2600    800     1400    0       300     800     1300    0       0       0       0       300     0       200     600     300     200     800     200     
247    1934 1700    1200    1200    200     400     400     800     0       0       0       200     200     0       100     300     400     400     0       100     
247    1935 4800    1200    3000    500     1200    1000    2000    300     100     300     200     700     200     500     300     1100    400     500     200     
247    1936 -999999 1600    -999999 700     -999999 1500    300     100     400     0       300     -999999 300     600     600     0       100     200     100     
247    1937 7300    1200    4200    400     1400    1400    3600    0       300     500     500     400     0       1000    400     1900    900     800     600     
247    1938 5800    2600    3900    900     1000    1700    1800    300     0       0       700     300     500     400     800     1200    0       600     1000    
247    1939 4000    2700    1900    1900    1400    700     600     700     200     200     300     900     200     300     200     0       600     0       400     
247    1940 7600    2000    4100    1200    1200    2400    1900    300     500     200     700     300     500     300     1600    700     600     600     1300    
247    1941 5900    4500    3400    2300    2700    1200    1000    200     800     1000    400     1300    700     300     200     500     0       500     0       
247    1942 2300    500     1700    0       600     1100    500     0       0       0       0       600     400     400     300     0       200     300     100     
247    1943 2800    800     500     300     100     300     1700    200     0       0       0       100     0       0       300     100     900     700     500     
247    1944 2700    3200    800     1000    900     100     1200    200     300     600     100     200     0       100     0       400     500     300     0       
247    1945 1700    900     600     0       400     200     600     0       0       100     0       300     100     0       100     100     300     200     500     
247    1946 1900    1300    900     600     400     300     700     100     0       200     0       200     200     100     0       400     100     200     400     
247    1947 4500    2000    1700    900     1700    700     1000    400     100     800     300     600     300     200     200     100     200     700     600     
247    1948 3800    2200    2900    1300    300     2400    400     200     500     0       0       300     700     800     900     200     200     0       0       
247    1949 4100    600     2700    300     400     2400    600     200     100     100     0       300     1300    500     600     0       200     400     400     
247    1950 4300    1300    2700    500     1700    600     1600    0       100     200     600     900     100     300     200     600     300     700     300     
247    1951 3500    2300    1800    400     1700    800     800     0       100     900     500     300     300     100     400     200     0       600     100     
247    1952 4400    1300    2400    700     700     1000    1700    100     500     0       500     200     100     300     600     700     700     300     400     
247    1953 3700    2400    1600    1400    400     900     1400    400     600     0       0       400     300     400     200     300     1100    0       0       
247    1954 4500    1400    2600    300     400     1700    1100    200     100     0       0       400     700     200     800     500     500     100     1000    
247    1955 5300    3600    2600    2600    1500    1100    1000    600     1000    400     700     400     800     300     0       400     500     100     100     
247    1956 2900    1400    1800    800     100     1500    600     200     500     0       100     0       200     300     1000    200     100     300     0       
247    1957 5900    1200    3100    200     1100    1300    2500    0       200     600     500     0       100     300     900     1300    500     700     800     
247    1958 4400    3000    2900    1500    2000    1100    400     500     200     300     700     1000    600     100     400     100     100     200     200     
247    1959 2900    1100    1800    700     900     1000    300     500     0       100     700     100     300     700     0       0       100     200     200     
247    1960 5500    2000    3000    1400    1700    900     1400    500     700     300     200     1200    500     300     100     700     0       700     300     
247    1961 6300    1900    3400    1100    1600    1900    1400    400     400     100     500     1000    900     300     700     0       500     900     600     
247    1962 6000    2900    3200    900     1300    2000    1700    200     100     600     300     400     600     800     600     500     1000    200     700     
247    1963 3600    4300    700     3000    200     500     300     1200    1100    100     0       100     0       200     300     100     100     100     300     
247    1964 1300    600     600     300     200     300     700     0       0       100     0       100     300     0       0       200     0       500     100     
247    1965 2000    700     1300    100     300     700     600     0       0       100     100     100     500     100     100     400     100     100     400     
247    1966 7800    3400    3300    2800    800     2600    1200    2000    400     400     300     100     800     500     1300    300     200     700     800     
247    1967 2400    2200    1100    1200    800     400     400     300     100     100     0       700     200     0       200     0       0       400     400     
247    1968 5200    1800    2400    1100    1500    600     2100    400     300     300     500     700     0       200     400     600     900     600     300     
247    1969 4400    2800    2600    800     1300    1700    500     400     100     500     400     400     700     100     900     100     300     100     400     
247    1970 5700    2100    3300    1000    2300    1300    1200    100     500     700     1200    400     300     900     100     400     100     700     300     
247    1971 3900    2400    2500    800     1300    800     1200    300     200     800     100     400     100     400     300     1200    0       0       100     
247    1972 4200    200     2700    100     900     1300    2000    0       0       100     800     0       200     600     500     600     1400    0       0       
247    1973 2800    2100    1100    600     400     500     1300    0       600     100     0       300     100     0       400     300     1000    0       0       
247    1974 3700    1400    2400    0       1200    1400    1100    0       0       400     0       800     900     200     300     200     700     200     0       
247    1975 3500    1200    2500    100     900     1200    1100    100     0       200     400     300     500     500     200     600     100     400     200     
247    1976 2500    800     1500    300     100     1000    1100    100     0       0       0       100     500     0       500     400     700     0       200     
247    1977 2300    1800    600     600     900     200     600     0       400     500     400     0       100     100     0       0       200     400     200     
247    1978 3400    2100    1300    1400    200     1100    400     500     700     100     0       100     300     800     0       100     300     0       500     
247    1979 4400    3000    1300    2200    900     400     1300    700     1000    500     400     0       0       0       400     500     400     400     100     
247    1980 5100    1500    3300    200     1800    1900    800     100     0       500     1000    300     500     1000    400     100     200     500     500     
247    1981 5300    3100    2100    1400    1400    1100    900     400     500     1000    300     100     500     400     200     600     300     0       1000    
247    1982 1800    1300    1600    1000    1200    400     100     0       0       0       600     600     100     200     100     0       100     0       100     
247    1983 2200    500     600     200     800     0       800     100     0       200     200     400     0       0       0       0       100     700     500     
247    1984 3900    3100    1600    1600    900     800     1100    800     300     700     200     0       400     400     0       600     300     200     0       
247    1985 5300    1500    3000    1000    1200    1500    1500    500     500     0       500     700     300     300     900     300     300     900     100     
247    1986 6000    2700    3600    900     1400    1600    1700    300     500     600     800     0       0       1000    600     1200    100     400     500     
247    1987 3100    2500    600     2000    400     200     300     800     700     0       100     300     100     0       100     0       300     0       700     
247    1988 1200    1500    200     1200    100     0       400     200     300     0       0       100     0       0       0       100     200     100     200     
247    1989 1800    1400    500     200     1100    300     200     0       0       900     100     100     100     200     0       0       0       200     200     
247    1990 1100    700     100     400     200     0       300     0       200     100     100     0       0       0       0       0       100     200     400     
247    1991 1600    1100    900     500     800     400     300     0       100     300     400     100     200     200     0       0       200     100     0       
247    1992 700     300     300     0       100     0       500     0       0       0       100     0       0       0       0       200     100     200     100     
247    1993 1300    700     400     400     200     200     200     200     100     0       200     0       0       100     100     0       0       200     400     
247    1994 3000    1600    1300    1000    1100    400     900     500     100     400     600     100     0       400     0       200     400     300     0       
247    1995 2000    1300    800     600     500     200     500     500     100     0       200     300     100     100     0       100     200     200     200     
247    1996 1800    1100    400     500     200     300     200     200     100     200     0       0       100     0       200     100     0       100     800     
247    1997 2100    1800    600     1700    400     100     500     600     300     0       300     100     0       0       100     100     300     100     200     
247    1998 2600    900     1300    300     800     700     600     0       100     200     100     500     400     200     100     0       100     500     400     
247    1999 2400    1700    1000    900     400     600     700     200     300     200     100     100     300     300     0       200     200     300     200     
247    2000 1500    800     1200    300     300     900     0       100     0       0       200     100     100     200     600     0       0       0       200     
247    2001 4000    2100    1500    700     2100    800     200     100     400     1400    700     0       100     300     400     0       0       200     400     
247    2002 1600    1100    500     500     600     300     600     100     0       400     100     100     100     200     0       0       500     100     0       
247    2003 1900    1300    500     700     100     200     600     400     300     0       100     0       0       0       200     200     400     0       300     
247    2004 1300    1100    300     500     400     100     600     100     100     200     100     100     0       0       100     0       300     300     0       
