EUROPEAN CLIMATE ASSESSMENT & DATASET (ECA&D), file created on: 20-01-2022
THESE DATA CAN BE USED FOR NON-COMMERCIAL RESEARCH AND EDUCATION PROVIDED THAT THE FOLLOWING SOURCE IS ACKNOWLEDGED: 

Klein Tank, A.M.G. and Coauthors, 2002. Daily dataset of 20th-century surface
air temperature and precipitation series for the European Climate Assessment.
Int. J. of Climatol., 22, 1441-1453.
Data and metadata available at http://www.ecad.eu

FILE FORMAT (MISSING VALUE CODE = -999999):

THIS FILE HOLDS DATA FOR STATION RUSSIAN FEDERATION                       REBOLY'                                  (STAID:   1104)
LATITUDE: dd:mm:ss +63:49:59
LONGITUDE: ddd:mm:ss +030:49:00
ELEVATION: m  180

DATA IS FOR INDEX Days with TN > 90th percentile of daily min temp (warm nights) (TN90p) with unit 0.01 No of days

01-06 SOUID: Source identifier
08-11 YEAR : YYYY
13-20 ANNUAL DATA VALUES
21-28 WINTER HALF YEAR DATA VALUES
29-36 SUMMER HALF YEAR DATA VALUES
37-44 WINTER (DJF) DATA VALUES
45-52 SPRING (MAM) DATA VALUES
53-60 SUMMER (JJA) DATA VALUES
61-68 AUTUMN (SON) DATA VALUES
69-76 JANUARY DATA VALUES
etc. 
157-164 DECEMBER DATA VALUES

1104   1910 -999999 -999999 -999999 -999999 -999999 -999999 -999999 -999999 -999999 -999999 -999999 -999999 -999999 -999999 -999999 -999999 -999999 -999999 -999999 
1104   1911 -999999 -999999 -999999 -999999 -999999 -999999 -999999 -999999 -999999 -999999 -999999 -999999 -999999 -999999 -999999 -999999 -999999 -999999 -999999 
1104   1912 -999999 -999999 -999999 -999999 -999999 -999999 -999999 -999999 -999999 -999999 -999999 -999999 -999999 -999999 -999999 -999999 -999999 -999999 -999999 
1104   1913 -999999 -999999 -999999 -999999 -999999 -999999 -999999 -999999 -999999 -999999 -999999 -999999 -999999 -999999 -999999 -999999 -999999 -999999 -999999 
1104   1914 -999999 -999999 -999999 -999999 -999999 -999999 -999999 -999999 -999999 -999999 -999999 -999999 -999999 -999999 -999999 -999999 -999999 -999999 -999999 
1104   1915 -999999 -999999 -999999 -999999 -999999 -999999 -999999 -999999 -999999 -999999 -999999 -999999 -999999 -999999 -999999 -999999 -999999 -999999 -999999 
1104   1916 -999999 -999999 -999999 -999999 -999999 -999999 -999999 -999999 -999999 -999999 -999999 -999999 -999999 -999999 -999999 -999999 -999999 -999999 -999999 
1104   1917 -999999 -999999 -999999 -999999 -999999 -999999 -999999 -999999 -999999 -999999 -999999 -999999 -999999 -999999 -999999 -999999 -999999 -999999 -999999 
1104   1918 -999999 -999999 -999999 -999999 -999999 -999999 -999999 -999999 -999999 -999999 -999999 -999999 -999999 -999999 -999999 -999999 -999999 -999999 -999999 
1104   1919 -999999 -999999 -999999 -999999 -999999 -999999 -999999 -999999 -999999 -999999 -999999 -999999 -999999 -999999 -999999 -999999 -999999 -999999 -999999 
1104   1920 -999999 -999999 -999999 -999999 -999999 -999999 -999999 -999999 -999999 -999999 -999999 -999999 -999999 -999999 -999999 -999999 -999999 -999999 -999999 
1104   1921 -999999 -999999 -999999 -999999 -999999 -999999 -999999 -999999 -999999 -999999 -999999 -999999 -999999 -999999 -999999 -999999 -999999 -999999 -999999 
1104   1922 -999999 -999999 -999999 -999999 -999999 -999999 -999999 -999999 -999999 -999999 -999999 -999999 -999999 -999999 -999999 -999999 -999999 -999999 -999999 
1104   1923 -999999 -999999 -999999 -999999 -999999 -999999 -999999 -999999 -999999 -999999 -999999 -999999 -999999 -999999 -999999 -999999 -999999 -999999 -999999 
1104   1924 -999999 -999999 -999999 -999999 -999999 -999999 -999999 -999999 -999999 -999999 -999999 -999999 -999999 -999999 -999999 -999999 -999999 -999999 -999999 
1104   1925 -999999 -999999 -999999 -999999 -999999 -999999 -999999 -999999 -999999 -999999 -999999 -999999 -999999 -999999 -999999 -999999 -999999 -999999 -999999 
1104   1926 -999999 -999999 -999999 -999999 -999999 -999999 -999999 -999999 -999999 -999999 -999999 -999999 -999999 -999999 -999999 -999999 -999999 -999999 -999999 
1104   1927 -999999 -999999 -999999 -999999 -999999 -999999 -999999 -999999 -999999 -999999 -999999 -999999 -999999 -999999 -999999 -999999 -999999 -999999 -999999 
1104   1928 -999999 -999999 -999999 -999999 -999999 -999999 -999999 -999999 -999999 -999999 -999999 -999999 -999999 -999999 -999999 -999999 -999999 -999999 -999999 
1104   1929 -999999 -999999 -999999 -999999 -999999 -999999 -999999 -999999 -999999 -999999 -999999 -999999 -999999 -999999 -999999 -999999 -999999 -999999 -999999 
1104   1930 -999999 -999999 -999999 -999999 -999999 -999999 -999999 -999999 -999999 -999999 -999999 -999999 -999999 -999999 -999999 -999999 -999999 -999999 -999999 
1104   1931 -999999 -999999 -999999 -999999 -999999 -999999 -999999 -999999 -999999 -999999 -999999 -999999 -999999 -999999 -999999 -999999 -999999 -999999 -999999 
1104   1932 -999999 -999999 -999999 -999999 -999999 -999999 -999999 -999999 -999999 -999999 -999999 -999999 -999999 -999999 -999999 -999999 -999999 -999999 -999999 
1104   1933 -999999 -999999 -999999 -999999 -999999 -999999 -999999 -999999 -999999 -999999 -999999 -999999 -999999 -999999 -999999 -999999 -999999 -999999 -999999 
1104   1934 -999999 -999999 -999999 -999999 -999999 -999999 -999999 -999999 -999999 -999999 -999999 -999999 -999999 -999999 -999999 -999999 -999999 -999999 -999999 
1104   1935 -999999 -999999 -999999 -999999 -999999 -999999 -999999 -999999 -999999 -999999 -999999 -999999 -999999 -999999 -999999 -999999 -999999 -999999 -999999 
1104   1936 -999999 -999999 -999999 -999999 -999999 2000    1000    0       -999999 -999999 -999999 600     900     800     300     200     100     700     1300    
1104   1937 -999999 -999999 -999999 1900    -999999 -999999 -999999 600     0       -999999 400     -999999 400     -999999 -999999 -999999 800     500     100     
1104   1938 8200    2700    3900    1000    500     2500    3100    300     600     400     0       100     200     1300    1000    1300    400     1400    1200    
1104   1939 3200    3700    1900    1700    300     1600    700     100     400     200     0       100     500     100     1000    200     0       500     100     
1104   1940 -999999 -999999 1900    -999999 -999999 1300    1400    0       -999999 -999999 0       0       400     400     500     600     200     600     100     
1104   1941 -999999 1300    -999999 500     0       -999999 -999999 400     0       0       0       0       -999999 -999999 -999999 -999999 -999999 -999999 -999999 
1104   1942 -999999 -999999 -999999 -999999 -999999 -999999 -999999 -999999 -999999 -999999 -999999 -999999 -999999 -999999 -999999 -999999 -999999 -999999 -999999 
1104   1943 -999999 -999999 -999999 -999999 -999999 -999999 -999999 -999999 -999999 -999999 -999999 -999999 -999999 -999999 -999999 -999999 -999999 -999999 -999999 
1104   1944 -999999 -999999 -999999 -999999 -999999 -999999 -999999 -999999 -999999 -999999 -999999 -999999 -999999 -999999 -999999 -999999 -999999 -999999 -999999 
1104   1945 -999999 -999999 -999999 -999999 -999999 2500    400     -999999 -999999 -999999 -999999 -999999 0       1000    1500    200     0       200     0       
1104   1946 4100    400     2300    200     900     900     900     200     0       0       700     200     300     200     400     500     0       400     1200    
1104   1947 3100    1700    2700    1300    700     1300    1000    100     0       0       400     300     900     100     300     700     200     100     0       
1104   1948 4500    1200    2700    500     1800    1000    900     200     300     400     900     500     800     0       200     300     300     300     300     
1104   1949 6100    2200    2900    1500    1600    400     1800    900     300     100     600     900     100     300     0       1000    600     200     1100    
1104   1950 4800    2500    2600    1300    1800    600     1300    0       200     400     900     500     400     0       200     600     600     100     900     
1104   1951 5100    1900    2800    1200    900     1100    2100    0       300     0       900     0       100     200     800     800     700     600     700     
1104   1952 1700    2500    1000    1200    500     400     100     400     100     0       500     0       0       300     100     100     0       0       200     
1104   1953 5000    1000    2800    900     900     1900    700     600     100     100     400     400     1000    300     600     100     500     100     800     
1104   1954 4200    2100    2300    1100    700     1600    500     200     100     400     0       300     200     1000    400     400     100     0       1100    
1104   1955 2800    1600    2000    1500    0       1000    1300    0       400     0       0       0       0       300     700     1000    200     100     100     
1104   1956 1700    700     700     400     200     500     100     200     100     0       0       200     300     200     0       0       100     0       600     
1104   1957 5700    1800    3600    1700    900     2300    1200    300     800     0       400     500     0       1600    700     400     300     500     200     
1104   1958 1800    1100    800     300     200     400     1100    0       100     0       100     100     100     100     200     200     400     500     0       
1104   1959 3300    1800    2000    400     1200    1300    400     200     200     500     200     500     600     400     300     0       0       400     0       
1104   1960 4500    600     3800    200     1200    2500    200     200     0       0       800     400     400     1400    700     100     0       100     400     
1104   1961 6300    2400    2100    1500    800     2000    2200    200     900     800     0       0       1200    600     200     100     1800    300     200     
1104   1962 3200    3300    1100    1200    1000    0       1000    700     300     0       800     200     0       0       0       100     400     500     200     
1104   1963 3100    1100    2500    200     600     800     1500    0       0       0       200     400     100     100     600     1100    300     100     200     
1104   1964 3400    1700    1000    1300    300     600     600     800     300     0       200     100     300     100     200     100     300     200     800     
1104   1965 3400    2500    1800    1600    600     900     1000    800     0       400     200     0       100     0       800     700     100     200     100     
1104   1966 2100    400     1300    100     700     600     700     0       0       0       300     400     300     100     200     0       200     500     100     
1104   1967 6000    2000    2800    300     1400    1900    2500    200     0       1000    300     100     0       400     1500    500     800     1200    0       
1104   1968 2100    2500    1400    0       900     1000    100     0       0       500     200     200     400     200     400     0       0       100     100     
1104   1969 1300    200     700     100     200     300     600     0       0       0       0       200     0       200     100     200     200     200     200     
1104   1970 2800    800     1800    200     300     1200    1000    0       0       200     100     0       400     700     100     500     300     200     300     
1104   1971 2000    1900    500     1400    300     200     300     1100    0       0       100     200     100     100     0       0       0       300     100     
1104   1972 6100    1100    3300    600     400     2800    500     300     200     200     100     100     700     1400    700     300     200     0       1900    
1104   1973 2600    3200    1400    2600    500     1300    0       300     400     400     0       100     400     600     300     0       0       0       100     
1104   1974 6000    1500    2600    1500    0       1600    1400    300     1100    0       0       0       500     800     300     1000    300     100     1600    
1104   1975 5600    3600    3000    2800    1900    800     1300    800     400     400     200     1300    200     400     200     700     100     500     400     
1104   1976 2000    1400    600     700     600     100     300     100     200     100     300     200     0       100     0       0       0       300     700     
1104   1977 3500    2300    1600    1000    1700    700     500     300     0       1000    400     300     500     100     100     200     100     200     300     
1104   1978 1400    1700    200     800     700     100     100     500     0       600     100     0       100     0       0       0       0       100     0       
1104   1979 3300    500     2000    100     1400    900     600     100     0       300     100     1000    400     0       500     0       0       600     300     
1104   1980 2000    900     1400    300     300     700     900     0       0       0       200     100     500     200     0       400     500     0       100     
1104   1981 3200    1100    2000    600     600     1000    900     500     0       0       300     300     300     500     200     400     500     0       200     
1104   1982 4800    1600    1700    700     1200    600     1500    100     400     400     200     600     0       400     200     300     0       1200    1000    
1104   1983 4300    2900    2900    1500    1300    700     1400    500     0       200     800     300     400     200     100     1100    300     0       400     
1104   1984 4900    1300    3400    900     2600    700     900     400     100     100     800     1700    200     200     300     200     400     300     200     
1104   1985 2000    1000    1300    200     300     800     800     0       0       100     0       200     100     0       700     300     500     0       100     
1104   1986 4400    1400    1800    500     1300    900     1700    400     0       400     600     300     600     300     0       0       200     1500    100     
1104   1987 1400    2000    400     100     600     0       700     0       0       200     100     300     0       0       0       0       700     0       100     
1104   1988 5800    2600    3500    1400    1200    2600    700     600     700     500     500     200     900     1200    500     200     400     100     0       
1104   1989 9100    3700    4400    1700    3600    1500    1700    700     1000    1500    1400    700     400     300     800     800     200     700     600     
1104   1990 5700    4500    2100    3000    2000    700     100     200     2200    600     1100    300     100     300     300     0       100     0       500     
1104   1991 3800    1200    1600    1000    1100    500     1400    200     300     100     800     200     0       100     400     100     600     700     300     
1104   1992 5400    3900    1900    1500    1800    600     600     300     900     1100    100     600     200     300     100     600     0       0       1200    
1104   1993 2300    2400    800     2300    900     0       100     500     600     100     200     600     0       0       0       0       100     0       200     
1104   1994 2700    1000    1400    600     1100    500     500     400     0       300     800     0       0       400     100     100     400     0       200     
1104   1995 5400    2500    2600    1800    1600    800     1400    400     1200    300     500     800     600     0       200     500     900     0       0       
1104   1996 3600    1400    1100    500     200     700     1500    300     200     0       100     100     0       0       700     200     300     1000    -999999 
1104   1997 -999999 -999999 1900    -999999 500     1600    300     -999999 -999999 400     0       100     500     500     600     200     0       100     300     
1104   1998 4700    1500    2700    1400    800     1000    1500    800     300     0       500     300     600     400     0       900     500     100     300     
1104   1999 6300    2500    3700    1300    1800    2100    1400    800     200     600     900     300     1400    600     100     400     600     400     0       
1104   2000 7000    2100    3300    1000    1800    1400    2000    500     500     100     900     800     500     900     0       200     1500    300     800     
1104   2001 4900    3300    3900    1500    1400    1600    1200    500     200     0       900     500     0       1300    300     900     300     0       0       
1104   2002 6400    2500    4200    1600    2800    1600    400     800     800     600     800     1400    100     900     600     400     0       0       0       
1104   2003 5600    1100    3700    700     1400    2400    700     200     500     400     200     800     0       1600    800     300     100     300     400     
1104   2004 4700    1500    3000    600     1100    1500    1300    0       200     500     200     400     300     400     800     900     200     200     600     
1104   2005 7500    2000    3600    1500    1100    1800    3700    800     100     100     500     500     200     600     1000    800     1200    1700    0       
1104   2006 6600    3700    2800    800     400     1800    2100    800     0       0       100     300     800     500     500     600     300     1200    1500    
1104   2007 7600    4900    3000    2400    2400    1300    1500    900     0       1000    700     700     300     0       1000    300     1100    100     1500    
1104   2008 5700    5100    1300    3500    1000    700     1000    1100    900     400     400     200     0       0       700     0       600     400     1000    
1104   2009 3600    2300    2200    1300    900     700     1600    300     0       0       200     700     300     100     300     600     0       1000    100     
1104   2010 6900    1300    6500    200     2600    3300    900     0       100     100     1100    1400    200     1900    1200    700     0       200     0       
1104   2011 7100    800     3900    400     1300    2100    1600    300     100     200     900     200     400     1500    200     700     400     500     1700    
1104   2012 4900    3000    3200    2000    1900    800     1900    300     0       100     1000    800     100     600     100     600     400     900     0       
1104   2013 7900    2200    4800    900     1600    2200    1700    500     400     0       800     800     1000    600     600     1000    500     200     1500    
1104   2014 9400    5900    4200    4200    2800    2100    900     900     1800    1000    1000    800     300     900     900     300     100     500     900     
1104   2015 7800    4900    2400    3200    2200    200     2300    1000    1300    1100    500     600     0       0       200     1100    300     900     800     
1104   2016 7200    4100    3700    2300    2500    1400    800     200     1300    600     1100    800     300     600     500     400     0       400     1000    
1104   2017 3500    3000    1100    1700    1000    700     600     600     100     900     100     0       0       100     600     300     100     200     500     
1104   2018 6400    1800    4000    1400    1400    1900    2200    900     0       100     200     1100    100     700     1100    800     500     900     0       
1104   2019 6200    2300    2700    500     1400    1000    1800    0       500     400     500     500     600     100     300     700     500     600     1500    
1104   2020 8800    6400    2000    4300    1400    900     3000    1700    1100    1000    200     200     400     100     400     700     1300    1000    700     
1104   2021 6200    4600    2900    1700    1500    1900    1600    800     200     600     300     600     900     500     500     100     800     700     200     
