EUROPEAN CLIMATE ASSESSMENT & DATASET (ECA&D), file created on: 20-01-2022
THESE DATA CAN BE USED FOR NON-COMMERCIAL RESEARCH AND EDUCATION PROVIDED THAT THE FOLLOWING SOURCE IS ACKNOWLEDGED: 

Klein Tank, A.M.G. and Coauthors, 2002. Daily dataset of 20th-century surface
air temperature and precipitation series for the European Climate Assessment.
Int. J. of Climatol., 22, 1441-1453.
Data and metadata available at http://www.ecad.eu

FILE FORMAT (MISSING VALUE CODE = -999999):

THIS FILE HOLDS DATA FOR STATION GERMANY                                  GLUCKSBURG-MEIERWIK                      (STAID:   4147)
LATITUDE: dd:mm:ss +54:50:56
LONGITUDE: ddd:mm:ss +009:30:29
ELEVATION: m   27

DATA IS FOR INDEX Days with TN > 90th percentile of daily min temp (warm nights) (TN90p) with unit 0.01 No of days

01-06 SOUID: Source identifier
08-11 YEAR : YYYY
13-20 ANNUAL DATA VALUES
21-28 WINTER HALF YEAR DATA VALUES
29-36 SUMMER HALF YEAR DATA VALUES
37-44 WINTER (DJF) DATA VALUES
45-52 SPRING (MAM) DATA VALUES
53-60 SUMMER (JJA) DATA VALUES
61-68 AUTUMN (SON) DATA VALUES
69-76 JANUARY DATA VALUES
etc. 
157-164 DECEMBER DATA VALUES

4147   1941 2400    -999999 1800    -999999 100     1500    200     0       0       0       100     0       400     1000    100     200     0       0       600     
4147   1942 2600    600     1900    600     100     1300    900     0       0       0       100     0       0       200     1100    500     300     100     300     
4147   1943 4300    2200    2400    1200    1700    600     900     200     700     600     900     200     200     100     300     700     200     0       200     
4147   1944 4100    1500    2400    1300    700     1500    600     900     200     0       500     200     100     600     800     200     100     300     200     
4147   1945 -999999 -999999 -999999 -999999 -999999 -999999 -999999 -999999 -999999 -999999 -999999 -999999 -999999 -999999 -999999 -999999 -999999 -999999 -999999 
4147   1946 2700    -999999 2000    -999999 1300    500     600     100     200     100     800     400     0       500     0       300     0       300     0       
4147   1947 2300    300     1900    0       200     1000    1000    0       0       0       100     100     600     200     200     700     100     200     100     
4147   1948 4000    1200    2400    600     1000    800     1400    400     100     300     500     200     0       400     400     900     100     400     300     
4147   1949 4900    1700    2800    1200    1200    300     2300    300     600     0       900     300     100     0       200     1300    800     200     200     
4147   1950 4700    2900    3000    1100    2000    1500    300     300     600     800     400     800     500     200     800     300     0       0       0       
4147   1951 3500    200     1700    100     300     700     1800    0       100     100     100     100     100     100     500     800     100     900     600     
4147   1952 2700    2400    1700    1300    1400    300     300     200     500     100     900     400     100     0       200     100     200     0       0       
4147   1953 6900    800     3600    500     1700    1800    2500    200     300     100     900     700     1000    600     200     200     1200    1100    400     
4147   1954 3700    3000    1800    500     600     400     2000    100     0       200     0       400     300     100     0       1000    700     300     600     
4147   1955 5400    1600    4100    600     300     2700    2100    0       0       0       200     100     100     900     1700    1100    300     700     300     
4147   1956 2900    1700    1200    700     300     300     1100    300     100     0       0       300     100     200     0       600     400     100     800     
4147   1957 3300    2700    900     1900    600     600     1000    500     600     300     200     100     100     300     200     0       600     400     0       
4147   1958 3300    1500    1900    500     200     1300    1000    0       500     0       0       200     400     500     400     400     200     400     300     
4147   1959 3800    1800    2600    800     1500    1500    100     300     200     400     1000    100     0       500     1000    0       100     0       200     
4147   1960 3500    1800    1400    1400    800     500     900     1100    100     300     300     200     0       0       500     400     100     400     100     
4147   1961 5700    3400    2300    1300    3000    400     1100    0       1200    1600    1300    100     200     200     0       500     600     0       0       
4147   1962 2100    1300    200     700     100     0       1300    500     200     0       100     0       0       0       0       100     700     500     0       
4147   1963 2300    1200    1400    0       500     600     1200    0       0       0       100     400     200     300     100     300     0       900     0       
4147   1964 2900    1300    1400    400     600     400     1000    100     300     0       500     100     100     200     100     400     0       600     500     
4147   1965 1200    1500    500     800     200     300     400     200     100     100     100     0       200     100     0       100     300     0       0       
4147   1966 3700    1300    2000    1000    500     1200    900     200     800     0       200     300     800     300     100     300     600     0       100     
4147   1967 3600    1900    1600    700     1200    500     1000    0       600     600     200     400     0       500     0       500     500     0       300     
4147   1968 4800    1400    3300    400     1000    1900    1800    100     0       500     400     100     600     100     1200    900     400     500     0       
4147   1969 3500    900     3000    0       200     2200    1100    0       0       0       0       200     700     800     700     600     300     200     0       
4147   1970 2200    500     1300    0       100     1100    600     0       0       0       0       100     700     200     200     100     200     300     400     
4147   1971 4400    1600    1800    1000    700     1200    900     300     300     100     100     500     300     500     400     0       500     400     1000    
4147   1972 3000    2000    2000    1000    1300    800     300     0       0       100     500     700     0       800     0       0       0       300     600     
4147   1973 2500    1800    1500    1200    400     1000    500     300     300     300     0       100     400     600     0       400     0       100     0       
4147   1974 4100    1700    1100    1500    600     300     500     900     600     100     500     0       100     0       200     300     0       200     1200    
4147   1975 5300    3400    2600    2700    900     1800    600     1300    200     500     0       400     200     300     1300    400     100     100     500     
4147   1976 2800    1200    1800    1000    500     1000    800     400     100     0       100     400     200     500     300     300     200     300     0       
4147   1977 3700    1500    1400    300     900     1200    600     100     200     700     200     0       600     200     400     0       400     200     700     
4147   1978 3100    1600    1300    800     600     800     1500    0       100     200     0       400     500     100     200     100     500     900     100     
4147   1979 2500    1600    1100    100     400     600     800     0       0       100     0       300     500     0       100     200     400     200     700     
4147   1980 3400    1400    1700    800     0       1400    1200    0       100     0       0       0       600     400     400     300     100     800     700     
4147   1981 3400    2400    2400    900     1900    900     400     0       200     600     500     800     300     100     500     200     0       200     0       
4147   1982 3500    600     2500    200     800     1600    900     0       200     200     100     500     500     300     800     300     200     400     0       
4147   1983 5700    2800    2700    1700    1200    1700    1000    1700    0       500     500     200     200     1000    500     300     500     200     100     
4147   1984 2300    1000    1300    300     400     800     900     200     0       0       0       400     0       400     400     100     400     400     0       
4147   1985 2700    800     1400    0       900     400     800     0       0       0       300     600     100     200     100     100     700     0       600     
4147   1986 2300    1400    900     700     400     400     900     100     0       0       0       400     0       400     0       100     200     600     500     
4147   1987 3200    1400    1600    500     600     1000    600     0       0       100     400     100     200     400     400     100     100     400     1000    
4147   1988 6300    3200    3500    2500    1700    1400    900     1200    300     200     700     800     700     500     200     600     100     200     800     
4147   1989 8400    4500    3800    3100    2500    1500    1700    1400    900     1100    800     600     700     600     200     900     800     0       400     
4147   1990 9400    6000    3300    3600    3600    1100    1400    1200    2000    1600    1000    1000    400     0       700     200     800     400     100     
4147   1991 6200    3200    3300    1300    1900    1700    1300    800     400     700     1200    0       0       1000    700     400     800     100     100     
4147   1992 8600    4100    5100    2400    2600    2700    700     1000    1300    800     400     1400    1100    1000    600     600     0       100     300     
4147   1993 3900    1600    2500    1200    2400    300     100     800     100     300     1000    1100    300     0       0       100     0       0       200     
4147   1994 6700    1100    4600    800     1500    3100    900     600     0       300     700     500     100     1900    1100    300     100     500     600     
4147   1995 7500    2300    4700    1500    1200    2900    2500    0       900     200     500     500     300     1200    1400    800     1400    300     0       
4147   1996 2900    1700    2400    0       400     1800    700     0       0       0       400     0       500     100     1200    200     100     400     0       
4147   1997 7900    2000    5800    1000    1500    3800    1300    0       1000    500     400     600     500     900     2400    1000    300     0       300     
4147   1998 8300    4300    4000    3100    3100    800     1200    1000    1800    900     1300    900     600     100     100     1000    200     0       400     
4147   1999 9000    2300    6500    1600    2500    2000    3200    900     300     500     1500    500     200     800     1000    2500    300     400     100     
4147   2000 7300    2500    3400    1600    2300    600     1700    500     1000    200     1100    1000    400     100     100     700     700     300     1200    
4147   2001 7000    3500    3700    2300    1300    2300    2300    600     500     200     700     400     200     1000    1100    300     1700    300     0       
4147   2002 9900    4600    7100    2200    2500    3800    1400    1000    1200    400     900     1200    800     600     2400    1200    0       200     0       
4147   2003 8200    1300    6000    700     1700    3800    1700    700     0       400     500     800     1100    1400    1300    900     0       800     300     
4147   2004 7900    2600    4800    1000    3000    1800    1800    100     600     800     1200    1000    100     100     1600    800     700     300     600     
4147   2005 8100    2700    5000    1500    2400    1700    2900    800     100     200     1300    900     400     900     400     1100    800     1000    200     
4147   2006 12200   2700    6500    600     1300    3100    5400    0       400     300     200     800     600     1700    800     2400    1500    1500    2000    
