EUROPEAN CLIMATE ASSESSMENT & DATASET (ECA&D), file created on: 20-01-2022
THESE DATA CAN BE USED FOR NON-COMMERCIAL RESEARCH AND EDUCATION PROVIDED THAT THE FOLLOWING SOURCE IS ACKNOWLEDGED: 

Klein Tank, A.M.G. and Coauthors, 2002. Daily dataset of 20th-century surface
air temperature and precipitation series for the European Climate Assessment.
Int. J. of Climatol., 22, 1441-1453.
Data and metadata available at http://www.ecad.eu

FILE FORMAT (MISSING VALUE CODE = -999999):

THIS FILE HOLDS DATA FOR STATION ITALY                                    BOLOGNA-BORGO_PANIGALE                   (STAID:  17535)
LATITUDE: dd:mm:ss +44:31:50
LONGITUDE: ddd:mm:ss +011:17:48
ELEVATION: m   36

DATA IS FOR INDEX Days with TN > 90th percentile of daily min temp (warm nights) (TN90p) with unit 0.01 No of days

01-06 SOUID: Source identifier
08-11 YEAR : YYYY
13-20 ANNUAL DATA VALUES
21-28 WINTER HALF YEAR DATA VALUES
29-36 SUMMER HALF YEAR DATA VALUES
37-44 WINTER (DJF) DATA VALUES
45-52 SPRING (MAM) DATA VALUES
53-60 SUMMER (JJA) DATA VALUES
61-68 AUTUMN (SON) DATA VALUES
69-76 JANUARY DATA VALUES
etc. 
157-164 DECEMBER DATA VALUES

17535  1814 11200   -999999 7300    -999999 2700    4600    2500    300     0       100     2100    500     1800    1500    1300    100     900     1500    1100    
17535  1815 13900   5500    9600    1700    5200    4400    3700    0       600     1400    1300    2500    1400    1700    1300    1400    2200    100     0       
17535  1816 8300    2600    6300    200     3000    2700    2400    100     100     100     1400    1500    900     1200    600     700     600     1100    0       
17535  1817 10800   3400    8300    1200    1600    5400    2600    900     300     500     0       1100    1700    1800    1900    1800    300     500     0       
17535  1818 15000   3200    10500   1200    4200    6000    3300    200     1000    1200    1300    1700    2200    2300    1500    1500    1200    600     300     
17535  1819 16100   3600    11300   600     4900    6000    4700    0       300     1200    2100    1600    2300    1900    1800    1600    1600    1500    200     
17535  1820 15900   4600    13000   900     4800    7500    2200    0       700     600     1900    2300    2200    2200    3100    1300    900     0       700     
17535  1821 15400   2500    12700   1200    5100    5400    3800    500     0       400     2000    2700    1300    1900    2200    2600    0       1200    600     
17535  1822 17700   4600    11300   1200    5400    6400    4300    100     500     2200    1300    1900    2800    2100    1500    1700    1200    1400    1000    
17535  1823 11100   4100    8800    1100    3600    4400    2400    0       100     400     1400    1800    1100    1300    2000    1200    900     300     600     
17535  1824 11800   3500    7800    2000    2400    4300    2900    200     1200    300     400     1700    900     1500    1900    1400    800     700     800     
17535  1825 12300   2800    8800    1100    3300    4400    2000    200     100     200     1300    1800    1600    1300    1500    1300    100     600     2300    
17535  1826 11900   4300    8600    3000    2100    5500    2800    200     500     600     1400    100     1200    1900    2400    1600    1100    100     800     
17535  1827 11300   3900    7700    1700    3700    4700    1400    600     300     1000    800     1900    1500    2100    1100    300     1100    0       600     
17535  1828 14400   3600    10300   1000    4800    5800    2800    0       400     1500    1300    2000    2200    2600    1000    1200    1000    600     600     
17535  1829 7600    2600    6500    600     2400    3800    1400    0       0       400     1600    400     1100    2100    600     700     600     100     0       
17535  1830 10800   1200    8900    0       4200    4800    1000    0       0       500     2200    1500    1100    2000    1700    400     0       600     800     
17535  1831 12300   3400    8300    1500    4300    5000    1700    400     300     1300    1500    1500    1900    1600    1500    300     1300    100     600     
17535  1832 6100    2600    5100    1100    1200    3500    900     0       500     100     200     900     900     1400    1200    500     100     300     0       
17535  1833 6400    500     5600    0       3000    2500    700     0       0       100     700     2200    1700    400     400     200     0       500     200     
17535  1834 13000   1800    9600    800     2900    4700    4600    600     0       500     300     2100    1700    1300    1700    2500    1100    1000    200     
17535  1835 7700    3000    6400    800     2300    3700    1000    400     200     100     600     1600    700     1800    1200    500     500     0       100     
17535  1836 9600    2400    6300    200     3100    4400    1600    0       100     1700    800     600     1300    1800    1300    500     1100    0       400     
17535  1837 6500    1900    5300    800     900     4200    400     300     100     0       300     600     1800    500     1900    200     200     0       600     
17535  1838 8800    1100    7000    600     1900    4300    2200    0       0       300     200     1400    2100    1400    800     1100    100     1000    400     
17535  1839 14000   1500    8300    400     1200    5900    4900    0       0       0       100     1100    2600    2300    1000    1200    2100    1600    2000    
17535  1840 9500    6400    6600    2700    1600    4100    3100    100     600     0       500     1100    1700    1100    1300    900     200     2000    0       
17535  1841 12700   3700    7900    500     4900    2700    3300    0       500     1000    1200    2700    1100    1100    500     1300    1900    100     1300    
17535  1842 7700    4200    6000    1300    2900    3600    500     0       0       900     1100    900     1500    1100    1000    400     0       100     700     
17535  1843 6900    2400    3700    1900    1700    1800    2100    200     1000    400     1100    200     500     600     700     600     600     900     100     
17535  1844 8500    1700    6000    200     1200    3400    3600    0       100     0       800     400     1700    1200    500     1400    1200    1000    200     
17535  1845 8500    3900    5000    1600    1500    3200    2400    1400    0       100     800     600     1900    1100    200     400     800     1200    0       
17535  1846 13500   3900    10700   800     4100    7100    1400    400     400     1100    1700    1300    2900    2600    1600    600     500     300     100     
17535  1847 7200    2000    5400    500     3900    2100    600     300     100     700     800     2400    100     1400    600     100     500     0       200     
17535  1848 12200   2100    8900    500     3800    5500    1700    0       300     1100    1600    1100    2300    1400    1800    700     900     100     900     
17535  1849 11000   3200    8000    2000    1800    5400    2500    300     800     200     300     1300    2900    1300    1200    1000    1400    100     200     
17535  1850 10200   3000    7400    600     2500    5600    800     0       400     900     800     800     1800    1800    2000    200     100     500     900     
17535  1851 8400    4400    4800    3100    3200    1400    1600    1600    600     700     1900    600     900     300     200     900     500     200     0       
17535  1852 4000    900     2300    100     800     1300    1400    0       100     100     100     600     400     600     300     300     0       1100    400     
17535  1853 4100    1900    3200    800     100     2700    900     400     0       0       0       100     300     1100    1300    400     0       500     0       
17535  1854 3100    600     2200    100     300     1500    1000    100     0       0       300     0       800     600     100     400     600     0       200     
17535  1855 4900    800     3100    200     800     2200    1900    0       0       0       600     200     900     300     1000    100     800     1000    0       
17535  1856 5300    3900    3200    2100    1200    1900    100     500     1600    0       700     500     1000    0       900     100     0       0       0       
17535  1857 1900    0       1200    0       300     800     800     0       0       0       200     100     200     500     100     100     700     0       0       
17535  1858 1600    700     1000    0       100     900     500     0       0       0       0       100     900     0       0       0       500     0       100     
17535  1859 5000    1100    3400    200     1100    2500    1300    0       100     400     600     100     200     1000    1300    200     1100    0       0       
17535  1860 2300    1100    1500    0       600     600     700     0       0       0       0       600     400     0       200     300     300     100     400     
17535  1861 4400    1500    3700    1000    600     2300    900     0       600     100     200     300     500     400     1400    900     0       0       0       
17535  1862 5600    700     3800    200     2800    1500    1100    0       200     500     1300    1000    900     400     200     0       700     400     0       
17535  1863 4900    1500    3900    300     1100    2500    1000    300     0       100     500     500     700     500     1300    400     200     400     0       
17535  1864 2800    1000    1500    100     700     700     1000    0       100     300     0       400     200     0       500     400     600     0       300     
17535  1865 5100    900     4200    300     1900    1800    1200    0       0       0       1100    800     400     600     800     500     400     300     200     
17535  1866 6100    1000    5100    300     600     4000    900     100     0       0       500     100     1800    1700    500     500     400     0       500     
17535  1867 11800   3300    7800    2100    3600    2900    3400    300     1300    800     1500    1300    900     900     1100    2100    800     500     300     
17535  1868 9800    2100    7100    600     3400    3300    1700    0       300     200     900     2300    1500    900     900     600     900     200     1100    
17535  1869 7900    2800    6600    1700    3700    2300    700     100     500     0       1200    2500    400     1200    700     600     100     0       600     
17535  1870 5500    1500    3500    900     2200    1600    1000    100     200     500     200     1500    1000    600     0       200     100     700     400     
17535  1871 5400    1900    4500    400     2200    2200    1000    0       0       700     1100    400     400     1200    600     800     200     0       0       
17535  1872 7200    1100    4100    400     2200    1000    2100    0       400     500     900     800     100     800     100     1400    400     300     1500    
17535  1873 8300    4800    3800    2700    1700    3000    2200    1000    200     1400    300     0       400     1300    1300    500     1300    400     200     
17535  1874 7500    2600    6000    300     2200    3300    1700    0       100     600     1400    200     1600    1500    200     1100    600     0       200     
17535  1875 6300    800     5800    200     1800    3800    500     0       0       0       100     1700    1500    800     1500    200     200     100     200     
17535  1876 5600    1700    3100    300     2000    1700    1000    0       100     1100    600     300     800     300     600     500     500     0       800     
17535  1877 5700    2300    4600    1500    400     3800    800     700     0       300     100     0       1100    1200    1500    700     0       100     0       
17535  1878 3100    900     1600    300     1300    700     800     0       300     500     100     700     100     100     500     100     300     400     0       
17535  1879 5800    1500    5000    500     500     4300    500     0       500     300     200     0       1400    600     2300    500     0       0       0       
17535  1880 8500    500     3800    200     1900    1500    3400    0       200     300     900     700     0       1000    500     700     1300    1400    1500    
17535  1881 11600   5400    9100    1900    3500    6100    600     200     200     800     1500    1200    1700    2400    2000    300     0       300     1000    
17535  1882 6400    3300    3000    2000    2200    1600    600     800     200     1000    200     1000    600     700     300     200     300     100     1000    
17535  1883 6700    2800    5000    2400    1100    3700    500     600     800     0       0       1100    1300    1500    900     200     200     100     0       
17535  1884 8000    1700    5500    800     2800    2500    1300    100     700     600     600     1600    0       1700    800     800     300     200     600     
17535  1885 7900    2500    5600    1500    1800    3300    1700    100     800     500     700     600     1400    1200    700     1000    0       700     200     
17535  1886 6200    1100    4200    200     1400    1700    2700    0       0       200     400     800     600     600     500     1300    700     700     400     
17535  1887 7400    2400    6500    500     1000    4400    1700    100     0       500     200     300     1200    1800    1400    1600    0       100     200     
17535  1888 6700    700     5100    200     1600    3000    1400    0       0       400     400     800     1300    700     1000    900     300     200     700     
17535  1889 6700    1400    4600    900     900     3200    2400    200     0       0       100     800     900     900     1400    500     1200    700     0       
17535  1890 5900    2900    3600    700     700     2600    1800    700     0       300     100     300     300     800     1500    600     1200    0       100     
17535  1891 6700    1600    4000    100     900     2700    2500    0       0       300     0       600     700     1100    900     700     1000    800     600     
17535  1892 6800    2900    5400    1100    1400    2700    2200    0       500     0       700     700     1200    800     700     1300    500     400     0       
17535  1893 4800    1600    2800    0       1400    1800    900     0       0       700     300     400     300     700     800     300     400     200     700     
17535  1894 4800    1700    3300    900     700     2300    1500    0       200     200     500     0       700     800     800     500     600     400     100     
17535  1895 4800    1300    3400    100     500     1700    2300    0       0       200     300     0       100     900     700     1400    100     800     300     
17535  1896 2100    1900    700     400     700     400     500     100     0       600     0       100     200     200     0       200     300     0       400     
17535  1897 7600    3400    3600    2000    1900    2400    1100    1100    500     1100    600     200     1200    1000    200     400     400     300     600     
17535  1898 5500    2800    1800    1600    1300    900     2100    900     100     500     300     500     400     100     400     100     200     1800    200     
17535  1899 6000    4100    2700    1300    1000    1800    2100    900     200     800     0       200     100     500     1200    700     400     1000    0       
17535  1900 8900    2300    4000    800     500     2800    3400    500     300     100     300     100     800     1500    500     800     1100    1500    1400    
17535  1901 6000    4900    4100    1900    1300    2800    1100    500     0       400     500     400     1800    400     600     400     500     200     300     
17535  1902 6400    2000    5300    700     2500    2500    900     200     200     600     1700    200     200     1300    1000    900     0       0       100     
17535  1903 9600    2100    4400    1400    1400    2500    3100    800     500     700     100     600     100     800     1600    1200    1400    500     1300    
17535  1904 12400   6000    8300    3600    3200    5200    1100    1000    1300    500     1000    1700    1400    2300    1500    400     400     300     600     
17535  1905 9100    2300    7200    900     2000    4400    1800    200     100     700     800     500     1000    1800    1600    1500    0       300     600     
17535  1906 9900    1800    6800    900     2400    4300    2900    200     100     600     1000    800     1300    1000    2000    700     1000    1200    0       
17535  1907 11400   2300    6600    0       2100    3600    4200    0       0       100     300     1700    1500    800     1300    1000    2400    800     1500    
17535  1908 7300    5400    5500    2200    2000    3200    800     400     300     0       300     1700    1700    700     800     300     500     0       600     
17535  1909 8700    1100    5600    600     2300    2900    2200    0       0       0       1500    800     700     800     1400    400     1200    600     1300    
17535  1910 9100    4900    4400    2200    2000    3300    1000    0       900     900     700     400     1300    800     1200    0       700     300     1900    
17535  1911 13000   3600    8400    2200    2300    5200    3600    100     200     400     1100    800     1100    1500    2600    1300    900     1400    1600    
17535  1912 11100   8000    5900    3600    4100    3900    300     800     1200    2100    400     1600    1500    1300    1100    0       200     100     800     
17535  1913 11500   3300    5600    1800    3600    2700    3800    900     100     1200    1300    1100    1500    500     700     500     1700    1600    400     
17535  1914 9900    5000    6100    1000    3000    2700    2400    0       600     700     1600    700     500     800     1400    1100    600     700     1200    
17535  1915 7200    3300    4800    1400    2800    2500    100     200     0       600     300     1900    900     1000    600     100     0       0       1600    
17535  1916 9100    4000    3800    2700    2800    2300    1200    700     400     1300    900     600     500     1000    800     0       200     1000    1700    
17535  1917 8200    3000    7700    1700    1900    4400    1900    0       0       100     400     1400    1800    900     1700    1500    400     0       0       
17535  1918 9500    2100    5800    900     2400    2700    2400    400     500     800     700     900     400     1300    1000    1500    300     600     1100    
17535  1919 10200   5200    6000    3500    2000    3100    2200    1600    800     800     900     300     1300    300     1500    1700    500     0       500     
17535  1920 14400   6100    7700    3800    5400    3000    1400    2200    1100    1800    1400    2200    800     1600    600     1100    300     0       1300    
17535  1921 12200   4400    7300    3200    3100    4400    2600    1600    300     900     500     1700    1000    2100    1300    700     1500    400     200     
17535  1922 11300   4800    7500    800     4500    4700    500     100     500     2100    600     1800    1500    1400    1800    400     100     0       1000    
17535  1923 11600   2500    6300    1900    2900    3500    3600    900     0       500     600     1800    400     1300    1800    400     1700    1500    700     
17535  1924 11300   5600    6800    1500    3900    2700    1900    500     300     900     900     2100    1200    1300    200     1100    300     500     2000    
17535  1925 10200   5800    5800    4500    2500    3100    1900    1100    1400    500     1000    1000    1300    600     1200    700     700     500     200     
17535  1926 11600   2500    6400    1000    1900    2600    5500    200     600     300     900     700     500     900     1200    2200    900     2400    800     
17535  1927 15400   6100    9100    1800    3900    5200    3900    900     100     1000    1500    1400    1800    1400    2000    1000    1100    1800    1400    
17535  1928 13700   6800    9200    3300    2500    6600    2100    1300    600     600     1500    400     1400    2700    2500    700     1000    400     600     
17535  1929 13200   2500    9100    600     2700    5200    4100    0       0       500     600     1600    2200    1700    1300    1700    1200    1200    1200    
17535  1930 13300   5600    8400    2400    2600    5100    3500    1200    0       800     1300    500     2400    1400    1300    1500    600     1400    900     
17535  1931 10500   3800    7800    1700    1500    6200    1700    800     0       100     200     1200    2600    2000    1600    200     400     1100    300     
17535  1932 12200   3100    8000    1500    2000    3400    4500    1200    0       100     700     1200    200     600     2600    2700    800     1000    1100    
17535  1933 10100   4800    5900    2600    2200    3300    3100    700     800     400     900     900     200     1400    1700    800     1700    600     0       
17535  1934 13900   3400    9800    0       5100    4700    2300    0       0       1100    1900    2100    1100    2200    1400    1100    600     600     1800    
17535  1935 12700   4100    7900    2500    1400    5500    4700    100     600     400     700     300     2300    2100    1100    1400    1700    1600    400     
17535  1936 15000   9300    8300    4100    4500    4400    1500    2600    1100    1900    1000    1600    1300    1800    1300    1300    0       200     900     
17535  1937 12200   3200    7800    1700    3900    4200    3100    0       800     1300    1100    1500    1500    1600    1100    1000    1000    1100    200     
17535  1938 10100   4100    5500    400     2400    4500    2100    100     100     1600    500     300     2000    1400    1100    200     1100    800     900     
17535  1939 11000   4800    7600    2800    1800    4900    2200    800     1100    100     1700    0       1400    1800    1700    1000    500     700     200     
17535  1940 9800    2100    7300    300     3200    2800    3700    0       100     600     1300    1300    1100    1200    500     1900    500     1300    0       
17535  1941 5600    2600    3800    0       1800    2700    900     0       0       800     900     100     1200    800     700     100     400     400     200     
17535  1942 10900   1600    6600    200     2200    2800    4600    0       0       600     200     1400    900     1000    900     2200    1700    700     1300    
17535  1943 10200   4700    6600    1800    2500    3500    2500    100     400     500     1100    900     600     900     2000    1100    1400    0       1200    
17535  1944 4500    3200    3400    1700    1100    2100    400     200     300     100     500     500     400     200     1500    300     0       100     400     
17535  1945 9800    1600    7600    400     3900    3800    1400    0       0       1100    1100    1700    1500    1600    700     1000    300     100     700     
17535  1946 8000    2000    6900    900     2600    3700    1500    100     100     700     1100    800     1200    1100    1400    1300    200     0       0       
17535  1947 8000    700     7300    0       3000    3600    1200    0       0       500     1400    1100    1300    1200    1100    1200    0       0       200     
17535  1948 3500    1200    2100    600     1200    1400    100     300     100     600     200     400     800     0       600     100     0       0       400     
17535  1949 9600    800     6800    800     2600    2800    3500    100     300     0       1300    1300    900     700     1200    1400    1000    1100    300     
17535  1950 9400    3900    7300    1000    2400    4900    1300    100     600     800     500     1100    1900    2000    1000    800     400     100     100     
17535  1951 5200    2300    2100    1200    1200    800     1900    500     600     600     100     500     400     100     300     700     200     1000    200     
17535  1952 5100    1500    4600    300     1500    2800    500     0       100     0       1000    500     900     800     1100    300     200     0       200     
17535  1953 5300    400     2300    200     1300    400     2000    0       0       0       600     700     100     100     200     600     1400    0       1600    
17535  1954 5100    3700    2200    1600    1200    1000    2100    0       0       700     200     300     600     100     300     700     400     1000    800     
17535  1955 3800    4500    400     3000    400     100     600     1700    500     100     0       300     0       100     0       0       100     500     500     
17535  1956 3100    1800    1800    1000    1100    700     400     500     0       200     300     600     100     300     300     200     0       200     400     
17535  1957 3300    1600    1300    1000    800     900     300     0       600     400     300     100     200     700     0       0       0       300     700     
17535  1958 6100    1600    2800    1300    1000    1700    1900    200     400     0       0       1000    500     400     800     100     600     1200    900     
17535  1959 5300    3900    2500    1000    1900    1200    1400    100     0       1100    600     200     300     700     200     500     200     700     700     
17535  1960 5000    2500    1700    1000    1500    700     1100    0       300     600     100     800     300     100     300     100     600     400     1400    
17535  1961 5500    3500    2700    1700    2000    1000    1700    0       300     800     700     500     700     100     200     500     500     700     500     
17535  1962 3300    2000    2700    800     400     1500    1000    300     0       0       300     100     300     300     900     800     0       200     100     
17535  1963 3500    700     1200    500     500     600     1600    400     0       0       300     200     100     200     300     100     200     1300    400     
17535  1964 3900    2400    2100    600     1100    900     600     0       200     300     600     200     500     300     100     400     0       200     1100    
17535  1965 1600    1700    1100    1400    500     700     100     200     100     100     100     300     600     100     0       0       100     0       0       
17535  1966 5300    1800    2500    1400    1400    1000    1500    0       1400    300     1000    100     900     100     0       400     1100    0       0       
17535  1967 3400    1800    1800    0       1500    900     900     0       0       700     200     600     100     700     100     100     400     400     100     
17535  1968 3800    1800    1600    800     1100    700     1200    0       700     200     600     300     200     500     0       0       500     700     100     
17535  1969 2800    1700    1800    100     1800    400     600     0       0       400     200     1200    100     300     0       0       0       600     0       
17535  1970 2200    1500    1000    700     300     500     700     700     0       200     100     0       200     100     200     400     300     0       0       
17535  1971 2900    1000    1700    400     900     1000    300     200     200     300     600     0       0       300     700     100     0       200     300     
17535  1972 5100    3600    800     2600    1100    500     100     1000    1300    800     200     100     100     200     200     0       100     0       1100    
17535  1973 3800    2200    2400    2100    300     1500    800     900     100     0       100     200     500     700     300     600     200     0       200     
17535  1974 4300    3400    600     2600    700     500     500     1300    1100    600     0       100     0       0       500     0       0       500     200     
17535  1975 3900    2200    1300    1200    1000    400     800     1000    0       500     100     400     200     200     0       400     100     300     700     
17535  1976 1100    1200    600     800     100     300     300     0       100     0       0       100     300     0       0       200     100     0       300     
17535  1977 3200    2400    300     1600    1000    0       900     800     500     700     200     100     0       0       0       0       700     200     0       
17535  1978 1700    2100    200     700     500     200     0       500     200     500     0       0       200     0       0       0       0       0       300     
17535  1979 4000    1700    1500    1200    700     1200    700     100     800     500     0       200     800     0       400     100     600     0       500     
17535  1980 1200    1300    700     600     100     600     300     0       100     100     0       0       0       0       600     100     100     100     100     
17535  1981 3300    1000    2200    100     1300    1100    800     0       0       700     300     300     800     100     200     500     300     0       100     
17535  1982 2900    400     1600    100     200     1100    900     0       0       0       0       200     500     500     100     300     200     400     700     
17535  1983 4100    1700    3400    1000    500     2600    400     300     0       100     400     0       500     1400    700     400     0       0       300     
17535  1984 2100    400     400     400     100     200     1000    0       100     0       0       100     100     100     0       100     400     500     700     
17535  1985 4500    2200    3000    700     900     1800    1300    0       0       600     100     200     300     700     800     900     400     0       500     
17535  1986 4500    1200    3100    700     2100    800     1200    0       200     100     500     1500    200     100     500     300     100     800     200     
17535  1987 6800    1700    4000    600     700     1600    3600    0       400     200     400     100     100     1000    500     1900    1100    600     500     
17535  1988 6100    4400    3000    2700    1000    1700    1100    1900    300     0       300     700     0       800     900     300     800     0       100     
17535  1989 2700    1500    1100    500     500     800     600     0       400     200     300     0       0       100     700     0       0       600     400     
17535  1990 6700    3200    2700    1700    2400    1000    1700    400     900     900     300     1200    500     200     300     200     1200    300     300     
17535  1991 7200    3900    4600    1000    1600    3300    1500    600     100     1400    200     0       800     1300    1200    1100    200     200     100     
17535  1992 6900    1000    4900    500     1000    3400    1300    200     200     100     200     700     500     1000    1900    600     100     600     800     
17535  1993 5600    2800    3500    1800    1100    2300    1100    700     300     300     100     700     500     600     1200    400     400     300     100     
17535  1994 10000   2800    5400    1200    1700    3800    2600    900     200     900     300     500     600     1200    2000    800     200     1600    800     
17535  1995 5300    3400    3000    1600    1000    2000    900     100     700     0       300     700     300     1400    300     0       400     500     600     
17535  1996 5800    2900    2800    1700    1200    1900    700     1000    100     300     400     500     1000    600     300     0       100     600     900     
17535  1997 12800   4400    7600    2300    3900    3700    2900    900     500     1400    700     1800    1400    700     1600    1400    700     800     900     
17535  1998 14900   5900    10400   3500    3400    7100    1500    1200    1400    900     1300    1200    2200    2500    2400    800     600     100     300     
17535  1999 17300   4000    11600   2300    5000    5300    4400    1500    500     1000    1500    2500    1600    1600    2100    2300    1400    700     600     
17535  2000 20100   5100    12000   1600    6000    6300    4800    300     700     1400    2000    2600    2500    1400    2400    1100    1700    2000    2000    
17535  2001 18000   11100   9900    5200    5200    6600    3000    1800    1400    2200    800     2200    2000    2100    2500    300     2500    200     0       
17535  2002 14100   5900    6400    1600    4100    3400    2900    500     1100    1600    1100    1400    2000    1100    300     500     500     1900    2100    
17535  2003 17200   6500    11800   3000    4500    8100    2100    800     100     1100    900     2500    2900    2200    3000    300     600     1200    1600    
17535  2004 12800   5000    6200    2400    2100    4300    3600    300     500     800     800     500     1200    1400    1700    600     2100    900     2000    
17535  2005 12200   6900    8000    2500    3900    4200    3300    500     0       1400    1000    1500    1700    1400    1100    1300    1000    1000    300     
17535  2006 15100   4100    8400    1400    3400    4800    3900    300     800     700     1200    1500    1700    2500    600     900     1400    1600    1900    
17535  2007 15300   10800   9100    6200    5900    4800    300     2400    1900    1600    2300    2000    1900    2100    800     0       200     100     0       
17535  2008 6000    1900    2700    1400    500     2000    1600    900     500     200     0       300     1100    300     600     400     700     500     500     
17535  2009 6500    2600    3500    1000    1600    2100    2000    100     400     400     300     900     800     400     900     200     500     1300    300     
17535  2010 4300    2500    2800    500     900     2000    1000    100     100     200     300     400     300     1100    600     100     100     800     200     
17535  2011 7000    2100    5000    800     1900    2200    2000    100     500     400     900     600     300     600     1300    1300    100     600     300     
17535  2012 6800    1600    4600    400     1400    3500    1600    0       100     500     400     500     1300    1000    1200    200     300     1100    200     
17535  2013 6300    1900    3600    400     1700    1700    2000    200     0       100     900     700     600     400     700     300     1100    600     700     
17535  2014 8600    5200    1200    3300    800     500     3400    1500    1100    200     500     100     500     0       0       100     1300    2000    1300    
17535  2015 5700    5200    4000    1700    1100    3100    500     300     100     200     300     600     600     1500    1000    0       0       500     600     
17535  2016 4100    1800    2600    1300    1100    1300    1000    300     400     0       800     300     200     800     300     200     200     600     0       
17535  2017 5100    1500    4100    400     1300    3100    100     0       400     300     700     300     1500    700     900     0       0       100     200     
17535  2018 4800    1100    1800    900     1400    500     2000    700     0       100     300     1000    300     100     100     0       400     1600    200     
17535  2019 6900    2300    4200    300     600     3200    2400    100     0       0       600     0       1300    900     1000    400     1000    1000    600     
17535  2020 6800    4600    2200    2200    1000    1200    1600    900     700     400     400     200     200     400     600     400     200     1000    1400    
17535  2021 3000    3300    1200    2100    100     800     1100    100     600     0       100     0       700     0       100     300     200     600     300     
