EUROPEAN CLIMATE ASSESSMENT & DATASET (ECA&D), file created on: 20-01-2022
THESE DATA CAN BE USED FOR NON-COMMERCIAL RESEARCH AND EDUCATION PROVIDED THAT THE FOLLOWING SOURCE IS ACKNOWLEDGED: 

Klein Tank, A.M.G. and Coauthors, 2002. Daily dataset of 20th-century surface
air temperature and precipitation series for the European Climate Assessment.
Int. J. of Climatol., 22, 1441-1453.
Data and metadata available at http://www.ecad.eu

FILE FORMAT (MISSING VALUE CODE = -999999):

THIS FILE HOLDS DATA FOR STATION SLOVENIA                                 BABNO POLJE                              (STAID:   3300)
LATITUDE: dd:mm:ss +45:38:43
LONGITUDE: ddd:mm:ss +014:32:42
ELEVATION: m  755

DATA IS FOR INDEX Days with TN > 90th percentile of daily min temp (warm nights) (TN90p) with unit 0.01 No of days

01-06 SOUID: Source identifier
08-11 YEAR : YYYY
13-20 ANNUAL DATA VALUES
21-28 WINTER HALF YEAR DATA VALUES
29-36 SUMMER HALF YEAR DATA VALUES
37-44 WINTER (DJF) DATA VALUES
45-52 SPRING (MAM) DATA VALUES
53-60 SUMMER (JJA) DATA VALUES
61-68 AUTUMN (SON) DATA VALUES
69-76 JANUARY DATA VALUES
etc. 
157-164 DECEMBER DATA VALUES

3300   1961 3500    -999999 1500    -999999 1000    500     1200    100     100     200     700     100     400     100     0       200     600     400     600     
3300   1962 2200    2500    1000    1100    500     500     600     400     100     400     0       100     200     100     200     400     0       200     100     
3300   1963 4500    1300    1900    800     1200    600     1900    700     0       300     700     200     100     100     400     400     200     1300    100     
3300   1964 3900    2600    1900    700     800     1200    900     100     500     400     400     0       800     200     200     300     500     100     400     
3300   1965 2600    1600    1200    800     500     500     800     400     0       200     100     200     100     300     100     400     0       400     400     
3300   1966 4900    2500    1900    1600    1300    900     1300    0       1200    500     600     200     400     300     200     200     1100    0       200     
3300   1967 3600    2500    1400    500     1500    500     1000    100     200     900     200     400     200     300     0       300     300     400     300     
3300   1968 4600    2700    2300    1400    1600    1100    800     100     1000    600     500     500     500     400     200     200     200     400     0       
3300   1969 4000    1700    2200    700     1100    800     1400    600     100     400     0       700     100     300     400     700     0       700     0       
3300   1970 3400    2100    1300    1100    500     700     1000    800     300     300     0       200     200     100     400     400     100     500     100     
3300   1971 2900    1900    1300    1000    800     800     400     700     200     300     200     300     300     100     400     0       0       400     0       
3300   1972 4000    1600    2200    700     1500    1100    600     200     500     500     800     200     200     700     200     100     400     100     100     
3300   1973 3100    700     1900    200     300     1300    900     0       100     0       0       300     300     500     500     300     200     400     500     
3300   1974 4600    2600    2100    1600    700     1500    1100    0       1100    400     200     100     300     400     800     300     0       800     200     
3300   1975 4700    2800    2900    1100    1800    1400    600     800     100     900     400     500     500     400     500     600     0       0       0       
3300   1976 1700    0       900     0       200     300     1000    0       0       0       0       200     200     100     0       400     200     400     200     
3300   1977 4700    3100    1500    2100    900     900     900     1000    900     400     200     300     200     300     400     100     600     200     100     
3300   1978 2500    2100    500     1000    400     200     200     400     500     300     0       100     100     100     0       200     0       0       800     
3300   1979 4700    2500    1800    1800    1200    800     1200    400     600     700     200     300     200     500     100     500     600     100     500     
3300   1980 2900    1700    1900    900     500     1100    900     300     100     100     200     200     200     300     600     400     400     100     0       
3300   1981 4000    1000    1800    200     700     800     1800    100     100     300     0       400     300     200     300     600     1100    100     500     
3300   1982 5500    2100    2900    800     600     1600    2300    300     0       100     0       500     400     1000    200     800     900     600     700     
3300   1983 2900    2500    2100    800     1500    500     500     100     0       200     700     600     0       100     400     300     100     100     300     
3300   1984 2600    700     1000    500     100     700     1200    200     0       0       0       100     100     200     400     200     800     200     400     
3300   1985 2200    1600    1100    600     200     900     100     200     0       0       200     0       200     500     200     0       0       100     800     
3300   1986 4600    1200    3600    1000    2000    1600    700     200     0       100     900     1000    700     200     700     100     100     500     100     
3300   1987 3900    1400    2100    800     400     1200    1500    100     600     0       300     100     500     500     200     500     700     300     100     
3300   1988 4200    2600    2200    1300    1400    1100    300     900     300     300     400     700     200     700     200     0       300     0       200     
3300   1989 6000    1600    3300    900     1700    1900    700     200     500     400     900     400     400     600     900     100     100     500     1000    
3300   1990 4400    2600    1900    1600    1200    900     1100    300     300     400     200     600     600     200     100     200     600     300     600     
3300   1991 -999999 -999999 -999999 -999999 -999999 -999999 -999999 -999999 -999999 -999999 -999999 -999999 -999999 -999999 -999999 -999999 -999999 -999999 -999999 
3300   1992 -999999 -999999 -999999 -999999 -999999 -999999 -999999 -999999 -999999 -999999 -999999 -999999 -999999 -999999 -999999 -999999 -999999 -999999 -999999 
3300   1993 -999999 -999999 -999999 -999999 -999999 -999999 -999999 -999999 -999999 -999999 -999999 -999999 -999999 -999999 -999999 -999999 -999999 -999999 -999999 
3300   1994 -999999 -999999 -999999 -999999 -999999 -999999 -999999 -999999 -999999 -999999 -999999 -999999 -999999 -999999 -999999 -999999 -999999 -999999 -999999 
3300   1995 -999999 -999999 -999999 -999999 -999999 -999999 -999999 -999999 -999999 -999999 -999999 -999999 -999999 -999999 -999999 -999999 -999999 -999999 -999999 
3300   1996 -999999 -999999 -999999 -999999 -999999 -999999 -999999 -999999 -999999 -999999 -999999 -999999 -999999 -999999 -999999 -999999 -999999 -999999 -999999 
3300   1997 -999999 -999999 -999999 -999999 -999999 -999999 -999999 -999999 -999999 -999999 -999999 -999999 -999999 -999999 -999999 -999999 -999999 -999999 -999999 
3300   1998 -999999 -999999 -999999 -999999 -999999 -999999 -999999 -999999 -999999 -999999 -999999 -999999 -999999 -999999 -999999 -999999 -999999 -999999 -999999 
3300   1999 -999999 -999999 -999999 -999999 -999999 -999999 -999999 -999999 -999999 -999999 -999999 -999999 -999999 -999999 -999999 -999999 -999999 -999999 -999999 
3300   2000 -999999 -999999 -999999 -999999 -999999 -999999 -999999 -999999 -999999 -999999 -999999 -999999 -999999 -999999 -999999 -999999 -999999 -999999 -999999 
3300   2001 -999999 -999999 -999999 -999999 -999999 -999999 -999999 -999999 -999999 -999999 -999999 -999999 -999999 -999999 -999999 -999999 -999999 -999999 -999999 
3300   2002 -999999 -999999 -999999 -999999 -999999 -999999 -999999 -999999 -999999 -999999 -999999 -999999 -999999 -999999 -999999 -999999 -999999 -999999 -999999 
3300   2003 -999999 -999999 -999999 -999999 -999999 -999999 -999999 -999999 -999999 -999999 -999999 -999999 -999999 -999999 -999999 -999999 -999999 -999999 -999999 
3300   2004 5300    -999999 2700    -999999 700     1600    2100    300     0       100     400     200     300     400     900     500     1100    500     600     
3300   2005 4800    2600    3000    600     1200    1700    1800    0       0       400     400     400     500     300     900     500     900     400     100     
3300   2006 5600    1900    3100    300     1200    1300    2300    100     100     300     500     400     500     600     200     900     700     700     600     
3300   2007 5800    4300    3000    2000    1700    2200    400     900     500     900     100     700     1300    300     600     0       0       400     100     
3300   2008 7300    2000    4700    1400    1500    2800    1300    1000    300     200     500     800     1500    500     800     600     200     500     400     
3300   2009 7800    2500    4300    1000    2500    1900    2000    300     300     800     1100    600     700     500     700     700     600     700     800     
3300   2010 5500    3100    2800    1000    1500    1700    1500    100     100     800     100     600     600     700     400     400     300     800     600     
3300   2011 5100    2900    3000    1100    1000    2300    600     500     0       700     200     100     1100    600     600     400     200     0       700     
3300   2012 6500    1400    4200    1000    1100    2300    -999999 300     0       200     700     200     1000    1000    300     -999999 300     1200    300     
3300   2013 6200    2600    3200    700     1400    1900    1600    300     100     400     200     800     300     900     700     300     800     500     900     
3300   2014 8900    5200    3500    3000    2100    1900    2400    1600    500     900     1000    200     300     800     800     400     600     1400    400     
3300   2015 8000    3600    6100    1000    2300    3500    1400    600     0       600     500     1200    600     1500    1400    900     500     0       200     
3300   2016 8400    3100    4700    1600    2000    3200    1800    500     900     1000    700     300     1400    1200    600     500     300     1000    0       
3300   2017 5600    2700    3400    600     1600    2200    500     0       600     800     400     400     900     500     800     400     0       100     700     
3300   2018 8700    2000    6000    1700    2600    3100    1800    900     100     200     1000    1400    900     1100    1100    500     700     600     200     
3300   2019 8000    2200    5100    500     1000    3900    2000    100     200     400     400     200     1200    1100    1600    600     300     1100    800     
3300   2020 6200    3600    3800    1600    1600    2700    500     100     700     600     400     600     900     600     1200    100     400     0       600     
3300   2021 -999999 3000    4000    2200    1100    2900    800     600     1000    400     200     500     1000    1500    400     400     400     0       -999999 
