EUROPEAN CLIMATE ASSESSMENT & DATASET (ECA&D), file created on: 20-01-2022
THESE DATA CAN BE USED FOR NON-COMMERCIAL RESEARCH AND EDUCATION PROVIDED THAT THE FOLLOWING SOURCE IS ACKNOWLEDGED: 

Klein Tank, A.M.G. and Coauthors, 2002. Daily dataset of 20th-century surface
air temperature and precipitation series for the European Climate Assessment.
Int. J. of Climatol., 22, 1441-1453.
Data and metadata available at http://www.ecad.eu

FILE FORMAT (MISSING VALUE CODE = -999999):

THIS FILE HOLDS DATA FOR STATION RUSSIAN FEDERATION                       OJMYAKON                                 (STAID:   3208)
LATITUDE: dd:mm:ss +63:15:00
LONGITUDE: ddd:mm:ss +143:09:00
ELEVATION: m  740

DATA IS FOR INDEX Days with TN > 90th percentile of daily min temp (warm nights) (TN90p) with unit 0.01 No of days

01-06 SOUID: Source identifier
08-11 YEAR : YYYY
13-20 ANNUAL DATA VALUES
21-28 WINTER HALF YEAR DATA VALUES
29-36 SUMMER HALF YEAR DATA VALUES
37-44 WINTER (DJF) DATA VALUES
45-52 SPRING (MAM) DATA VALUES
53-60 SUMMER (JJA) DATA VALUES
61-68 AUTUMN (SON) DATA VALUES
69-76 JANUARY DATA VALUES
etc. 
157-164 DECEMBER DATA VALUES

3208   1943 4000    -999999 1600    -999999 1500    200     1500    600     100     1000    200     300     100     100     0       900     300     300     100     
3208   1944 2900    1100    1700    200     600     1100    900     0       100     300     100     200     200     400     500     300     300     300     200     
3208   1945 2900    1100    1700    400     700     1000    700     100     100     100     400     200     100     800     100     100     200     400     300     
3208   1946 3100    1100    1900    500     200     1400    800     100     100     0       100     100     0       700     700     300     200     300     500     
3208   1947 4100    2700    1200    2100    600     500     1400    700     900     100     500     0       200     0       300     200     900     300     0       
3208   1948 3900    2900    1600    1100    1400    800     600     0       1100    600     400     400     100     400     300     0       500     100     0       
3208   1949 3100    900     2100    100     700     1300    700     0       100     200     300     200     400     500     400     300     400     0       300     
3208   1950 3700    2800    1200    2000    700     800     400     1000    700     400     300     0       400     300     100     100     0       300     100     
3208   1951 3200    1100    1500    500     500     1300    600     0       400     300     200     0       400     300     600     0       200     400     400     
3208   1952 2800    1900    1600    400     1400    1100    100     0       0       900     200     300     100     500     500     0       100     0       200     
3208   1953 3000    400     2000    200     1000    400     1600    0       0       100     700     200     0       200     200     700     300     600     0       
3208   1954 4500    1800    2500    800     900     1200    1500    200     600     100     800     0       300     300     600     500     400     600     100     
3208   1955 2500    2100    600     500     800     300     500     100     300     600     200     0       100     0       200     100     0       400     500     
3208   1956 3400    2500    1200    1800    700     700     300     700     600     300     400     0       300     0       400     100     100     100     400     
3208   1957 2800    1100    1900    900     300     1300    600     0       500     0       100     200     400     700     200     300     100     200     100     
3208   1958 1300    700     700     200     300     500     400     0       100     200     0       100     0       100     400     100     300     0       0       
3208   1959 5800    900     3400    400     900     2000    2200    400     0       200     600     100     200     700     1100    700     600     900     300     
3208   1960 3200    2900    1100    400     1200    900     400     0       100     1000    100     100     0       600     300     0       300     100     600     
3208   1961 3500    1700    1300    1300    200     900     700     300     400     0       200     0       100     0       800     200     200     300     1000    
3208   1962 2800    2300    1500    1400    1000    900     300     300     100     400     400     200     200     700     0       0       0       300     200     
3208   1963 4800    2100    1700    1700    400     900     1400    1400    100     100     300     0       200     400     300     500     300     600     600     
3208   1964 -999999 1600    1000    600     700     400     300     0       0       100     300     300     200     0       200     0       0       300     -999999 
3208   1965 2600    -999999 1200    -999999 800     400     1300    0       100     700     0       100     200     100     100     700     200     400     0       
3208   1966 4100    1600    2000    0       1600    1100    1100    0       0       1000    600     0       600     400     100     300     400     400     300     
3208   1967 3800    1500    3100    400     1900    1300    500     0       100     300     100     1500    400     500     400     200     300     0       0       
3208   1968 4300    1700    2400    900     1900    800     500     200     700     500     600     800     300     100     400     200     100     200     200     
3208   1969 3900    1500    1700    900     600     800     1800    700     0       300     300     0       200     200     400     600     500     700     0       
3208   1970 4300    2400    2100    400     1800    800     700     300     100     800     400     600     200     500     100     300     200     200     600     
3208   1971 2300    1100    1700    600     700     700     700     0       0       100     200     400     400     300     0       400     100     200     200     
3208   1972 4000    1400    2400    600     1800    800     1000    0       400     500     800     500     0       600     200     300     600     100     0       
3208   1973 2400    800     1900    100     400     1000    600     0       100     0       200     200     500     300     200     500     100     0       300     
3208   1974 5000    1800    3300    1600    800     2000    800     1000    300     100     200     500     700     900     400     600     100     100     100     
3208   1975 4300    1400    1900    500     1400    1200    900     200     200     700     300     400     500     200     500     0       600     300     400     
3208   1976 2100    2200    900     1100    300     500     500     100     600     200     0       100     0       400     100     300     100     100     100     
3208   1977 3300    600     1600    300     1000    600     600     200     0       100     300     600     100     200     300     100     0       500     900     
3208   1978 3500    2600    1000    1500    800     400     1700    100     500     600     200     0       100     100     200     400     1000    300     0       
3208   1979 3500    1900    1800    600     1000    400     1200    500     100     0       100     900     100     0       300     400     400     400     300     
3208   1980 6400    2500    2500    1500    300     1700    1400    900     300     200     100     0       200     600     900     700     200     500     1800    
3208   1981 5400    4200    2800    3200    1500    1200    1200    800     600     300     800     400     700     200     300     400     500     300     100     
3208   1982 3300    2200    1500    1100    1000    600     700     0       1000    300     300     400     300     200     100     200     500     0       0       
3208   1983 3100    1400    1900    700     500     800     1100    600     100     200     300     0       0       200     600     800     200     100     0       
3208   1984 4800    1400    2300    700     1300    1400    1400    600     100     400     500     400     600     500     300     0       900     500     0       
3208   1985 5000    3600    1600    1600    1500    600     600     500     1100    600     800     100     0       300     300     100     0       500     700     
3208   1986 5000    2600    2300    2100    400     1500    1300    500     900     0       400     0       900     0       600     400     200     700     400     
3208   1987 2500    2000    1000    700     400     1000    800     300     0       400     0       0       200     500     300     0       400     400     0       
3208   1988 4300    1500    2900    400     1200    1400    900     200     200     300     600     300     200     900     300     600     200     100     400     
3208   1989 2700    1400    1600    700     600     1100    400     0       300     400     0       200     500     400     200     300     0       100     300     
3208   1990 5100    1100    2500    500     1500    1400    1800    100     100     500     400     600     800     300     300     100     1000    700     200     
3208   1991 4400    3300    2100    1300    800     1600    900     900     200     300     400     100     500     700     400     0       300     600     0       
3208   1992 -999999 1400    -999999 200     1200    -999999 600     200     0       300     700     200     300     -999999 -999999 300     200     100     300     
3208   1993 -999999 1300    -999999 1000    -999999 1000    400     200     500     0       0       -999999 0       700     300     400     0       0       500     
3208   1994 5400    1900    3000    1900    800     1100    2000    100     1300    0       100     700     300     200     600     1100    600     300     100     
3208   1995 6000    2500    1400    900     1200    600     2800    300     500     700     0       500     300     100     200     300     700     1800    600     
3208   1996 6100    4500    2800    1800    1400    1200    1700    800     400     200     0       1200    500     600     100     400     1200    100     600     
3208   1997 5200    2900    3300    1300    1300    2200    900     700     0       300     800     200     1200    600     400     100     700     100     100     
3208   1998 4900    1300    3100    300     300     2300    1300    200     0       200     100     0       1200    800     300     700     100     500     800     
3208   1999 4100    2900    1500    2300    400     800     1100    1300    200     0       100     300     300     300     200     300     600     200     300     
3208   2000 6200    2200    4400    1100    2200    2100    600     300     500     300     1100    800     800     900     400     400     200     0       500     
3208   2001 5000    1500    3400    800     1900    1900    900     0       300     500     600     800     600     800     500     100     300     500     0       
3208   2002 4000    1200    2300    100     1100    1200    1600    0       100     300     500     300     200     400     600     300     100     1200    0       
3208   2003 4800    2000    2400    600     300     1400    2400    600     0       100     200     0       200     900     300     800     800     800     100     
3208   2004 3300    2600    2000    700     300     900     1500    300     300     300     0       0       100     300     500     1100    0       400     0       
3208   2005 4500    900     2100    500     400     1100    2400    0       500     0       100     300     300     700     100     600     400     1400    100     
3208   2006 6300    2300    3900    400     600     2700    2500    300     0       100     200     300     1100    300     1300    700     100     1700    200     
3208   2007 5900    3000    3000    200     2000    1400    1700    0       0       1000    200     800     400     500     500     600     700     400     800     
3208   2008 7900    2900    4800    1000    1600    2700    3000    0       200     800     400     400     1100    600     1000    1300    900     800     400     
3208   2009 7400    3600    3800    800     2200    1900    2400    300     100     1100    700     400     1300    200     400     800     800     800     500     
3208   2010 6500    2700    4300    900     1700    2600    1000    0       400     200     200     1300    700     1000    900     200     100     700     800     
3208   2011 6700    3400    3900    1600    1800    2800    1100    800     0       1000    400     400     400     1500    900     300     400     400     200     
3208   2012 7300    2100    4300    1100    2500    1800    1900    800     100     200     1000    1300    800     600     400     200     700     1000    200     
3208   2013 8000    2600    5200    300     2600    3100    1300    100     0       600     600     1400    700     1500    900     100     100     1100    900     
3208   2014 7900    4000    5000    2700    1500    2700    1900    600     1200    100     400     1000    1000    900     800     900     800     200     0       
3208   2015 7000    3300    3800    1900    1200    2700    1100    1500    400     400     400     400     800     1200    700     300     700     100     100     
3208   2016 6300    2300    3300    900     1800    1800    1800    600     200     600     500     700     400     800     600     300     1300    200     100     
3208   2017 6800    3000    4100    800     1900    2000    1900    0       700     700     700     500     600     400     1000    900     400     600     300     
3208   2018 8200    3200    3700    1700    1500    1600    3300    400     1000    500     600     400     200     1000    400     1100    1100    1100    400     
3208   2019 -999999 -999999 -999999 1000    -999999 -999999 -999999 600     0       -999999 1300    -999999 -999999 -999999 -999999 -999999 -999999 -999999 -999999 
