EUROPEAN CLIMATE ASSESSMENT & DATASET (ECA&D), file created on: 20-01-2022
THESE DATA CAN BE USED FOR NON-COMMERCIAL RESEARCH AND EDUCATION PROVIDED THAT THE FOLLOWING SOURCE IS ACKNOWLEDGED: 

Klein Tank, A.M.G. and Coauthors, 2002. Daily dataset of 20th-century surface
air temperature and precipitation series for the European Climate Assessment.
Int. J. of Climatol., 22, 1441-1453.
Data and metadata available at http://www.ecad.eu

FILE FORMAT (MISSING VALUE CODE = -999999):

THIS FILE HOLDS DATA FOR STATION GERMANY                                  KLEINER INSELSBERG                       (STAID:   4290)
LATITUDE: dd:mm:ss +50:50:49
LONGITUDE: ddd:mm:ss +010:28:53
ELEVATION: m  732

DATA IS FOR INDEX Days with TN > 90th percentile of daily min temp (warm nights) (TN90p) with unit 0.01 No of days

01-06 SOUID: Source identifier
08-11 YEAR : YYYY
13-20 ANNUAL DATA VALUES
21-28 WINTER HALF YEAR DATA VALUES
29-36 SUMMER HALF YEAR DATA VALUES
37-44 WINTER (DJF) DATA VALUES
45-52 SPRING (MAM) DATA VALUES
53-60 SUMMER (JJA) DATA VALUES
61-68 AUTUMN (SON) DATA VALUES
69-76 JANUARY DATA VALUES
etc. 
157-164 DECEMBER DATA VALUES

4290   1958 3100    -999999 1400    -999999 400     700     700     100     700     0       0       400     0       200     500     300     100     300     500     
4290   1959 5400    2800    3200    1200    2300    1900    500     400     300     1200    700     400     400     600     900     200     100     200     0       
4290   1960 3400    2000    1100    1200    800     800     400     900     300     500     0       300     300     0       500     0       100     300     200     
4290   1961 6200    2600    3300    1100    2000    600     2300    0       900     1100    800     100     100     300     200     1800    400     100     400     
4290   1962 2800    1500    1600    1000    1000    400     800     600     0       0       900     100     200     100     100     200     400     200     0       
4290   1963 1900    600     1100    0       400     500     1000    0       0       0       0       400     0       200     300     200     100     700     0       
4290   1964 3600    900     2900    100     900     1800    500     0       100     0       400     500     700     700     400     200     0       300     300     
4290   1965 1100    700     400     400     200     200     300     100     0       0       100     100     0       100     100     0       200     100     300     
4290   1966 5600    2500    2600    2100    1500    1100    1200    500     1300    100     600     800     900     0       200     100     1000    100     0       
4290   1967 4000    2300    1800    900     800     900     1300    400     500     300     0       500     200     500     200     400     800     100     100     
4290   1968 2900    1800    1400    400     1300    400     900     300     0       500     700     100     200     200     0       200     300     400     0       
4290   1969 3800    900     2300    200     700     1300    1600    100     100     0       400     300     100     900     300     300     800     500     0       
4290   1970 1600    1300    700     0       100     500     900     0       0       0       0       100     400     0       100     100     200     600     100     
4290   1971 2500    1300    1300    500     800     500     200     400     0       0       100     700     0       400     100     0       200     0       600     
4290   1972 2600    1800    1300    900     800     1200    300     100     200     700     0       100     100     600     500     0       0       300     0       
4290   1973 2200    400     1900    0       400     1100    500     0       0       100     0       300     200     400     500     500     0       0       200     
4290   1974 5600    2700    1500    1900    1300    800     700     1000    700     800     500     0       0       0       800     200     0       500     1100    
4290   1975 5100    4000    2600    3100    600     1700    800     1700    300     400     100     100     400     400     900     700     100     0       0       
4290   1976 3300    800     2100    700     400     1600    600     600     100     0       100     300     700     800     100     100     300     200     0       
4290   1977 3700    2600    700     1300    900     400     1100    500     800     800     0       100     400     0       0       200     600     300     0       
4290   1978 3500    1900    1100    400     900     800     500     100     300     600     200     100     500     100     200     0       400     100     900     
4290   1979 2700    1500    1100    1000    400     500     600     0       100     0       100     300     500     0       0       200     300     100     1100    
4290   1980 3700    2300    1600    1800    400     900     1300    300     400     100     300     0       400     100     400     400     100     800     400     
4290   1981 4900    2700    2600    500     2700    1000    1000    0       100     1300    700     700     400     300     300     200     0       800     100     
4290   1982 5400    1800    3400    800     800     1800    1800    600     100     200     200     400     900     800     100     1000    100     700     300     
4290   1983 6800    2800    3800    1600    900     3000    1100    1200    100     400     500     0       600     1300    1100    300     200     600     500     
4290   1984 1900    1300    1100    500     200     800     800     0       0       0       100     100     100     300     400     100     300     400     100     
4290   1985 3000    800     1500    100     1000    500     500     0       0       0       500     500     100     100     300     0       500     0       1000    
4290   1986 3300    1700    1900    1200    900     1000    1000    200     0       0       100     800     600     200     200     0       300     700     200     
4290   1987 3200    1600    1600    500     700     600     600     100     200     100     400     200     200     200     200     400     100     100     1000    
4290   1988 -999999 -999999 -999999 -999999 -999999 -999999 -999999 -999999 -999999 -999999 -999999 -999999 -999999 -999999 -999999 -999999 -999999 -999999 -999999 
4290   1989 -999999 -999999 2900    -999999 -999999 1300    1800    -999999 -999999 -999999 400     900     300     600     400     300     1200    300     1000    
4290   1990 6600    5600    2300    3000    1900    1500    1100    700     1300    1100    100     700     200     200     1100    0       700     400     100     
4290   1991 4600    3800    1500    1200    1900    800     600     900     200     1500    400     0       0       500     300     300     100     200     200     
4290   1992 4600    2000    2400    1300    1400    1400    400     500     600     400     200     800     400     200     800     0       0       400     300     
4290   1993 4000    2300    2200    1400    2200    500     0       1000    100     500     900     800     300     100     100     0       0       0       200     
4290   1994 6800    1800    3200    1200    1200    2600    1400    900     100     600     600     0       500     1600    500     0       200     1200    600     
4290   1995 5900    3400    3200    1900    1300    2000    1200    200     1100    100     700     500     0       900     1100    0       1100    100     100     
4290   1996 2900    1600    2100    400     700     1400    500     300     0       0       600     100     700     0       700     0       200     300     0       
4290   1997 5800    2600    3000    900     2000    1800    700     100     800     1200    300     500     300     0       1500    400     100     200     400     
4290   1998 6200    4100    2400    3200    1700    1000    400     1500    1300    600     600     500     300     100     600     300     100     0       300     
4290   1999 5500    2000    3300    1300    1700    1000    1500    1000    0       600     800     300     100     700     200     1200    200     100     300     
4290   2000 7700    1900    4500    1200    2800    1300    1600    400     500     400     1000    1400    900     0       400     800     500     300     1100    
4290   2001 6100    3800    2700    2500    1500    1600    1300    600     800     500     200     800     100     600     900     100     1100    100     300     
4290   2002 7100    4300    3100    2600    1300    2100    1300    1100    1200    500     300     500     600     400     1100    200     200     900     100     
4290   2003 8300    2800    5300    700     2500    3600    1300    400     200     1000    700     800     1300    800     1500    200     0       1100    300     
4290   2004 4600    2700    2600    1200    1100    1600    900     0       900     400     600     100     200     400     1000    300     500     100     100     
4290   2005 5500    2500    2800    1200    1800    900     1700    1000    100     700     400     700     400     300     200     800     600     300     0       
4290   2006 6900    1400    3600    300     800     2100    2700    0       300     200     200     400     700     1400    0       900     800     1000    1000    
4290   2007 6500    6100    2900    4000    2000    1200    0       1600    1400    300     1000    700     800     300     100     0       0       0       300     
4290   2008 4800    2400    2300    2200    1200    1200    400     1000    900     200     100     900     700     500     0       100     0       300     100     
4290   2009 5300    600     3300    200     2100    1000    2100    0       100     100     1700    300     100     300     600     300     100     1700    0       
4290   2010 3400    2200    2400    0       1000    1800    600     0       0       400     500     100     700     900     200     0       100     500     0       
4290   2011 5700    1800    3000    800     2000    700     1800    600     200     400     1200    400     300     0       400     700     700     400     400     
4290   2012 5700    3800    2500    1600    2400    1000    600     800     400     1100    400     900     200     300     500     200     300     100     500     
4290   2013 4300    1600    2200    1200    700     1200    1300    700     0       0       500     200     400     400     400     300     800     200     400     
4290   2014 7800    4100    3200    2000    2900    1100    2000    900     700     1100    1400    400     500     600     0       300     900     800     200     
4290   2015 6900    2500    3000    500     700     2500    1600    300     0       300     300     100     100     900     1500    100     0       1500    1800    
4290   2016 5700    4600    3700    3100    1000    1700    1400    700     600     0       300     700     600     600     500     1000    0       400     300     
4290   2017 4600    2500    1600    1200    1700    700     1000    0       900     900     200     600     400     100     200     100     800     100     300     
4290   2018 9500    2800    5900    1700    3000    2600    2000    1400    0       200     1500    1300    600     900     1100    500     900     600     500     
4290   2019 6600    3500    2900    1600    900     2400    1400    300     800     400     500     0       900     600     900     0       1000    400     800     
4290   2020 6300    4000    2700    2400    1200    1400    1500    800     800     200     800     200     100     0       1300    300     400     800     600     
4290   2021 4100    3100    1900    1500    500     900     1200    0       900     400     0       100     900     0       0       900     200     100     600     
