EUROPEAN CLIMATE ASSESSMENT & DATASET (ECA&D), file created on: 20-01-2022
THESE DATA CAN BE USED FOR NON-COMMERCIAL RESEARCH AND EDUCATION PROVIDED THAT THE FOLLOWING SOURCE IS ACKNOWLEDGED: 

Klein Tank, A.M.G. and Coauthors, 2002. Daily dataset of 20th-century surface
air temperature and precipitation series for the European Climate Assessment.
Int. J. of Climatol., 22, 1441-1453.
Data and metadata available at http://www.ecad.eu

FILE FORMAT (MISSING VALUE CODE = -999999):

THIS FILE HOLDS DATA FOR STATION FINLAND                                  SODANKYLA AWS                            (STAID:   7809)
LATITUDE: dd:mm:ss +67:22:04
LONGITUDE: ddd:mm:ss +026:37:58
ELEVATION: m  179

DATA IS FOR INDEX Days with TN > 90th percentile of daily min temp (warm nights) (TN90p) with unit 0.01 No of days

01-06 SOUID: Source identifier
08-11 YEAR : YYYY
13-20 ANNUAL DATA VALUES
21-28 WINTER HALF YEAR DATA VALUES
29-36 SUMMER HALF YEAR DATA VALUES
37-44 WINTER (DJF) DATA VALUES
45-52 SPRING (MAM) DATA VALUES
53-60 SUMMER (JJA) DATA VALUES
61-68 AUTUMN (SON) DATA VALUES
69-76 JANUARY DATA VALUES
etc. 
157-164 DECEMBER DATA VALUES

7809   1908 1600    -999999 900     -999999 400     300     200     300     100     0       300     100     100     0       200     200     0       0       300     
7809   1909 2200    -999999 700     1000    0       700     400     700     0       0       0       0       100     100     500     0       400     0       400     
7809   1910 -999999 -999999 -999999 -999999 -999999 600     -999999 400     1200    0       200     800     500     0       100     -999999 0       0       -999999 
7809   1911 -999999 -999999 1700    -999999 500     700     -999999 200     -999999 0       200     300     200     100     400     500     0       0       100     
7809   1912 1900    -999999 1300    -999999 400     1100    300     100     0       300     100     0       500     0       600     100     0       200     0       
7809   1913 1500    500     800     300     600     200     400     200     100     0       500     100     0       200     0       0       100     300     0       
7809   1914 2900    1300    1100    800     300     700     700     200     600     100     200     0       200     500     0       200     200     300     400     
7809   1915 1900    1400    800     900     300     500     600     200     300     0       200     100     0       500     0       0       100     500     0       
7809   1916 2200    1300    1000    700     500     500     400     300     400     0       400     100     0       400     100     0       0       400     100     
7809   1917 2600    800     1500    400     100     1400    700     300     0       0       100     0       200     200     1000    0       500     200     100     
7809   1918 -999999 -999999 -999999 300     -999999 200     1000    0       200     -999999 -999999 200     0       200     0       100     100     800     100     
7809   1919 2500    1900    1500    800     300     1300    100     700     0       200     0       100     300     900     100     100     0       0       100     
7809   1920 4700    1500    2300    600     1700    900     1000    200     300     900     300     500     300     400     200     600     100     300     600     
7809   1921 3600    2100    2400    1200    1500    1200    200     400     200     500     400     600     500     100     600     200     0       0       100     
7809   1922 2400    400     2000    400     400     1200    500     100     200     0       0       400     700     200     300     400     100     0       0       
7809   1923 2500    1400    400     900     500     200     300     800     100     400     100     0       100     0       100     100     200     0       600     
7809   1924 3100    1100    1200    900     0       900     1100    300     0       0       0       0       0       0       900     300     700     100     800     
7809   1925 4100    3500    2000    2600    700     1300    200     1200    600     100     200     400     100     700     500     100     0       100     100     
7809   1926 2100    700     600     500     400     200     1000    200     200     100     300     0       200     0       0       100     200     700     100     
7809   1927 1500    1700    800     600     200     800     0       400     100     200     0       0       200     400     200     0       0       0       0       
7809   1928 2200    700     800     600     400     200     700     200     400     100     200     100     0       0       200     300     100     300     300     
7809   1929 4600    1600    900     800     600     200     1600    400     100     400     0       200     200     0       0       500     500     600     1700    
7809   1930 5400    4700    2200    3400    1100    1300    1100    1500    200     200     300     600     200     200     900     0       900     200     200     
7809   1931 3600    1700    1900    600     700     1100    1000    0       400     0       100     600     0       700     400     100     0       900     400     
7809   1932 4400    2700    1400    1800    500     900     800     1100    300     0       500     0       100     300     500     0       200     600     800     
7809   1933 3300    3300    1300    2300    400     900     300     1400    100     200     200     0       100     600     200     200     0       100     200     
7809   1934 6300    2200    3300    1500    1300    1200    1800    1200    100     600     0       700     100     800     300     1400    200     200     700     
7809   1935 3300    2100    1100    1200    1100    400     700     300     200     500     600     0       200     200     0       100     0       600     600     
7809   1936 4800    1300    2900    700     700     2000    1300    100     0       0       400     300     1200    300     500     200     200     900     700     
7809   1937 5100    2400    3500    1300    1200    2100    1100    600     0       0       800     400     900     600     600     200     400     500     100     
7809   1938 8200    3000    3100    1500    800     2200    2500    500     900     600     100     100     500     1000    700     700     800     1000    1300    
7809   1939 2200    3700    700     1700    300     400     800     100     300     200     0       100     0       200     200     200     0       600     300     
7809   1940 2800    1000    1900    400     700     500     1500    100     0       0       0       700     100     200     200     700     300     500     0       
7809   1941 2100    1100    1400    300     200     1200    300     300     0       0       100     100     0       600     600     0       0       300     100     
7809   1942 1800    500     1100    100     500     600     300     0       0       100     300     100     0       0       600     100     200     0       400     
7809   1943 4900    2200    2100    1600    1100    1200    800     500     700     400     200     500     300     600     300     200     200     400     600     
7809   1944 -999999 2000    -999999 1400    100     900     -999999 400     400     0       100     0       200     100     600     -999999 -999999 -999999 800     
7809   1945 2800    -999999 1700    1600    400     1100    500     100     700     200     200     0       0       600     500     400     0       100     0       
7809   1946 3900    600     2000    500     600     1200    300     500     0       0       200     400     300     400     500     200     0       100     1300    
7809   1947 2700    1400    2500    1300    400     1800    500     0       0       0       100     300     1100    600     100     300     200     0       0       
7809   1948 4300    800     2700    200     2000    700     1100    100     100     400     700     900     500     0       200     400     300     400     300     
7809   1949 6800    3000    2400    2100    1500    200     2400    700     1100    200     600     700     0       100     100     900     600     900     900     
7809   1950 4200    3200    1900    1400    1200    700     800     300     200     300     600     300     400     0       300     300     500     0       1000    
7809   1951 4400    2000    2300    1200    800     1500    1300    0       200     300     500     0       0       100     1400    300     500     500     600     
7809   1952 -999999 2300    1200    1300    400     800     100     500     200     0       300     100     300     500     0       0       0       100     -999999 
7809   1953 4700    -999999 2300    -999999 1700    800     900     0       100     400     800     500     500     0       300     200     500     200     1200    
7809   1954 3800    2500    2100    1500    800     1300    400     200     100     300     0       500     300     900     100     300     0       100     1000    
7809   1955 2200    1400    1800    1300    100     1100    600     0       300     0       100     0       100     400     600     600     0       0       100     
7809   1956 1300    400     600     400     200     300     100     300     0       0       0       200     300     0       0       100     0       0       400     
7809   1957 2400    800     1400    700     200     1100    700     0       300     100     100     0       0       700     400     200     0       500     100     
7809   1958 2000    700     600     200     0       300     1600    0       100     0       0       0       0       200     100     300     500     800     0       
7809   1959 6000    3600    2400    1100    2400    1200    700     400     700     1200    400     800     500     300     400     0       300     400     600     
7809   1960 4800    1600    4000    800     1400    1700    1000    100     100     100     400     900     300     1000    400     1000    0       0       500     
7809   1961 6700    1900    2600    1400    500     2200    2900    500     400     500     0       0       900     1200    100     400     2000    500     200     
7809   1962 2500    3600    700     1100    600     0       1000    500     400     0       500     100     0       0       0       100     200     700     0       
7809   1963 4300    1000    3700    100     1900    1100    1000    100     0       0       500     1400    200     100     800     700     100     200     200     
7809   1964 4400    1800    1400    1300    1000    600     1100    1100    0       200     100     700     0       300     300     0       800     300     600     
7809   1965 2400    2100    1800    1000    700     600     700     400     0       0       700     0       0       0       600     500     0       200     0       
7809   1966 2900    200     1900    0       700     1100    800     0       0       0       400     300     600     300     200     100     0       700     300     
7809   1967 5900    2500    2900    600     1600    1800    2200    0       300     1200    200     200     400     300     1100    700     200     1300    0       
7809   1968 1600    1700    900     0       500     400     400     0       0       200     200     100     200     100     100     200     0       200     300     
7809   1969 2000    700     1300    500     100     1100    400     100     100     0       100     0       0       400     700     100     100     200     200     
7809   1970 3000    500     2100    200     0       1400    1300    0       0       0       0       0       700     600     100     700     0       600     300     
7809   1971 2700    1900    1200    1300    100     900     400     800     200     0       0       100     200     300     400     200     0       200     300     
7809   1972 5500    1200    3200    800     700     2400    400     400     100     200     300     200     600     1300    500     300     100     0       1500    
7809   1973 3100    2800    1800    2400    700     1400    100     500     400     300     300     100     500     500     400     0       0       100     0       
7809   1974 6300    1500    2900    1400    400     1600    1100    700     700     0       400     0       500     600     500     900     100     100     1800    
7809   1975 5100    4300    2300    3300    2300    300     800     800     700     800     300     1200    100     100     100     500     0       300     200     
7809   1976 3000    1200    1400    900     1200    100     300     100     600     0       500     700     0       0       100     100     0       200     700     
7809   1977 2500    2200    600     1400    900     200     500     600     100     600     300     0       0       100     100     100     0       400     200     
7809   1978 2300    2200    600     900     900     400     300     600     100     900     0       0       200     100     100     200     0       100     0       
7809   1979 3800    800     2000    100     1300    1100    500     0       100     600     100     600     300     100     700     200     0       300     800     
7809   1980 2800    1100    2400    800     300     1900    500     0       0       0       100     200     1300    300     300     200     300     0       100     
7809   1981 2300    700     1600    400     400     1000    600     300     0       0       200     200     200     600     200     200     400     0       0       
7809   1982 4300    1900    1300    700     1000    700     1400    0       700     800     100     100     0       400     300     400     200     800     500     
7809   1983 4600    2600    3200    1300    1600    900     1200    500     300     300     1000    300     400     300     200     1000    200     0       100     
7809   1984 3900    1500    1600    1300    1100    400     500     500     700     0       200     900     200     0       200     100     400     0       700     
7809   1985 1700    1500    1100    700     500     800     400     0       0       400     0       100     0       200     600     200     200     0       0       
7809   1986 4900    1700    1800    300     2400    600     1400    300     0       1200    600     600     500     100     0       0       500     900     200     
7809   1987 2600    1800    400     300     200     300     1900    100     0       100     100     0       100     100     100     0       1900    0       100     
7809   1988 4100    3200    2700    1200    700     1600    700     500     600     100     600     0       600     700     300     500     100     100     0       
7809   1989 7000    2800    3500    1100    3600    1100    800     600     500     1500    1200    900     300     200     600     300     0       500     400     
7809   1990 4800    2900    1900    2100    1600    600     100     0       1700    300     900     400     200     0       400     0       100     0       800     
7809   1991 4200    1800    2000    1700    800     1100    1000    600     300     0       800     0       100     300     700     100     500     400     400     
7809   1992 5900    3600    2600    1700    2000    600     1100    800     500     1000    300     700     500     100     0       1000    0       100     900     
7809   1993 3200    2400    1400    2200    800     700     100     800     500     100     300     400     100     200     400     0       0       100     300     
7809   1994 3200    600     1900    500     1100    800     200     100     100     0       900     200     100     400     300     0       100     100     900     
7809   1995 3400    3100    1200    2400    900     700     200     700     800     500     100     300     400     0       300     100     100     0       100     
7809   1996 3100    900     1000    800     0       800     1200    600     100     0       0       0       100     0       700     200     600     400     400     
7809   1997 3400    2000    2300    800     300     1600    600     200     200     200     0       100     700     600     300     600     0       0       500     
7809   1998 4600    1500    2000    1100    900     1000    1500    400     200     400     400     100     0       700     300     500     300     700     600     
7809   1999 5200    2700    3400    1400    700     2100    1600    500     300     300     400     0       1200    800     100     900     200     500     0       
7809   2000 7400    1400    3500    500     1300    1800    3400    300     200     200     500     600     500     1000    300     600     1500    1300    400     
7809   2001 5000    4400    2900    1600    900     1300    1200    900     300     0       500     400     300     600     400     700     200     300     400     
7809   2002 3900    1900    2900    1100    1600    1500    100     400     300     300     800     500     400     400     700     100     0       0       0       
7809   2003 6000    1700    3400    800     1900    2100    1000    0       800     900     200     800     0       1500    600     300     100     600     200     
7809   2004 5300    2200    3300    1100    1200    1400    1400    600     300     400     300     500     100     600     700     1100    0       300     400     
7809   2005 6700    2300    3100    1900    500     2200    2500    900     600     100     100     300     500     300     1400    500     1100    900     0       
7809   2006 5900    2900    3100    700     1000    1800    1500    700     0       200     500     300     800     400     600     500     0       1000    900     
7809   2007 5800    3100    2200    1400    1200    1500    1700    500     0       700     200     300     200     200     1100    200     1400    100     900     
7809   2008 5300    4700    1700    2700    1300    800     400     1100    700     500     500     300     200     200     400     100     100     200     1000    
7809   2009 4900    2000    2900    1400    800     1700    1700    300     100     300     200     300     500     400     800     700     0       1000    300     
7809   2010 5000    1400    4300    400     2100    2000    800     100     0       0       1100    1000    200     1200    600     200     500     100     0       
7809   2011 7600    1200    5000    200     2000    2400    1900    100     100     400     1000    600     800     1100    500     1000    200     700     1100    
7809   2012 3200    2700    1600    1500    1100    500     1200    100     300     300     400     400     100     300     100     300     300     600     0       
7809   2013 7100    1700    5600    800     1800    2700    1200    300     500     0       700     1100    900     700     1100    1100    100     0       600     
7809   2014 8500    4100    4200    2800    1900    3000    800     600     1600    1200    300     400     600     1300    1100    500     100     200     600     
7809   2015 7300    3300    3600    1900    2500    800     2300    200     1100    1100    800     600     100     200     500     1400    200     700     400     
7809   2016 7100    3300    4300    1600    2300    1600    1700    100     1100    800     1100    400     500     600     500     1200    100     400     300     
7809   2017 3500    1900    1800    1000    800     1000    900     300     400     400     200     200     300     200     500     400     100     400     100     
7809   2018 7000    1400    4700    900     1300    2700    1900    400     400     0       100     1200    200     1400    1100    700     200     1000    300     
7809   2019 5800    2500    3300    1000    900     2000    1300    200     500     300     300     300     400     300     1300    700     0       600     900     
7809   2020 7600    3300    2600    2200    700     2100    2700    500     800     500     100     100     900     500     700     300     1100    1300    800     
7809   2021 4500    3800    2800    900     900     2400    1000    0       100     500     100     300     600     1000    800     0       500     500     100     
