EUROPEAN CLIMATE ASSESSMENT & DATASET (ECA&D), file created on: 20-01-2022
THESE DATA CAN BE USED FOR NON-COMMERCIAL RESEARCH AND EDUCATION PROVIDED THAT THE FOLLOWING SOURCE IS ACKNOWLEDGED: 

Klein Tank, A.M.G. and Coauthors, 2002. Daily dataset of 20th-century surface
air temperature and precipitation series for the European Climate Assessment.
Int. J. of Climatol., 22, 1441-1453.
Data and metadata available at http://www.ecad.eu

FILE FORMAT (MISSING VALUE CODE = -999999):

THIS FILE HOLDS DATA FOR STATION RUSSIAN FEDERATION                       AKSAKOVO                                 (STAID:   3809)
LATITUDE: dd:mm:ss +54:01:59
LONGITUDE: ddd:mm:ss +054:10:59
ELEVATION: m  348

DATA IS FOR INDEX Days with TN > 90th percentile of daily min temp (warm nights) (TN90p) with unit 0.01 No of days

01-06 SOUID: Source identifier
08-11 YEAR : YYYY
13-20 ANNUAL DATA VALUES
21-28 WINTER HALF YEAR DATA VALUES
29-36 SUMMER HALF YEAR DATA VALUES
37-44 WINTER (DJF) DATA VALUES
45-52 SPRING (MAM) DATA VALUES
53-60 SUMMER (JJA) DATA VALUES
61-68 AUTUMN (SON) DATA VALUES
69-76 JANUARY DATA VALUES
etc. 
157-164 DECEMBER DATA VALUES

3809   1936 5200    -999999 3100    -999999 200     2500    1900    100     0       0       0       200     1000    500     1000    400     600     900     500     
3809   1937 2700    2400    1400    500     400     700     1400    0       0       400     0       0       0       200     500     700     300     400     200     
3809   1938 4500    1100    2900    400     600     1400    2300    100     100     0       400     200     300     200     900     900     700     700     0       
3809   1939 -999999 1900    1800    400     700     1200    0       0       400     100     200     400     800     200     200     0       0       0       -999999 
3809   1940 5600    -999999 4000    -999999 1100    2300    1900    100     0       500     600     0       200     1000    1100    1100    0       800     200     
3809   1941 2200    1500    1400    500     200     800     800     0       300     200     0       0       0       100     700     600     200     0       100     
3809   1942 2100    300     1700    100     500     1200    400     0       0       0       0       500     400     400     400     0       0       400     0       
3809   1943 2800    900     2000    100     1500    700     400     0       100     400     200     900     100     300     300     200     200     0       100     
3809   1944 3200    1900    1500    1000    1400    300     600     700     200     700     100     600     300     0       0       500     100     0       0       
3809   1945 1100    200     700     0       100     500     400     0       0       100     0       0       0       0       500     200     200     0       100     
3809   1946 2500    1800    800     1600    200     300     500     500     1000    0       0       200     0       0       300     300     0       200     0       
3809   1947 4200    1000    1500    200     1100    700     1600    100     100     600     500     0       0       400     300     300     300     1000    600     
3809   1948 4300    2700    2700    1300    800     1700    1000    700     0       100     0       700     1200    100     400     300     400     300     100     
3809   1949 3400    1900    2000    1100    400     1700    300     600     400     100     0       300     800     200     700     0       300     0       0       
3809   1950 3100    700     1900    300     1000    500     1200    0       300     100     800     100     0       400     100     500     200     500     100     
3809   1951 4000    1300    3300    200     1600    1400    700     100     0       400     1200    0       700     200     500     700     0       0       200     
3809   1952 4200    400     3300    400     800     1600    1600    200     0       0       0       800     500     700     400     900     400     300     0       
3809   1953 3500    1300    2700    400     400     2100    500     100     300     200     100     100     100     600     1400    400     100     0       100     
3809   1954 5700    300     3400    100     100     3000    2300    0       0       100     0       0       900     1300    800     400     500     1400    300     
3809   1955 3600    3100    1700    1000    800     1000    1000    300     400     200     300     300     600     0       400     100     800     100     100     
3809   1956 3400    1200    1500    300     400     1100    1000    200     0       0       400     0       700     0       400     0       800     200     700     
3809   1957 6800    2800    4100    1600    1400    1700    2100    400     500     200     0       1200    900     300     500     1200    400     500     700     
3809   1958 3800    3300    1600    2000    700     1300    400     400     900     400     0       300     900     0       400     0       400     0       100     
3809   1959 -999999 -999999 900     -999999 600     300     400     500     -999999 100     200     300     0       200     100     100     300     0       0       
3809   1960 3300    1100    1200    800     0       900     600     200     600     0       0       0       700     0       200     300     100     200     1000    
3809   1961 4100    2600    1100    1300    1700    400     900     300     0       1000    600     100     100     0       300     0       400     500     800     
3809   1962 5800    4100    2800    2400    2300    1100    800     700     900     800     600     900     200     800     100     200     300     300     0       
3809   1963 2700    1000    500     300     100     200     1900    0       300     100     0       0       100     100     0       300     900     700     200     
3809   1964 2400    2300    1200    700     0       800     800     500     0       0       0       0       300     400     100     400     100     300     300     
3809   1965 3200    1600    1000    800     700     600     600     400     100     400     100     200     100     300     200     100     200     300     800     
3809   1966 4500    2700    2800    1700    1500    1300    800     400     500     500     500     500     100     600     600     500     300     0       0       
3809   1967 4600    300     3100    0       2000    1100    1300    0       0       0       1100    900     300     100     700     0       900     400     200     
3809   1968 2400    2000    1800    500     1100    500     400     200     100     200     200     700     300     0       200     400     0       0       100     
3809   1969 1600    200     1000    200     200     400     900     0       100     0       100     100     300     0       100     400     0       500     0       
3809   1970 2400    1300    1400    700     700     500     500     200     500     100     300     300     0       200     300     300     100     100     0       
3809   1971 5500    700     2600    400     300     1500    2900    400     0       100     0       200     200     800     500     900     500     1500    400     
3809   1972 3400    2500    1900    500     500     1300    600     0       100     0       300     200     200     100     1000    100     100     400     900     
3809   1973 3400    2000    1700    1300    1300    600     400     100     300     200     900     200     600     0       0       0       100     300     700     
3809   1974 5300    2900    1600    1400    2000    600     1600    100     600     1100    300     600     0       200     400     100     800     700     400     
3809   1975 6000    3300    4500    1300    2500    1700    900     700     200     500     1400    600     700     600     400     800     0       100     0       
3809   1976 2700    1000    1700    900     400     900     400     600     300     0       100     300     200     0       700     400     0       0       100     
3809   1977 -999999 -999999 -999999 100     -999999 1000    -999999 0       -999999 -999999 -999999 500     500     100     400     -999999 -999999 -999999 0       
3809   1978 2700    -999999 800     -999999 1000    600     200     600     300     900     100     0       400     0       200     100     100     0       0       
3809   1979 4100    700     2000    100     1100    600     1500    0       100     500     0       600     100     0       500     800     200     500     800     
3809   1980 1900    1600    1000    900     500     200     600     0       100     0       0       500     200     0       0       300     300     0       500     
3809   1981 5500    2300    2500    1900    300     2100    1300    600     800     100     0       200     500     500     1100    200     300     800     400     
3809   1982 4700    1700    2800    400     1200    1100    1600    0       0       200     900     100     200     500     400     700     600     300     800     
3809   1983 5100    4200    1900    3100    1000    800     900     1100    1200    200     600     200     0       600     200     300     500     100     100     
3809   1984 4200    -999999 2200    1100    -999999 1200    1200    1000    0       -999999 0       700     400     800     0       300     600     300     0       
3809   1985 3000    1500    2000    600     200     1100    900     500     100     0       0       200     700     0       400     700     200     0       200     
3809   1986 2000    1200    1000    700     900     300     300     500     0       300     500     100     100     200     0       100     200     0       0       
3809   1987 3000    600     2500    400     400     2000    100     0       400     0       0       400     1000    800     200     100     0       0       100     
3809   1988 3500    1000    1800    900     100     1800    200     400     400     100     0       0       900     400     500     0       200     0       600     
3809   1989 5900    2500    3000    2300    200     2400    1000    800     900     0       0       200     500     1600    300     400     600     0       600     
3809   1990 4900    4200    800     2300    1700    300     1000    700     1000    1300    300     100     300     0       0       100     500     400     200     
3809   1991 6400    2300    3100    1200    1600    1300    2400    800     200     200     700     700     600     400     300     400     1600    400     100     
3809   1992 3200    3400    1100    900     600     300     1500    500     300     500     100     0       100     0       200     700     300     500     0       
3809   1993 2800    2000    700     1100    300     500     600     800     300     100     0       200     0       200     300     0       600     0       300     
3809   1994 3500    1300    1500    700     500     500     1900    400     0       0       100     400     200     0       300     500     800     600     200     
3809   1995 10500   4700    5900    1500    4500    2500    2100    300     1000    1800    2100    600     1200    600     700     700     1000    400     100     
3809   1996 3800    1700    3000    300     1000    1400    1200    0       200     0       0       1000    700     400     300     600     300     300     0       
3809   1997 4700    1700    2100    800     600     1600    1400    300     500     300     200     100     1100    100     400     200     1000    200     300     
3809   1998 6100    2400    3400    900     900     2500    1300    300     300     300     0       600     1200    600     700     300     800     200     800     
3809   1999 7500    4400    2800    3300    600     1700    2000    1100    1400    100     300     200     400     700     600     600     1100    300     700     
3809   2000 5300    4100    2400    2400    800     1700    600     1000    700     300     500     0       700     600     400     200     200     200     500     
3809   2001 4900    3100    1800    1800    1200    1000    1200    1100    200     900     100     200     0       500     500     500     500     200     200     
3809   2002 7500    5400    1500    3300    1500    1000    1900    1200    1900    1400    0       100     0       700     300     400     1000    500     0       
3809   2003 4300    2200    1700    700     100     1200    1600    500     200     0       0       100     0       400     800     400     1200    0       700     
3809   2004 7000    3300    3400    1500    1400    1700    2400    500     300     600     0       800     500     500     700     900     600     900     700     
3809   2005 5000    3200    2700    1300    1600    1100    1100    600     0       400     400     800     200     600     300     400     500     200     600     
3809   2006 6400    2300    3200    1100    1500    1600    1600    400     100     500     800     200     800     200     600     600     600     400     1200    
3809   2007 6100    3800    3900    2800    1000    2300    1200    1500    100     0       0       1000    500     600     1200    600     500     100     0       
3809   2008 7700    2700    2900    500     2800    1400    2000    100     400     1600    1000    200     400     400     600     300     500     1200    1000    
3809   2009 6300    3800    2900    1300    1300    1700    2100    300     0       800     200     300     1200    0       500     700     700     700     900     
3809   2010 8000    2300    6000    900     1300    4100    2200    0       0       0       300     1000    1300    1000    1800    600     200     1400    400     
3809   2011 3900    2200    2500    400     700     1400    1600    0       0       200     0       500     100     900     400     600     700     300     200     
3809   2012 8100    2000    5500    700     3000    2400    1900    500     0       300     1600    1100    700     700     1000    400     1000    500     300     
3809   2013 7200    2800    3700    800     1700    2100    2700    200     300     500     700     500     800     0       1300    400     700     1600    200     
3809   2014 5400    4000    2500    1100    1800    1300    1000    700     200     600     0       1200    100     200     1000    0       700     300     400     
3809   2015 6300    2800    3600    1600    1000    1800    1300    700     500     200     0       800     1600    100     100     1000    0       300     1000    
3809   2016 7500    4100    3900    2700    2100    2400    1100    400     1300    1100    900     100     0       100     2300    500     400     200     200     
3809   2017 4300    2000    1600    1000    600     1000    1500    100     700     400     0       200     100     300     600     400     600     500     400     
3809   2018 3000    1600    2000    500     300     1300    1300    100     0       0       0       300     300     500     500     400     600     300     0       
3809   2019 -999999 2100    -999999 400     2400    -999999 -999999 100     300     800     400     1200    500     -999999 -999999 -999999 -999999 -999999 -999999 
3809   2020 -999999 -999999 -999999 -999999 -999999 -999999 -999999 -999999 -999999 -999999 -999999 -999999 -999999 -999999 -999999 -999999 -999999 -999999 -999999 
3809   2021 -999999 -999999 -999999 -999999 -999999 -999999 -999999 -999999 -999999 -999999 -999999 -999999 -999999 -999999 -999999 -999999 -999999 -999999 -999999 
