EUROPEAN CLIMATE ASSESSMENT & DATASET (ECA&D), file created on: 20-01-2022
THESE DATA CAN BE USED FOR NON-COMMERCIAL RESEARCH AND EDUCATION PROVIDED THAT THE FOLLOWING SOURCE IS ACKNOWLEDGED: 

Klein Tank, A.M.G. and Coauthors, 2002. Daily dataset of 20th-century surface
air temperature and precipitation series for the European Climate Assessment.
Int. J. of Climatol., 22, 1441-1453.
Data and metadata available at http://www.ecad.eu

FILE FORMAT (MISSING VALUE CODE = -999999):

THIS FILE HOLDS DATA FOR STATION UNITED KINGDOM                           KIELDER CASTLE                           (STAID:   1836)
LATITUDE: dd:mm:ss +55:14:02
LONGITUDE: ddd:mm:ss -002:34:44
ELEVATION: m  201

DATA IS FOR INDEX Days with TN > 90th percentile of daily min temp (warm nights) (TN90p) with unit 0.01 No of days

01-06 SOUID: Source identifier
08-11 YEAR : YYYY
13-20 ANNUAL DATA VALUES
21-28 WINTER HALF YEAR DATA VALUES
29-36 SUMMER HALF YEAR DATA VALUES
37-44 WINTER (DJF) DATA VALUES
45-52 SPRING (MAM) DATA VALUES
53-60 SUMMER (JJA) DATA VALUES
61-68 AUTUMN (SON) DATA VALUES
69-76 JANUARY DATA VALUES
etc. 
157-164 DECEMBER DATA VALUES

1836   1960 2700    -999999 1400    -999999 1100    600     500     0       400     400     400     300     200     100     300     100     300     100     100     
1836   1961 4400    2700    2000    800     2900    300     400     0       700     1500    1000    400     100     100     100     300     100     0       100     
1836   1962 1700    900     500     800     300     100     500     200     500     0       0       300     0       100     0       100     100     300     100     
1836   1963 2400    900     1000    100     900     400     1000    0       0       400     400     100     100     100     200     100     400     500     100     
1836   1964 4100    1300    2700    400     1200    1000    1400    100     200     0       600     600     500     100     400     500     200     700     200     
1836   1965 2000    1800    900     800     300     400     700     400     200     100     100     100     400     0       0       300     200     200     0       
1836   1966 3200    1600    1900    700     700     1400    300     200     500     500     200     0       900     200     300     300     0       0       100     
1836   1967 2900    1600    1100    800     1100    600     200     300     400     800     100     200     200     300     100     200     0       0       300     
1836   1968 4100    1300    1300    1000    700     500     2100    700     0       300     400     0       100     400     0       400     1200    500     100     
1836   1969 3600    2200    2100    500     400     1200    1600    400     0       0       100     300     0       700     500     500     1000    100     0       
1836   1970 2800    1200    2500    0       900     1300    500     0       0       100     300     500     300     400     600     400     0       100     100     
1836   1971 5200    1100    2100    700     900     1000    1200    300     300     300     0       600     0       400     600     500     400     300     1500    
1836   1972 2300    -999999 1200    1800    1100    200     400     0       300     100     800     200     0       200     0       0       100     300     300     
1836   1973 4000    1500    2700    -999999 900     1400    1000    300     300     200     0       700     700     700     0       600     300     100     100     
1836   1974 3600    1800    1100    1400    300     700     300     600     700     0       0       300     200     200     300     100     0       200     1000    
1836   1975 4600    2100    2700    1900    800     1900    500     700     200     0       800     0       400     600     900     0       300     200     500     
1836   1976 5500    2600    3300    1900    1500    1200    1400    800     600     200     800     500     900     200     100     800     400     200     0       
1836   1977 3000    900     1300    0       600     600     1300    0       0       300     200     100     100     200     300     400     800     100     500     
1836   1978 3800    2200    1300    900     800     400     2200    200     200     400     300     100     300     0       100     500     800     900     0       
1836   1979 3500    1800    1700    0       500     900     1300    0       0       100     0       400     400     300     200     400     600     300     800     
1836   1980 3600    2500    1500    1600    200     800     1100    100     700     0       100     100     200     300     300     500     0       600     700     
1836   1981 3600    2600    -999999 1400    1400    1100    -999999 400     300     600     300     500     300     0       800     -999999 0       300     0       
1836   1982 4100    -999999 2200    -999999 800     1300    900     400     600     100     400     300     400     400     500     200     200     500     100     
1836   1983 4900    -999999 2200    -999999 400     1900    1400    800     0       400     0       0       300     1200    400     300     400     700     400     
1836   1984 3000    1700    1900    600     300     1400    -999999 100     100     0       200     100     600     500     300     -999999 300     500     100     
1836   1985 2800    -999999 1900    -999999 1200    500     600     0       100     100     900     200     100     300     100     300     300     0       400     
1836   1986 -999999 1100    -999999 700     300     -999999 600     300     0       100     0       200     500     400     -999999 200     100     300     200     
1836   1987 -999999 900     -999999 500     -999999 900     -999999 0       300     0       300     -999999 100     200     600     -999999 200     300     1000    
1836   1988 3600    2300    1200    1500    1000    400     900     300     200     300     400     300     300     100     0       100     700     100     800     
1836   1989 -999999 3700    2400    2600    1400    1300    -999999 1300    500     300     200     900     400     400     500     0       -999999 600     0       
1836   1990 -999999 -999999 -999999 1300    1700    -999999 -999999 600     700     1100    300     300     -999999 0       900     200     -999999 -999999 -999999 
1836   1991 -999999 -999999 -999999 -999999 -999999 1300    900     0       -999999 -999999 -999999 800     100     800     400     100     500     300     0       
1836   1992 3700    2000    2200    700     1200    1200    500     200     500     500     200     500     400     700     100     300     0       200     -999999 
1836   1993 2900    -999999 1700    -999999 1100    800     100     100     800     300     600     200     400     400     0       100     0       0       0       
1836   1994 -999999 500     2100    300     800     1500    1300    300     0       200     300     300     200     900     400     0       0       1300    -999999 
1836   1995 -999999 -999999 2300    -999999 1500    800     1900    -999999 400     200     700     600     100     700     0       200     800     900     100     
1836   1996 3100    -999999 1900    -999999 700     900     900     500     100     0       600     100     200     300     400     300     300     300     0       
1836   1997 6800    2400    3300    700     2100    1900    1500    100     600     1100    700     300     400     400     1100    400     400     700     600     
1836   1998 6300    4800    2900    2600    2400    900     800     400     1600    1100    600     700     300     400     200     700     100     0       200     
1836   1999 6300    1100    4300    500     2300    1700    2000    100     200     500     800     1000    300     1000    400     800     500     700     0       
1836   2000 -999999 -999999 1400    1100    -999999 800     500     500     600     -999999 100     200     200     200     400     300     0       200     600     
1836   2001 4900    900     2200    700     600     1600    2500    0       100     0       100     500     400     700     500     0       1500    1000    100     
1836   2002 -999999 4300    -999999 1400    2300    -999999 800     700     600     400     600     1300    600     -999999 -999999 400     0       400     400     
1836   2003 -999999 -999999 4100    -999999 2000    2100    900     800     -999999 400     700     900     600     1000    500     400     0       500     300     
1836   2004 6600    2300    4100    1400    2500    2000    800     600     500     400     1000    1100    700     400     900     0       100     700     200     
1836   2005 6300    3100    3100    700     2600    1800    1400    300     200     1600    400     600     1000    500     300     300     800     300     0       
1836   2006 6000    2000    3500    600     1400    1200    2500    100     500     300     200     900     400     500     300     1200    800     500     300     
1836   2007 -999999 -999999 -999999 -999999 -999999 -999999 1100    800     -999999 -999999 700     200     -999999 400     200     300     100     700     100     
1836   2008 -999999 2000    1900    1100    1000    800     -999999 500     500     100     100     800     200     300     300     200     100     -999999 100     
1836   2009 -999999 -999999 -999999 1300    -999999 -999999 -999999 100     1100    500     500     -999999 600     900     -999999 -999999 300     300     100     
1836   2010 4100    1200    3100    100     1400    1600    1100    0       0       500     600     300     800     700     100     600     300     200     0       
1836   2011 6300    -999999 3000    -999999 2600    700     2300    -999999 300     500     1300    800     400     0       300     200     1000    1100    200     
1836   2012 -999999 4700    -999999 1600    1800    -999999 700     400     1000    1000    200     600     -999999 -999999 300     300     0       400     100     
1836   2013 -999999 -999999 -999999 500     -999999 -999999 1300    300     100     -999999 -999999 -999999 -999999 -999999 800     400     900     0       300     
1836   2014 8200    2800    4900    1000    3700    1200    2600    300     400     900     1700    1100    800     400     0       900     800     900     0       
1836   2015 5000    2500    2300    -999999 900     1700    1200    100     300     400     200     300     400     700     600     100     300     800     800     
1836   2016 6300    3400    4200    2000    1700    1700    1300    900     300     300     600     800     400     800     500     1100    100     100     400     
1836   2017 7200    -999999 3800    -999999 2800    1500    1500    400     800     1000    700     1100    800     500     200     500     900     100     200     
1836   2018 6900    -999999 4700    -999999 2300    2300    1600    300     100     100     1000    1200    700     600     1000    200     500     900     -999999 
1836   2019 6300    -999999 3900    -999999 1500    2700    700     300     800     700     200     600     500     1300    900     400     0       300     300     
