EUROPEAN CLIMATE ASSESSMENT & DATASET (ECA&D), file created on: 20-01-2022
THESE DATA CAN BE USED FOR NON-COMMERCIAL RESEARCH AND EDUCATION PROVIDED THAT THE FOLLOWING SOURCE IS ACKNOWLEDGED: 

Klein Tank, A.M.G. and Coauthors, 2002. Daily dataset of 20th-century surface
air temperature and precipitation series for the European Climate Assessment.
Int. J. of Climatol., 22, 1441-1453.
Data and metadata available at http://www.ecad.eu

FILE FORMAT (MISSING VALUE CODE = -999999):

THIS FILE HOLDS DATA FOR STATION RUSSIAN FEDERATION                       KY'RA                                    (STAID:   3250)
LATITUDE: dd:mm:ss +49:34:00
LONGITUDE: ddd:mm:ss +111:58:00
ELEVATION: m  907

DATA IS FOR INDEX Days with TN > 90th percentile of daily min temp (warm nights) (TN90p) with unit 0.01 No of days

01-06 SOUID: Source identifier
08-11 YEAR : YYYY
13-20 ANNUAL DATA VALUES
21-28 WINTER HALF YEAR DATA VALUES
29-36 SUMMER HALF YEAR DATA VALUES
37-44 WINTER (DJF) DATA VALUES
45-52 SPRING (MAM) DATA VALUES
53-60 SUMMER (JJA) DATA VALUES
61-68 AUTUMN (SON) DATA VALUES
69-76 JANUARY DATA VALUES
etc. 
157-164 DECEMBER DATA VALUES

3250   1927 -999999 -999999 -999999 -999999 -999999 -999999 400     1800    -999999 -999999 -999999 -999999 -999999 -999999 -999999 300     0       100     0       
3250   1928 1700    400     1400    300     200     900     300     200     100     0       200     0       400     200     300     300     0       0       0       
3250   1929 -999999 -999999 -999999 0       900     -999999 700     0       0       300     200     400     0       -999999 -999999 200     300     200     0       
3250   1930 -999999 900     -999999 300     -999999 -999999 700     100     200     100     -999999 -999999 -999999 400     100     200     400     100     0       
3250   1931 -999999 -999999 -999999 -999999 200     -999999 -999999 -999999 0       100     0       100     300     300     -999999 -999999 -999999 -999999 -999999 
3250   1932 -999999 -999999 -999999 -999999 -999999 -999999 -999999 -999999 -999999 -999999 -999999 -999999 -999999 -999999 -999999 -999999 -999999 -999999 -999999 
3250   1933 -999999 -999999 -999999 -999999 -999999 -999999 600     -999999 -999999 -999999 -999999 -999999 -999999 -999999 -999999 300     0       300     0       
3250   1934 -999999 1000    -999999 500     600     -999999 -999999 0       500     200     0       400     -999999 -999999 -999999 -999999 -999999 -999999 -999999 
3250   1935 -999999 -999999 1000    -999999 100     1000    -999999 400     900     100     0       0       100     600     300     0       200     -999999 0       
3250   1936 -999999 -999999 -999999 -999999 -999999 400     700     0       -999999 -999999 100     -999999 0       100     300     100     500     100     0       
3250   1937 -999999 800     700     200     100     600     100     100     100     0       100     0       100     100     400     0       100     0       -999999 
3250   1938 1600    -999999 1500    -999999 900     600     0       0       0       0       800     100     100     300     200     0       0       0       100     
3250   1939 4500    600     2700    500     1200    1500    600     200     200     100     900     200     100     200     1200    100     200     300     800     
3250   1940 3000    2000    1700    1000    1100    700     800     0       200     500     400     200     300     400     0       400     100     300     200     
3250   1941 3200    1400    1700    700     600     1100    1000    500     0       300     100     200     200     400     500     300     200     500     0       
3250   1942 -999999 -999999 -999999 -999999 -999999 -999999 -999999 -999999 -999999 -999999 400     0       300     200     -999999 300     100     -999999 -999999 
3250   1943 -999999 -999999 -999999 -999999 -999999 -999999 -999999 0       400     100     400     -999999 300     200     -999999 -999999 -999999 -999999 -999999 
3250   1944 -999999 -999999 -999999 -999999 -999999 1200    -999999 -999999 -999999 -999999 -999999 200     300     700     200     500     300     -999999 300     
3250   1945 -999999 -999999 -999999 500     -999999 -999999 -999999 0       200     -999999 -999999 -999999 -999999 -999999 -999999 -999999 -999999 200     -999999 
3250   1946 -999999 -999999 -999999 -999999 -999999 -999999 800     0       -999999 -999999 -999999 -999999 -999999 600     300     100     100     600     100     
3250   1947 2700    1100    1700    300     700     900     700     100     100     100     400     200     300     400     200     200     500     0       200     
3250   1948 3900    1700    2300    700     1400    1300    600     300     200     500     800     100     300     600     400     100     300     200     100     
3250   1949 4100    1600    2000    800     900     1200    1100    200     500     300     200     400     100     500     600     200     600     300     200     
3250   1950 2700    2000    1400    800     600     900     400     200     400     300     100     200     400     200     300     200     100     100     200     
3250   1951 3800    1400    1500    700     1300    600     800     400     100     500     100     700     500     100     0       100     500     200     600     
3250   1952 2400    1900    1600    1200    500     600     700     600     0       0       100     400     300     100     200     500     200     0       0       
3250   1953 3400    700     2100    200     800     1400    700     200     0       300     200     300     400     300     700     200     500     0       300     
3250   1954 2700    1000    2000    400     500     1200    900     0       100     100     200     200     100     800     300     400     200     300     0       
3250   1955 4000    1800    1400    1300    200     900     1200    1200    100     0       100     100     300     200     400     300     300     600     400     
3250   1956 1700    1900    900     700     700     500     200     100     200     300     200     200     0       300     200     0       200     0       0       
3250   1957 1300    300     500     0       400     100     600     0       0       100     200     100     100     0       0       100     300     200     200     
3250   1958 3400    1500    1800    700     900     700     900     400     100     300     200     400     200     400     100     500     100     300     400     
3250   1959 4100    2000    2100    800     1400    1000    1100    200     200     800     500     100     100     300     600     500     600     0       200     
3250   1960 2100    1500    1000    700     400     500     600     0       500     200     200     0       200     100     200     300     200     100     100     
3250   1961 3400    2400    1300    1400    1300    500     300     700     600     700     400     200     100     300     100     200     0       100     0       
3250   1962 5400    1900    2600    1400    1000    1600    600     700     700     400     200     400     400     800     400     400     200     0       800     
3250   1963 4700    3000    1600    2000    1200    900     900     500     700     800     100     300     100     400     400     300     300     300     500     
3250   1964 3100    1100    2200    500     700     1200    800     0       0       0       400     300     200     0       1000    300     0       500     400     
3250   1965 3000    1900    1000    900     1100    400     800     400     100     500     100     500     300     0       100     0       700     100     200     
3250   1966 2100    1500    1100    600     500     500     700     0       400     100     100     300     200     0       300     200     500     0       0       
3250   1967 5700    1700    3600    700     2400    1500    900     300     400     500     800     1100    500     600     400     200     500     200     200     
3250   1968 4800    2300    2600    1100    1300    1500    900     600     300     500     300     500     700     800     0       300     600     0       200     
3250   1969 2900    1000    1500    200     1100    500     900     0       0       200     800     100     200     100     200     100     700     100     400     
3250   1970 3900    2100    2300    1300    600     1500    800     400     500     0       300     300     700     200     600     200     200     400     100     
3250   1971 3300    1400    1400    400     900     800     1000    200     100     400     400     100     500     300     0       100     300     600     300     
3250   1972 4300    1600    3100    300     1600    1200    1000    0       0       400     700     500     100     800     300     700     200     100     500     
3250   1973 4200    1600    2000    800     800     1400    800     200     100     500     100     200     700     400     300     300     0       500     900     
3250   1974 2700    1800    2000    1200    600     900     600     300     0       100     100     400     100     200     600     600     0       0       300     
3250   1975 3300    1100    1700    900     800     700     1000    500     100     200     200     400     100     100     500     400     300     300     200     
3250   1976 3100    1700    1400    1100    200     800     1000    600     300     0       100     100     200     500     100     400     200     400     200     
3250   1977 2700    1300    1600    400     1000    700     500     200     0       300     300     400     200     400     100     200     0       300     300     
3250   1978 3900    2300    1500    1700    1000    600     700     500     900     300     400     300     500     0       100     200     100     400     200     
3250   1979 2800    1100    1500    400     700     1000    900     100     100     200     0       500     600     300     100     0       500     400     0       
3250   1980 4500    2000    2400    1000    300     1900    900     400     600     100     0       200     500     600     800     300     200     400     400     
3250   1981 4400    2300    2000    1100    1400    900     600     400     300     600     600     200     300     400     200     300     0       300     800     
3250   1982 4900    1900    1800    1400    700     1000    1800    100     500     200     300     200     300     300     400     300     700     800     800     
3250   1983 4400    3400    1700    1600    500     700     1700    500     300     300     0       200     100     100     500     800     200     700     700     
3250   1984 2800    2100    1700    1200    400     1000    900     400     100     0       100     300     100     200     700     300     400     200     0       
3250   1985 3000    1000    1700    300     1200    500     900     100     200     100     800     300     200     0       300     100     400     400     100     
3250   1986 4300    2400    1700    1100    900     1200    900     600     400     500     0       400     900     200     100     100     400     400     300     
3250   1987 2900    2000    1300    1000    200     600     1000    500     200     200     0       0       200     100     300     700     300     0       400     
3250   1988 5500    1400    2700    800     1100    1100    2500    200     200     300     400     400     100     300     700     800     500     1200    400     
3250   1989 3200    2700    2100    700     1500    600     800     200     100     300     600     600     100     300     200     300     300     200     0       
3250   1990 5500    1900    2700    500     1700    1500    1400    100     400     900     500     300     100     1000    400     400     800     200     400     
3250   1991 3600    1600    2000    600     700     1100    1400    0       200     0       300     400     300     100     700     200     600     600     200     
3250   1992 4100    3100    1900    1800    1300    500     600     900     700     100     300     900     100     200     200     200     200     200     100     
3250   1993 3800    2100    1300    700     1500    300     1000    200     400     1000    300     200     100     100     100     500     200     300     400     
3250   1994 4900    1900    2700    1200    1000    1500    1500    400     400     200     500     300     900     300     300     400     500     600     100     
3250   1995 5300    3300    1300    1700    1000    400     1900    900     700     500     200     300     200     100     100     400     500     1000    400     
3250   1996 4500    2800    2400    900     1300    1400    600     100     400     400     200     700     200     900     300     100     100     400     700     
3250   1997 5300    2300    3000    1200    1700    1700    1200    100     400     600     600     500     500     500     700     200     700     300     200     
3250   1998 7700    2500    4900    1200    1900    2600    1600    200     800     300     1000    600     200     800     1600    700     700     200     600     
3250   1999 6100    3000    3000    2100    1000    1500    1700    200     1300    0       400     600     200     1000    300     500     600     600     400     
3250   2000 5300    2300    4300    800     1400    2900    600     100     300     300     300     800     1000    900     1000    300     200     100     0       
3250   2001 4600    700     3200    0       1800    1300    1400    0       0       400     1000    400     400     500     400     500     300     600     100     
3250   2002 6800    3200    4200    1600    1900    2900    500     700     800     700     500     700     900     1100    900     100     200     200     0       
3250   2003 3200    1200    1600    600     800     900     600     100     500     200     500     100     400     300     200     100     500     0       300     
3250   2004 5200    1700    2900    1000    1500    1000    1800    0       700     200     1000    300     500     300     200     600     600     600     200     
3250   2005 4300    2000    2400    200     1500    1200    1100    0       0       600     600     300     400     500     300     300     500     300     500     
3250   2006 4000    2000    2100    800     700     1200    1700    200     100     400     0       300     300     700     200     600     400     700     100     
3250   2007 6700    2700    4300    1300    1700    2700    500     400     800     300     600     800     600     1200    900     200     200     100     600     
3250   2008 6000    2000    2800    900     1700    1600    1600    100     200     800     700     200     700     600     300     300     600     700     800     
3250   2009 3900    2700    2600    1200    1500    1100    700     100     300     200     700     600     300     400     400     200     300     200     200     
3250   2010 5200    1300    3600    800     900     2300    1400    400     200     0       100     800     900     1100    300     400     300     700     0       
3250   2011 4100    1500    2700    400     1500    1300    800     100     300     100     800     600     300     400     600     0       800     0       100     
3250   2012 4700    1600    3500    400     1400    2300    600     0       300     400     600     400     600     1300    400     200     300     100     100     
3250   2013 4800    800     2700    200     1100    1500    1200    100     0       200     100     800     300     300     900     300     200     700     900     
3250   2014 4400    2900    1900    1200    1700    900     700     200     100     800     700     200     400     400     100     100     300     300     800     
3250   2015 5400    3100    2700    2000    1400    1200    1000    200     1000    500     600     300     200     400     600     600     300     100     600     
3250   2016 6600    3600    4000    2500    1700    2000    1000    500     1400    700     600     400     500     800     700     1000    0       0       0       
3250   2017 6200    800     4300    600     1900    2300    700     100     500     200     1000    700     200     1100    1000    300     200     200     700     
3250   2018 6000    2500    3400    1300    1400    1900    1800    400     200     800     200     400     400     800     700     900     500     400     300     
3250   2019 -999999 2700    -999999 1200    -999999 -999999 -999999 800     100     600     -999999 -999999 -999999 -999999 -999999 -999999 -999999 -999999 -999999 
