EUROPEAN CLIMATE ASSESSMENT & DATASET (ECA&D), file created on: 20-01-2022
THESE DATA CAN BE USED FOR NON-COMMERCIAL RESEARCH AND EDUCATION PROVIDED THAT THE FOLLOWING SOURCE IS ACKNOWLEDGED: 

Klein Tank, A.M.G. and Coauthors, 2002. Daily dataset of 20th-century surface
air temperature and precipitation series for the European Climate Assessment.
Int. J. of Climatol., 22, 1441-1453.
Data and metadata available at http://www.ecad.eu

FILE FORMAT (MISSING VALUE CODE = -999999):

THIS FILE HOLDS DATA FOR STATION CZECH REPUBLIC                           KARLOVY VARY                             (STAID:   3560)
LATITUDE: dd:mm:ss +50:12:06
LONGITUDE: ddd:mm:ss +012:54:51
ELEVATION: m  603

DATA IS FOR INDEX Days with TN > 90th percentile of daily min temp (warm nights) (TN90p) with unit 0.01 No of days

01-06 SOUID: Source identifier
08-11 YEAR : YYYY
13-20 ANNUAL DATA VALUES
21-28 WINTER HALF YEAR DATA VALUES
29-36 SUMMER HALF YEAR DATA VALUES
37-44 WINTER (DJF) DATA VALUES
45-52 SPRING (MAM) DATA VALUES
53-60 SUMMER (JJA) DATA VALUES
61-68 AUTUMN (SON) DATA VALUES
69-76 JANUARY DATA VALUES
etc. 
157-164 DECEMBER DATA VALUES

3560   1961 -999999 -999999 -999999 -999999 -999999 400     1100    -999999 -999999 -999999 -999999 200     300     0       100     700     300     100     400     
3560   1962 2800    1500    1700    1100    900     400     800     700     0       0       700     200     200     0       200     400     0       400     0       
3560   1963 1600    500     700     0       400     300     900     0       0       100     100     200     200     100     0       100     0       800     0       
3560   1964 2900    1100    2100    300     500     1300    800     0       300     0       400     100     600     400     300     300     0       500     0       
3560   1965 1000    700     500     100     100     500     0       100     0       100     0       0       300     200     0       0       0       0       300     
3560   1966 5300    1700    2600    1600    1300    1200    1400    100     1200    100     1000    200     500     200     500     200     1200    0       100     
3560   1967 4000    2400    1700    800     1000    800     1400    100     600     400     200     400     300     200     300     300     1100    0       100     
3560   1968 3500    1900    1500    600     600     1100    1300    300     200     200     300     100     200     300     600     0       1100    200     0       
3560   1969 3300    1500    2200    100     1100    1000    1100    100     0       100     400     600     100     800     100     200     200     700     0       
3560   1970 2900    900     1800    0       400     1100    1200    0       0       0       400     0       600     100     400     300     200     700     200     
3560   1971 4500    1500    2700    500     1200    1600    500     200     100     100     300     800     100     600     900     0       300     200     900     
3560   1972 2900    2300    1700    1600    600     1300    300     0       700     200     300     100     0       800     500     0       0       300     0       
3560   1973 1600    500     1200    200     500     400     500     100     100     0       100     400     200     100     100     300     0       200     0       
3560   1974 3700    2600    400     1400    1200    200     0       700     700     1000    100     100     0       0       200     0       0       0       900     
3560   1975 5200    2900    3000    2500    1000    1500    1100    1200    400     400     200     400     500     500     500     900     100     100     0       
3560   1976 3100    1200    1300    800     500     800     1000    600     200     200     200     100     200     500     100     200     200     600     0       
3560   1977 5500    3100    2000    1100    1400    1000    1700    200     900     1200    0       200     600     200     200     800     500     400     300     
3560   1978 2300    1600    1100    300     1000    300     300     0       0       400     400     200     200     100     0       200     0       100     700     
3560   1979 3500    1300    1800    900     1000    1000    400     0       200     300     100     600     800     0       200     100     100     200     900     
3560   1980 3100    2100    1000    1500    300     700     1100    100     500     300     0       0       200     0       500     300     200     600     400     
3560   1981 4500    2600    2200    600     2000    900     1400    0       200     1200    400     400     600     200     100     500     200     700     0       
3560   1982 4600    1800    2600    500     800     1900    1100    500     0       400     200     200     800     600     500     300     400     400     300     
3560   1983 6000    3400    2600    1900    1200    1900    900     1600    0       700     300     200     200     1200    500     200     300     400     400     
3560   1984 3100    1300    1400    500     400     800     1700    100     0       100     0       300     200     200     400     300     800     600     100     
3560   1985 4500    1800    2700    300     1700    700     1000    0       200     100     500     1100    200     100     400     400     500     100     900     
3560   1986 5400    2400    3600    1500    2100    1700    700     600     0       300     400     1400    800     300     600     100     200     400     300     
3560   1987 4300    1500    2300    900     400     1100    1200    100     500     0       300     100     200     500     400     800     100     300     1000    
3560   1988 4900    2900    2000    2400    1100    700     1100    1100    300     100     500     500     0       400     300     300     700     100     600     
3560   1989 6300    3400    2600    1700    1400    1500    1400    500     600     900     500     0       100     1000    400     600     600     200     900     
3560   1990 4700    3900    1600    2100    1400    1200    700     500     700     1000    100     300     300     300     600     0       300     400     200     
3560   1991 4700    2900    2500    1300    1400    1900    300     900     200     900     300     200     300     1000    600     100     200     0       0       
3560   1992 5100    1500    3200    1100    800     2400    800     500     600     200     300     300     300     500     1600    200     200     400     0       
3560   1993 4400    2200    2300    1300    1700    600     300     1300    0       300     800     600     200     200     200     300     0       0       500     
3560   1994 7900    2600    4100    1400    1700    2900    1600    700     200     1200    300     200     600     1400    900     700     100     800     800     
3560   1995 6100    3100    3500    2000    1600    2000    1200    200     1000    200     900     500     100     1100    800     100     900     200     100     
3560   1996 2600    1200    1500    100     600     900     1100    0       0       0       300     300     800     0       100     0       700     400     0       
3560   1997 5200    2600    2800    800     1500    1500    1000    0       800     700     0       800     200     200     1100    500     300     200     400     
3560   1998 6800    3500    3200    2400    2200    1300    900     1100    900     600     800     800     900     200     200     300     500     100     400     
3560   1999 5200    1900    3200    800     1300    900     2100    400     0       500     300     500     0       600     300     1500    500     100     500     
3560   2000 7100    2500    4200    1500    2500    1700    1200    200     800     400     1200    900     1100    200     400     400     600     200     700     
3560   2001 5000    2500    2900    1200    1400    2000    1000    200     300     500     100     800     100     400     1500    0       900     100     100     
3560   2002 8700    4000    4700    2400    1900    3200    1000    1100    1200    600     400     900     1100    900     1200    200     200     600     300     
3560   2003 7400    2100    5500    700     2400    3600    700     400     0       600     400     1400    1600    700     1300    100     0       600     300     
3560   2004 6500    2700    2800    1600    900     1800    2100    400     900     500     200     200     200     600     1000    600     900     600     400     
3560   2005 7000    3900    4100    1700    2600    1400    1700    1100    200     700     800     1100    800     300     300     800     700     200     0       
3560   2006 8400    1800    5300    500     1400    3100    2900    100     400     400     600     400     900     1800    400     1200    700     1000    500     
3560   2007 7100    5600    2800    3500    2100    1100    300     1800    1200    400     500     1200    700     300     100     0       200     100     600     
3560   2008 4900    2800    2100    2100    900     1300    1100    700     800     400     100     400     500     300     500     300     200     600     100     
3560   2009 6200    1600    3800    200     2200    1600    2100    0       100     600     900     700     500     700     400     600     400     1100    200     
3560   2010 4200    2300    2800    400     700     2500    800     0       200     400     100     200     500     1500    500     0       200     600     0       
3560   2011 5500    2100    3300    800     1600    1700    1000    600     200     500     800     300     500     300     900     500     200     300     400     
3560   2012 6300    3000    3400    1800    1900    2100    500     900     500     700     300     900     700     600     800     100     200     200     400     
3560   2013 4700    2000    2500    1400    800     1400    1200    900     100     200     300     300     500     500     400     500     500     200     300     
3560   2014 8200    2700    3900    1200    2600    1500    2300    700     200     800     1100    700     400     1000    100     600     800     900     900     
3560   2015 7200    3600    3600    1600    1000    2800    1500    600     100     300     300     400     300     1000    1500    100     200     1200    1200    
3560   2016 6000    4200    3600    2700    1100    1600    1500    700     800     100     400     600     100     1100    400     1000    100     400     300     
3560   2017 5400    2600    2800    1000    2000    1900    500     0       700     1100    400     500     400     700     800     0       500     0       300     
3560   2018 7900    2000    5100    1200    2800    2300    1100    900     0       300     1300    1200    700     500     1100    300     0       800     800     
3560   2019 7400    3100    4200    1400    1400    3000    2000    300     300     900     400     100     1100    900     1000    700     700     600     400     
3560   2020 5500    3900    2200    2000    900     1600    1200    500     1100    600     200     100     400     300     900     300     500     400     200     
3560   2021 4300    1700    2800    800     200     1800    1100    100     500     0       0       200     1100    400     300     800     100     200     600     
