EUROPEAN CLIMATE ASSESSMENT & DATASET (ECA&D), file created on: 20-01-2022
THESE DATA CAN BE USED FOR NON-COMMERCIAL RESEARCH AND EDUCATION PROVIDED THAT THE FOLLOWING SOURCE IS ACKNOWLEDGED: 

Klein Tank, A.M.G. and Coauthors, 2002. Daily dataset of 20th-century surface
air temperature and precipitation series for the European Climate Assessment.
Int. J. of Climatol., 22, 1441-1453.
Data and metadata available at http://www.ecad.eu

FILE FORMAT (MISSING VALUE CODE = -999999):

THIS FILE HOLDS DATA FOR STATION CZECH REPUBLIC                           MOSNOV                                   (STAID:    668)
LATITUDE: dd:mm:ss +49:41:53
LONGITUDE: ddd:mm:ss +018:07:09
ELEVATION: m  250

DATA IS FOR INDEX Days with TN > 90th percentile of daily min temp (warm nights) (TN90p) with unit 0.01 No of days

01-06 SOUID: Source identifier
08-11 YEAR : YYYY
13-20 ANNUAL DATA VALUES
21-28 WINTER HALF YEAR DATA VALUES
29-36 SUMMER HALF YEAR DATA VALUES
37-44 WINTER (DJF) DATA VALUES
45-52 SPRING (MAM) DATA VALUES
53-60 SUMMER (JJA) DATA VALUES
61-68 AUTUMN (SON) DATA VALUES
69-76 JANUARY DATA VALUES
etc. 
157-164 DECEMBER DATA VALUES

668    1959 -999999 -999999 -999999 -999999 -999999 -999999 -999999 -999999 -999999 -999999 -999999 -999999 -999999 -999999 -999999 -999999 200     0       800     
668    1960 3100    1700    1000    1100    400     800     900     100     200     400     0       0       300     200     300     200     500     200     700     
668    1961 3900    2700    1800    1200    1500    1000    600     300     200     800     600     100     500     100     400     100     400     100     300     
668    1962 2100    1300    1400    700     700     600     400     400     0       100     400     200     400     100     100     200     0       200     0       
668    1963 3900    200     2600    0       800     1500    1600    0       0       0       600     200     1000    100     400     300     0       1300    0       
668    1964 2000    1400    1500    100     500     800     600     0       100     0       400     100     500     300     0       200     0       400     0       
668    1965 2400    1000    1200    300     400     800     600     300     0       300     0       100     200     200     400     300     200     100     300     
668    1966 4600    1900    1900    1400    1100    700     1700    200     900     200     800     100     300     100     300     300     1100    300     0       
668    1967 5300    3000    2900    900     1700    1300    1300    200     700     700     500     500     300     600     400     600     700     0       100     
668    1968 3300    1800    1500    500     1200    600     1100    300     100     600     300     300     200     200     200     300     200     600     0       
668    1969 3400    1000    2400    200     1500    700     1000    200     0       0       500     1000    100     600     0       200     0       800     0       
668    1970 2600    1000    1300    200     500     700     1000    100     100     0       400     100     300     300     100     100     200     700     200     
668    1971 4100    2200    2300    900     1500    1200    200     500     200     400     600     500     0       400     800     0       100     100     500     
668    1972 3900    1700    2400    1100    1200    1500    400     0       600     400     700     100     400     700     400     100     100     200     200     
668    1973 2300    1000    1400    600     600     500     600     0       400     100     100     400     200     200     100     400     200     0       200     
668    1974 4800    2200    1800    1500    600     1700    200     400     900     500     100     0       100     100     1500    0       0       200     1000    
668    1975 5700    3100    3300    2300    1200    1600    1500    1300    0       600     200     400     600     300     700     1100    400     0       100     
668    1976 2800    1100    900     600     400     500     1100    500     0       100     200     100     100     300     100     100     500     500     300     
668    1977 4300    2900    1800    1300    1300    700     1200    200     800     600     200     500     700     0       0       400     400     400     100     
668    1978 2200    1700    800     600     900     100     400     300     200     300     200     400     100     0       0       100     200     100     300     
668    1979 3600    1000    1800    300     1100    900     700     0       0       400     0       700     500     100     300     200     300     200     900     
668    1980 3500    2400    1300    1700    300     1200    700     0       800     200     0       100     100     500     600     0       100     600     500     
668    1981 4900    2400    2800    900     1100    1600    1800    100     300     800     0       300     800     200     600     900     500     400     0       
668    1982 4200    1300    2000    200     800     900     1900    200     0       200     100     500     300     500     100     500     700     700     400     
668    1983 6000    3700    2800    1600    1900    1100    900     1200    0       700     400     800     400     500     200     500     300     100     900     
668    1984 2500    2000    700     1600    400     300     1000    600     100     0       100     300     0       200     100     0       500     500     100     
668    1985 3800    1400    2400    400     1200    800     700     100     200     0       400     800     100     400     300     400     200     100     800     
668    1986 2800    1400    2200    1100    1100    900     500     300     0       0       400     700     400     100     400     200     100     200     0       
668    1987 5100    900     2700    500     300     1600    2100    100     400     100     100     100     400     800     400     900     1000    200     600     
668    1988 4600    3500    2200    2200    600     1200    600     1000    600     100     100     400     100     600     500     500     100     0       600     
668    1989 6600    2700    2800    1900    1400    1700    1200    400     900     700     600     100     100     800     800     400     800     0       1000    
668    1990 4500    4300    800     2600    1200    500     900     600     1000    900     200     100     200     200     100     0       400     500     300     
668    1991 3900    2600    2000    1000    900     1400    900     700     0       700     200     0       0       800     600     400     200     300     0       
668    1992 4700    1800    2900    900     1000    2200    400     400     500     400     400     200     100     600     1500    100     200     100     200     
668    1993 3600    2200    900     1400    800     400     1000    1200    0       500     100     200     100     100     200     200     600     200     200     
668    1994 6800    3400    3300    1600    1600    1900    1300    1200    200     1000    300     300     500     300     1100    800     400     100     600     
668    1995 4600    3000    1900    2100    1200    1100    800     500     1000    400     600     200     100     700     300     0       700     100     0       
668    1996 3500    1200    1800    400     700     1100    1300    400     0       0       300     400     600     200     300     0       500     800     0       
668    1997 4300    2500    1900    800     1000    900     900     0       800     400     200     400     600     200     100     400     300     200     700     
668    1998 5200    3700    2700    2700    1300    1400    500     900     1100    500     600     200     600     600     200     500     0       0       0       
668    1999 5800    1200    3900    400     2100    1600    1700    300     100     800     700     600     500     600     500     1000    700     0       0       
668    2000 6000    1800    2000    700     1000    1300    2100    100     600     400     400     200     500     200     600     100     1500    500     900     
668    2001 5100    4400    2700    2000    700     2300    1000    500     600     400     0       300     100     900     1300    100     800     100     0       
668    2002 7100    2900    3900    1800    1600    2400    1200    800     1000    200     300     1100    700     1000    700     100     100     1000    100     
668    2003 6600    1500    4800    300     1400    3400    1300    200     0       100     300     1000    1400    1100    900     100     200     1000    300     
668    2004 5700    3000    2500    1200    1500    1500    1600    400     500     600     600     300     500     500     500     100     900     600     200     
668    2005 4700    2600    3100    1000    1100    1700    1100    700     100     100     400     600     400     1000    300     400     700     0       0       
668    2006 6300    900     3500    0       1100    2100    2300    0       0       200     600     300     1000    800     300     500     800     1000    800     
668    2007 7500    5600    3700    3300    1600    2600    300     1700    800     500     100     1000    1000    800     800     0       300     0       500     
668    2008 5700    2600    2600    2000    700     1800    1300    700     800     300     100     300     500     700     600     400     200     700     400     
668    2009 6000    1700    3800    500     1100    2700    1600    0       100     300     400     400     600     1200    900     300     500     800     500     
668    2010 5000    2300    3100    600     1100    2100    1700    0       100     400     100     600     500     1000    600     300     100     1300    0       
668    2011 5000    2800    3000    900     900     2400    400     600     300     500     200     200     900     500     1000    200     200     0       400     
668    2012 7300    2200    4900    1500    1600    3200    1400    800     300     500     400     700     900     1400    900     600     200     600     0       
668    2013 5200    1300    3300    500     1200    2000    1000    200     300     0       700     500     900     600     500     100     600     300     500     
668    2014 8400    3500    3700    1800    1800    1900    2500    900     400     800     700     300     400     900     600     800     1000    700     900     
668    2015 8000    4200    5000    2300    1000    3300    1700    800     600     200     400     400     600     1000    1700    900     100     700     600     
668    2016 8200    3700    5000    2700    1200    3100    1500    700     1400    200     400     600     1100    1200    800     900     200     400     300     
668    2017 5600    1700    4000    600     1600    2800    500     0       300     500     500     600     700     900     1200    100     300     100     400     
668    2018 11300   2200    8300    1400    2900    4700    2000    900     100     400     1200    1300    1600    1500    1600    1100    400     500     700     
668    2019 9700    3500    5200    1600    1600    4100    2100    300     600     1000    400     200     1500    800     1800    500     700     900     1000    
668    2020 8600    5600    3400    3100    1000    2800    1900    400     1700    900     0       100     1100    500     1200    500     800     600     800     
668    2021 6600    3100    4300    1400    700     3400    1300    400     200     300     200     200     1100    1700    600     500     400     400     600     
