EUROPEAN CLIMATE ASSESSMENT & DATASET (ECA&D), file created on: 20-01-2022
THESE DATA CAN BE USED FOR NON-COMMERCIAL RESEARCH AND EDUCATION PROVIDED THAT THE FOLLOWING SOURCE IS ACKNOWLEDGED: 

Klein Tank, A.M.G. and Coauthors, 2002. Daily dataset of 20th-century surface
air temperature and precipitation series for the European Climate Assessment.
Int. J. of Climatol., 22, 1441-1453.
Data and metadata available at http://www.ecad.eu

FILE FORMAT (MISSING VALUE CODE = -999999):

THIS FILE HOLDS DATA FOR STATION ITALY                                    CASALECCHIO_CANALE                       (STAID:  17563)
LATITUDE: dd:mm:ss +44:28:32
LONGITUDE: ddd:mm:ss +011:16:50
ELEVATION: m   63

DATA IS FOR INDEX Days with TN > 90th percentile of daily min temp (warm nights) (TN90p) with unit 0.01 No of days

01-06 SOUID: Source identifier
08-11 YEAR : YYYY
13-20 ANNUAL DATA VALUES
21-28 WINTER HALF YEAR DATA VALUES
29-36 SUMMER HALF YEAR DATA VALUES
37-44 WINTER (DJF) DATA VALUES
45-52 SPRING (MAM) DATA VALUES
53-60 SUMMER (JJA) DATA VALUES
61-68 AUTUMN (SON) DATA VALUES
69-76 JANUARY DATA VALUES
etc. 
157-164 DECEMBER DATA VALUES

17563  1814 6000    -999999 3600    -999999 1800    1800    1500    200     0       0       1600    200     800     700     300     0       300     1200    700     
17563  1815 7300    2900    5200    700     3400    1800    2100    0       0       700     900     1800    800     500     500     700     1300    100     0       
17563  1816 3200    1600    2100    200     1400    600     1000    100     100     0       500     900     300     200     100     100     0       900     0       
17563  1817 6000    1700    4600    400     1000    3500    1100    400     0       400     0       600     1200    900     1400    500     300     300     0       
17563  1818 9200    1800    6900    400     3100    3600    1900    0       400     800     1100    1200    1400    1200    1000    1000    500     400     200     
17563  1819 8700    1600    6100    200     3300    2700    2700    0       0       500     1800    1000    1300    1100    300     600     1000    1100    0       
17563  1820 10300   2400    9600    200     4000    4800    1200    0       200     100     1700    2200    800     1200    2800    900     300     0       100     
17563  1821 9600    900     7400    500     2800    3100    2800    400     0       100     1500    1200    700     700     1700    1600    0       1200    500     
17563  1822 11600   3900    7000    900     3500    4400    2600    0       400     1800    700     1000    2400    1500    500     900     300     1400    700     
17563  1823 6000    2400    4700    700     2100    1600    1800    0       0       0       900     1200    200     200     1200    1000    700     100     500     
17563  1824 4700    2100    3100    1200    1100    1900    900     0       700     100     300     700     300     1100    500     200     0       700     100     
17563  1825 7900    900     5300    100     2400    2500    1200    0       0       100     700     1600    1100    500     900     500     100     600     1800    
17563  1826 5900    3200    3900    1900    1900    2100    1400    100     0       600     1300    0       500     800     800     500     800     100     400     
17563  1827 5200    2100    4000    900     1300    2900    500     300     200     300     200     800     1100    1300    500     100     400     0       0       
17563  1828 8000    1100    5900    100     2600    3400    1400    0       100     600     700     1300    1300    1500    600     500     300     600     500     
17563  1829 3600    1400    3500    500     1400    1800    400     0       0       0       1400    0       500     1000    300     300     100     0       0       
17563  1830 5700    200     4600    0       2700    1900    700     0       0       100     1700    900     300     700     900     100     0       600     400     
17563  1831 5300    2000    2800    900     1400    1800    1100    200     300     500     400     500     1400    0       400     100     900     100     500     
17563  1832 2400    1700    1900    700     500     1400    300     0       200     0       100     400     300     600     500     0       100     200     0       
17563  1833 2200    300     2000    0       1300    700     200     0       0       0       100     1200    700     0       0       0       0       200     0       
17563  1834 7600    900     5400    300     2400    1700    3000    300     0       400     200     1800    700     500     500     1700    400     900     200     
17563  1835 2400    1800    2000    500     800     1200    100     200     100     0       200     600     100     800     300     0       100     0       0       
17563  1836 4900    800     3200    100     1300    2300    900     0       100     600     600     100     800     1000    500     200     700     0       300     
17563  1837 2800    1000    2600    300     400     2200    200     0       0       0       0       400     1000    200     1000    0       200     0       0       
17563  1838 4900    300     4000    0       1300    2400    1200    0       0       100     200     1000    1400    700     300     400     0       800     0       
17563  1839 7900    800     4000    0       300     3200    3100    0       0       0       0       300     1600    1400    200     500     1600    1000    1300    
17563  1840 5700    4400    3200    1800    1000    1900    2300    0       500     0       500     500     1200    300     400     300     200     1800    0       
17563  1841 7400    3000    4600    200     3500    1300    1900    0       200     800     700     2000    700     400     200     600     1300    0       500     
17563  1842 2900    2100    2100    500     1200    1100    200     0       0       300     600     300     700     400     0       100     0       100     400     
17563  1843 3200    1400    1400    1200    800     300     1300    200     600     100     700     0       100     100     100     400     200     700     0       
17563  1844 3900    1000    2500    100     900     1300    1600    0       100     0       700     200     1000    100     200     300     600     700     0       
17563  1845 5000    2100    2600    800     800     1800    1600    800     0       0       400     400     900     800     100     0       400     1200    0       
17563  1846 6200    2300    4900    100     1900    3600    500     100     0       600     700     600     1500    1400    700     0       200     300     100     
17563  1847 3600    1000    2900    100     2700    600     300     0       0       400     300     2000    0       400     200     0       300     0       0       
17563  1848 5600    700     4600    100     1700    2600    800     0       100     300     900     500     1400    400     800     600     100     100     400     
17563  1849 6000    1000    4700    800     400     3700    1300    200     200     0       100     300     2500    500     700     600     600     100     200     
17563  1850 5100    1600    3700    200     1200    3200    500     0       0       700     200     300     1100    1000    1100    0       0       500     200     
17563  1851 3800    2000    2100    1400    1600    200     800     600     600     100     1500    0       100     100     0       400     200     200     0       
17563  1852 1400    500     500     100     300     100     800     0       100     0       0       300     0       100     0       100     0       700     100     
17563  1853 1900    900     1400    200     0       1100    700     100     0       0       0       0       100     400     600     300     0       400     0       
17563  1854 500     500     300     100     100     200     100     100     0       0       100     0       100     100     0       0       100     0       0       
17563  1855 1400    100     600     0       100     500     800     0       0       0       100     0       200     0       300     0       100     700     0       
17563  1856 2600    2300    1100    1500    300     800     0       400     1100    0       100     200     600     0       200     0       0       0       0       
17563  1857 100     0       100     0       0       0       100     0       0       0       0       0       0       0       0       100     0       0       0       
17563  1858 300     0       300     0       0       300     0       0       0       0       0       0       300     0       0       0       0       0       0       
17563  1859 1800    400     1300    0       600     1100    100     0       0       400     100     100     0       600     500     0       100     0       0       
17563  1860 600     100     300     0       0       200     200     0       0       0       0       0       100     0       100     100     0       100     200     
17563  1861 2000    400     1900    300     100     1400    400     0       100     0       0       100     400     0       1000    400     0       0       0       
17563  1862 1300    0       900     0       800     100     400     0       0       0       600     200     100     0       0       0       100     300     0       
17563  1863 1800    700     1300    200     300     1100    200     200     0       100     100     100     300     100     700     0       0       200     0       
17563  1864 600     500     200     100     200     200     100     0       100     200     0       0       0       0       200     0       100     0       0       
17563  1865 2000    100     1600    0       600     600     700     0       0       0       300     300     300     100     200     400     100     200     100     
17563  1866 1700    400     1500    100     0       1500    100     0       0       0       0       0       700     700     100     0       100     0       100     
17563  1867 6900    1400    4800    1000    2300    1000    2400    0       900     300     1200    800     500     300     200     1800    100     500     300     
17563  1868 3900    1000    2700    400     1900    700     600     0       100     0       300     1600    300     300     100     100     400     100     600     
17563  1869 2900    1300    2600    800     1600    1000    0       0       200     0       700     900     100     600     300     0       0       0       100     
17563  1870 3200    300     2100    100     1200    1100    600     0       0       200     100     900     700     400     0       0       100     500     300     
17563  1871 1700    1200    1300    300     700     600     400     0       0       300     400     0       0       400     200     300     100     0       0       
17563  1872 2500    200     900     100     200     200     900     0       100     0       100     100     100     100     0       500     100     300     1100    
17563  1873 3400    2400    1200    1700    400     1100    1100    600     0       300     100     0       0       500     600     0       900     200     200     
17563  1874 4400    1500    3900    200     1300    2500    500     0       0       200     1100    0       1200    1200    100     300     200     0       100     
17563  1875 2500    300     2400    100     800     1600    100     0       0       0       0       800     900     200     500     0       0       100     0       
17563  1876 1800    400     600     100     300     500     300     0       100     200     100     0       300     0       200     0       300     0       600     
17563  1877 3200    1700    2300    1300    100     2000    400     700     0       100     0       0       700     100     1200    300     0       100     0       
17563  1878 1000    300     100     0       300     0       700     0       0       200     0       100     0       0       0       0       300     400     0       
17563  1879 2100    1100    1700    300     100     1500    200     0       300     100     0       0       300     200     1000    200     0       0       0       
17563  1880 4900    200     1400    100     900     400     2200    0       100     100     600     200     0       400     0       200     800     1200    1300    
17563  1881 6000    3800    4400    1500    1200    3500    200     200     0       300     500     400     1000    1500    1000    0       0       200     900     
17563  1882 2900    2400    700     1400    1200    200     300     400     100     800     0       400     100     0       100     100     100     100     700     
17563  1883 3200    1700    2200    1500    300     1700    400     400     400     0       0       300     200     1000    500     200     100     100     0       
17563  1884 3200    1000    2000    500     1200    1100    0       0       500     300     200     700     0       900     200     0       0       0       400     
17563  1885 2400    800     1300    500     700     500     900     100     0       300     400     0       300     200     0       400     0       500     200     
17563  1886 1500    800     800     200     400     200     700     0       0       100     0       300     100     0       100     300     100     300     200     
17563  1887 3400    1000    2900    200     700     1900    800     0       0       400     200     100     500     1000    400     700     0       100     0       
17563  1888 2600    400     1400    0       600     1000    400     0       0       300     100     200     800     0       200     100     200     100     600     
17563  1889 2700    1000    1000    700     0       900     1700    100     0       0       0       0       200     300     400     100     900     700     0       
17563  1890 2600    2400    1200    600     200     900     900     600     0       200     0       0       0       200     700     300     600     0       0       
17563  1891 3300    800     1600    0       600     1100    1300    0       0       200     0       400     100     700     300     100     600     600     300     
17563  1892 2400    1600    1800    400     400     1000    900     0       100     0       100     300     500     300     200     400     300     200     0       
17563  1893 1200    600     500     0       100     500     200     0       0       100     0       0       0       200     300     0       100     100     400     
17563  1894 2000    700     1100    500     200     600     1100    0       100     0       200     0       200     100     300     300     400     400     0       
17563  1895 1700    800     900     0       0       500     1200    0       0       0       0       0       100     300     100     400     100     700     0       
17563  1896 400     900     100     0       200     0       100     0       0       100     0       100     0       0       0       0       100     0       100     
17563  1897 3500    1700    1200    1300    600     700     800     1000    200     300     200     100     400     200     100     200     400     200     200     
17563  1898 3100    1700    300     900     400     0       1800    700     0       200     100     100     0       0       0       100     100     1600    200     
17563  1899 2700    2600    1000    600     300     700     1300    400     0       300     0       0       0       100     600     300     100     900     0       
17563  1900 3800    1400    1200    400     0       900     2100    400     0       0       0       0       400     500     0       300     600     1200    400     
17563  1901 2400    2400    1800    600     500     1300    200     200     0       0       300     200     1300    0       0       0       200     0       200     
17563  1902 2600    700     2200    300     1500    500     400     100     0       200     1300    0       0       200     300     400     0       0       100     
17563  1903 4900    900     1600    800     100     900     2300    500     200     100     0       0       0       400     500     700     1100    500     900     
17563  1904 6100    3900    4000    2300    1500    2500    300     300     1100    0       400     1100    800     1100    600     0       200     100     400     
17563  1905 3600    1100    3100    600     900     1500    1000    200     0       200     400     300     300     500     700     900     0       100     0       
17563  1906 5100    400     3300    100     1000    1800    2200    100     0       200     300     500     800     100     900     700     400     1100    0       
17563  1907 6600    1500    3600    0       1300    2100    2300    0       0       0       100     1200    1100    200     800     200     1400    700     900     
17563  1908 3700    3300    2900    1200    1300    1500    400     100     200     0       0       1300    1100    0       400     100     300     0       200     
17563  1909 4200    500     2400    200     1500    800     1000    0       0       0       1000    500     100     300     400     100     500     400     900     
17563  1910 4000    2200    1400    1100    500     1100    600     0       200     200     300     0       300     200     600     0       300     300     1600    
17563  1911 6500    2500    3700    1800    700     2300    2400    100     100     100     600     0       200     800     1300    800     400     1200    900     
17563  1912 5400    5100    1900    2300    2000    1100    300     600     800     1200    0       800     400     400     300     0       200     100     600     
17563  1913 5500    1600    2600    1000    1200    1300    2500    400     0       300     300     600     1100    0       200     400     1000    1100    100     
17563  1914 4700    3100    2200    600     1700    300     1400    0       500     400     900     400     200     100     0       600     300     500     800     
17563  1915 3200    2000    1500    900     600     1200    0       100     0       300     100     200     200     500     500     0       0       0       1300    
17563  1916 4400    2600    1300    1900    1400    600     800     400     200     700     400     300     0       200     400     0       0       800     1000    
17563  1917 3300    1800    3100    1000    600     1900    800     0       0       0       200     400     900     200     800     600     200     0       0       
17563  1918 4400    1500    2100    700     1200    1000    1100    300     400     600     0       600     0       700     300     500     0       600     400     
17563  1919 4400    2700    2200    1900    600     1200    800     1300    200     200     300     100     700     100     400     600     200     0       300     
17563  1920 8300    4000    4000    2300    3800    1200    600     1400    600     1500    500     1800    400     700     100     500     100     0       700     
17563  1921 7100    2100    4100    2000    1100    2600    1900    1100    200     0       300     800     600     1300    700     400     1200    300     200     
17563  1922 6500    3700    3700    500     3300    2000    100     100     200     1700    200     1400    800     500     700     100     0       0       800     
17563  1923 6800    1800    2400    1700    1300    1100    2800    900     0       100     100     1100    0       500     600     100     1400    1300    700     
17563  1924 5800    4300    2800    1100    1900    1100    800     100     300     500     300     1100    600     500     0       300     0       500     1600    
17563  1925 4400    3500    2300    2700    700     1500    1000    400     700     300     200     200     900     200     400     400     300     300     100     
17563  1926 6900    1000    3000    400     1000    800     4300    0       300     0       700     300     100     200     500     1200    800     2300    500     
17563  1927 8100    4200    4200    800     1600    2400    2700    200     100     300     900     400     900     500     1000    500     500     1700    1100    
17563  1928 8400    4700    5500    2200    1500    3900    1600    600     500     300     1100    100     700     1700    1500    400     1000    200     300     
17563  1929 8700    1500    6200    300     1100    3600    3000    0       0       0       400     700     1900    1100    600     1500    700     800     1000    
17563  1930 6100    3600    4000    1900    900     2500    1400    900     0       200     500     200     1000    600     900     800     0       600     400     
17563  1931 7100    1400    5300    700     1300    4100    1200    300     0       100     100     1100    1800    1600    700     0       100     1100    200     
17563  1932 7100    2100    4200    800     1200    1600    2700    600     0       100     300     800     100     200     1300    1500    400     800     1000    
17563  1933 5900    3400    3200    2000    1400    1700    1800    500     500     200     800     400     0       700     1000    300     1200    300     0       
17563  1934 6600    1700    4400    0       3300    1000    1000    0       0       200     1300    1800    200     400     400     300     200     500     1300    
17563  1935 7900    2800    4500    1700    700     3600    2900    100     300     400     300     0       1600    1300    700     600     700     1600    300     
17563  1936 7600    6000    3600    2700    1600    2300    700     1800    600     1000    600     0       800     1200    300     700     0       0       600     
17563  1937 7000    1700    4200    1000    1900    2700    1800    0       400     700     300     900     1300    1100    300     300     600     900     200     
17563  1938 5800    3000    3000    300     1600    2600    700     100     0       1200    400     0       1400    800     400     0       200     500     800     
17563  1939 5100    2800    3000    2100    1000    1600    1200    600     700     0       1000    0       600     600     400     400     400     400     0       
17563  1940 4200    1200    2600    100     1000    1200    1900    0       100     300     400     300     500     500     200     700     100     1100    0       
17563  1941 1600    1500    900     0       600     600     400     0       0       300     300     0       500     0       100     0       100     300     0       
17563  1942 5800    500     3000    0       700     1500    2500    0       0       100     0       600     600     400     500     900     900     700     1100    
17563  1943 2500    2800    1600    1100    800     600     500     0       0       100     400     300     200     300     100     300     200     0       600     
17563  1944 1600    1100    1300    900     300     800     200     100     200     0       200     100     100     0       700     200     0       0       0       
17563  1945 5300    300     4300    0       2400    1700    900     0       0       300     800     1300    800     600     300     500     300     100     300     
17563  1946 3500    800     3200    400     900     1900    600     0       100     0       600     300     500     400     1000    400     200     0       0       
17563  1947 3500    400     3200    0       1300    1900    200     0       0       200     900     200     500     900     500     200     0       0       100     
17563  1948 800     500     300     300     200     300     0       100     100     200     0       0       100     0       200     0       0       0       100     
17563  1949 4800    300     3000    300     1100    1100    2200    100     100     0       500     600     300     100     700     800     500     900     200     
17563  1950 5400    2600    4200    700     1000    3100    800     0       500     500     0       500     1300    1000    800     600     100     100     0       
17563  1951 4200    1300    2300    500     1300    1000    1400    0       500     600     200     500     400     0       600     600     0       800     0       
17563  1952 5200    1000    4600    100     1800    2600    500     0       100     100     1100    600     900     500     1200    300     200     0       200     
17563  1953 3100    500     1200    200     1100    100     800     0       0       100     300     700     0       100     0       100     700     0       1100    
17563  1954 1500    2200    200     1200    300     0       600     0       100     300     0       0       0       0       0       200     100     300     500     
17563  1955 3500    2200    1200    1800    700     300     900     1000    300     0       200     500     200     0       100     200     200     500     300     
17563  1956 2600    1500    2000    800     800     900     400     400     100     0       200     600     100     200     600     300     0       100     0       
17563  1957 3500    900     1800    200     800     1600    500     0       200     600     200     0       400     800     400     0       0       500     400     
17563  1958 4900    1300    2600    800     1200    1100    1800    100     300     0       0       1200    200     200     700     300     200     1300    400     
17563  1959 2900    2900    900     500     1200    600     500     0       100     900     300     0       100     300     200     0       100     400     500     
17563  1960 2600    1400    700     700     400     500     400     0       200     200     0       200     300     0       200     0       0       400     1100    
17563  1961 4900    2800    2300    1300    2200    700     1200    0       200     1100    700     400     600     0       100     500     0       700     600     
17563  1962 3400    1400    3000    700     600     1500    1100    100     0       0       300     300     300     200     1000    900     0       200     100     
17563  1963 3300    700     1000    500     500     500     1600    400     0       0       300     200     100     300     100     0       0       1600    300     
17563  1964 3300    2000    2300    400     700     1200    500     0       100     0       300     400     600     300     300     400     0       100     800     
17563  1965 1300    1300    900     1100    200     800     0       200     100     100     0       100     600     200     0       0       0       0       0       
17563  1966 4700    900     2700    700     1600    1000    1400    0       700     200     700     700     700     300     0       300     1100    0       0       
17563  1967 3600    1900    2000    200     1300    1200    900     100     100     600     200     500     400     500     300     100     400     400     0       
17563  1968 3700    1700    2000    300     1600    1000    800     100     200     600     900     100     200     800     0       0       500     300     0       
17563  1969 1500    800     1100    0       1100    0       400     0       0       0       400     700     0       0       0       0       0       400     0       
17563  1970 2200    1100    1200    700     300     300     900     700     0       0       300     0       200     100     0       600     200     100     0       
17563  1971 2100    700     1400    200     800     800     300     100     100     200     300     300     0       300     500     0       100     200     0       
17563  1972 3500    2000    1000    1300    900     500     100     800     500     400     300     200     0       100     400     0       100     0       700     
17563  1973 3200    1800    1900    1700    400     1000    600     800     200     0       100     300     200     400     400     500     0       100     200     
17563  1974 5700    3800    1500    3300    600     1200    700     1400    1700    400     0       200     0       300     900     100     0       600     100     
17563  1975 3300    2100    1000    1400    400     300     900     1100    200     100     0       300     100     200     0       400     300     200     400     
17563  1976 1700    1100    1000    500     600     500     200     0       100     100     400     100     300     200     0       0       100     100     300     
17563  1977 3800    2500    400     1900    600     200     1200    900     700     400     200     0       200     0       0       0       800     400     200     
17563  1978 2100    2500    800     700     700     600     100     400     100     600     100     0       600     0       0       100     0       0       200     
17563  1979 4600    1100    2000    900     900     1300    700     0       700     200     100     600     1000    100     200     0       600     100     1000    
17563  1980 1600    2000    900     1200    100     600     500     100     100     100     0       0       100     0       500     300     200     0       200     
17563  1981 3900    1600    2300    700     1500    1300    600     200     300     700     600     200     800     0       500     200     300     100     0       
17563  1982 4700    1000    2400    500     1100    1000    1300    400     100     100     300     700     700     300     0       400     200     700     800     
17563  1983 4900    2600    3000    1200    1400    2000    600     400     0       500     700     200     500     1100    400     100     200     300     500     
17563  1984 2500    1300    800     700     200     500     1000    100     100     100     100     0       200     200     100     200     400     400     600     
17563  1985 7300    1800    4600    600     1100    2400    2900    0       0       400     500     200     200     1000    1200    1500    1300    100     900     
17563  1986 6000    2800    3900    1200    2200    1500    1700    300     0       200     200     1800    300     300     900     400     500     800     300     
17563  1987 4100    1900    3100    500     600     800     2300    0       200     100     300     200     100     700     0       1800    400     100     200     
17563  1988 7600    3000    3600    2400    500     2600    2100    1500    700     100     300     100     0       1500    1100    600     1500    0       200     
17563  1989 5000    3600    1700    1400    1300    900     1000    200     1000    700     400     200     0       400     500     200     0       800     600     
17563  1990 5900    4300    1700    2500    2000    500     1400    300     1600    1000    100     900     200     100     200     200     900     300     100     
17563  1991 4200    2700    2400    400     1200    2000    700     300     0       1100    100     0       600     900     500     300     300     100     0       
17563  1992 4700    900     3200    400     800     2200    700     200     200     100     200     500     0       400     1800    300     0       400     600     
17563  1993 5500    2400    3300    1400    1300    2600    500     500     300     600     0       700     1100    600     900     0       200     300     300     
17563  1994 7800    3400    3600    1600    1800    2900    1300    1000    300     1300    200     300     500     700     1700    200     200     900     500     
17563  1995 3400    2400    1600    1100    800     1000    800     100     500     200     100     500     200     700     100     0       100     700     200     
17563  1996 3700    2000    1400    1000    800     800     700     700     100     200     300     300     700     0       100     0       100     600     600     
17563  1997 7800    3200    3900    1400    2300    1600    2500    700     100     1100    300     900     1000    0       600     1100    600     800     600     
17563  1998 8500    3900    5900    2000    1600    4700    600     300     1100    500     800     300     1500    1500    1700    100     300     200     200     
17563  1999 10100   2500    6500    1300    3300    3000    2400    900     200     700     900     1700    800     1000    1200    900     800     700     300     
17563  2000 13600   3000    8000    800     4500    3700    3300    0       500     700     1700    2100    1300    900     1500    500     900     1900    1600    
17563  2001 9800    8000    4600    3700    3100    2900    1700    1200    900     1500    100     1500    600     500     1800    100     1500    100     0       
17563  2002 7500    3200    2300    800     1400    1600    2200    100     700     800     300     300     1200    400     0       100     200     1900    1500    
17563  2003 -999999 4100    7400    1700    2300    5400    1200    200     0       300     300     1700    2200    700     2500    0       300     900     -999999 
17563  2004 6600    -999999 2200    -999999 800     1700    2100    200     300     500     300     0       500     600     600     200     1200    700     1500    
17563  2005 7000    4700    4100    1800    2700    1900    2000    300     0       1000    500     1200    1100    700     100     500     600     900     100     
17563  2006 4200    1700    1300    200     600     600     2100    100     0       0       300     300     600     0       0       100     900     1100    800     
17563  2007 5400    5700    2000    3000    1900    800     400     1400    800     700     400     800     400     200     200     0       100     300     100     
17563  2008 5500    2500    1300    1600    600     700     2000    1100    400     500     0       100     300     0       400     500     700     800     700     
17563  2009 4800    3200    1700    1600    1000    700     1900    200     700     100     200     700     300     100     300     100     300     1500    300     
17563  2010 4500    2700    2900    800     800     2100    1000    200     300     100     100     600     400     1300    400     100     0       900     100     
17563  2011 6000    2000    3700    800     1800    1400    1700    200     500     300     900     600     300     200     900     800     100     800     400     
17563  2012 5400    2000    3100    600     1400    2200    1500    100     100     500     500     400     1200    200     800     0       200     1300    100     
17563  2013 6100    1800    2800    300     1200    1300    2600    200     0       0       900     300     700     200     400     300     1200    1100    800     
17563  2014 10600   7000    1800    4300    1500    700     3500    1700    1800    400     800     300     500     0       200     0       1000    2500    1400    
17563  2015 7100    6000    4100    2300    1200    2700    1400    900     0       200     500     500     500     1800    400     400     0       1000    900     
17563  2016 5600    4000    2500    2700    1400    1000    1100    1000    800     300     1100    0       300     400     300     400     0       700     300     
17563  2017 6700    2500    4500    900     2200    3200    300     0       600     900     900     400     1500    700     1000    0       0       300     400     
17563  2018 8700    2300    4400    1800    2600    1600    2700    1400    0       200     1400    1000    600     200     800     400     600     1700    400     
17563  2019 -999999 4200    -999999 1100    1100    -999999 2000    300     400     800     300     0       -999999 600     400     200     900     900     -999999 
17563  2020 -999999 -999999 -999999 -999999 -999999 1400    1100    1000    -999999 -999999 -999999 400     100     500     800     200     100     800     1300    
17563  2021 5000    3900    2000    2800    400     1600    1100    300     1200    200     200     0       1000    100     500     200     300     600     400     
