EUROPEAN CLIMATE ASSESSMENT & DATASET (ECA&D), file created on: 20-01-2022
THESE DATA CAN BE USED FOR NON-COMMERCIAL RESEARCH AND EDUCATION PROVIDED THAT THE FOLLOWING SOURCE IS ACKNOWLEDGED: 

Klein Tank, A.M.G. and Coauthors, 2002. Daily dataset of 20th-century surface
air temperature and precipitation series for the European Climate Assessment.
Int. J. of Climatol., 22, 1441-1453.
Data and metadata available at http://www.ecad.eu

FILE FORMAT (MISSING VALUE CODE = -999999):

THIS FILE HOLDS DATA FOR STATION NORWAY                                   TROMSO                                   (STAID:    328)
LATITUDE: dd:mm:ss +69:39:14
LONGITUDE: ddd:mm:ss +018:55:41
ELEVATION: m  100

DATA IS FOR INDEX Days with TN > 90th percentile of daily min temp (warm nights) (TN90p) with unit 0.01 No of days

01-06 SOUID: Source identifier
08-11 YEAR : YYYY
13-20 ANNUAL DATA VALUES
21-28 WINTER HALF YEAR DATA VALUES
29-36 SUMMER HALF YEAR DATA VALUES
37-44 WINTER (DJF) DATA VALUES
45-52 SPRING (MAM) DATA VALUES
53-60 SUMMER (JJA) DATA VALUES
61-68 AUTUMN (SON) DATA VALUES
69-76 JANUARY DATA VALUES
etc. 
157-164 DECEMBER DATA VALUES

328    1920 -999999 -999999 -999999 -999999 -999999 -999999 1500    -999999 -999999 -999999 -999999 -999999 -999999 200     200     300     600     600     -999999 
328    1921 -999999 -999999 -999999 -999999 1700    100     -999999 100     500     900     700     100     0       0       100     0       0       200     200     
328    1922 -999999 -999999 -999999 -999999 1100    2300    -999999 -999999 500     0       400     700     600     1100    600     300     100     0       0       
328    1923 -999999 -999999 600     -999999 1300    200     -999999 0       100     900     400     0       0       100     100     0       0       100     400     
328    1924 -999999 -999999 -999999 -999999 200     1000    -999999 300     -999999 0       0       200     0       400     600     500     700     500     500     
328    1925 -999999 -999999 2000    -999999 500     1300    -999999 800     400     0       100     400     300     500     500     200     0       100     100     
328    1926 -999999 -999999 1200    -999999 700     800     -999999 400     -999999 300     400     0       300     400     100     0       0       -999999 100     
328    1927 -999999 -999999 2500    -999999 0       2200    700     0       700     0       0       0       300     1000    900     300     100     300     100     
328    1928 -999999 -999999 -999999 -999999 200     700     600     500     500     200     0       0       100     100     500     400     100     100     300     
328    1929 -999999 -999999 500     -999999 400     100     -999999 300     -999999 200     0       200     0       0       100     200     0       300     800     
328    1930 6400    -999999 3500    2600    1100    2500    700     900     900     100     700     300     300     900     1300    0       700     0       300     
328    1931 -999999 -999999 1100    -999999 600     600     500     200     -999999 100     200     300     0       600     0       0       0       500     800     
328    1932 -999999 -999999 400     -999999 400     300     -999999 400     400     300     100     0       200     100     0       0       0       300     1100    
328    1933 -999999 -999999 1800    -999999 100     900     1900    1400    0       100     0       0       400     100     400     900     500     500     300     
328    1934 -999999 -999999 5200    -999999 1500    2500    2200    600     -999999 600     300     600     0       1400    1100    1800    100     300     100     
328    1935 -999999 -999999 1300    -999999 900     1100    -999999 500     200     800     100     0       100     300     700     100     100     300     300     
328    1936 -999999 -999999 -999999 -999999 1500    1500    700     0       0       100     600     800     500     500     500     500     0       200     800     
328    1937 5700    1500    4200    1300    1500    2500    1000    500     0       0       1000    500     500     1200    800     200     500     300     200     
328    1938 7100    2000    3100    1000    700     1400    3300    300     500     200     300     200     600     500     300     1200    1400    700     900     
328    1939 3500    3500    2200    1000    400     1900    800     100     0       400     0       0       300     700     900     300     100     400     300     
328    1940 4500    1900    2400    1400    1300    500     1100    900     200     0       100     1200    400     0       100     600     500     0       500     
328    1941 2700    1500    1400    700     500     1100    700     200     0       300     0       200     0       900     200     100     200     400     200     
328    1942 2000    1100    1000    400     300     600     500     100     100     100     200     0       0       200     400     200     200     100     400     
328    1943 4800    2200    1500    800     1300    800     1700    200     200     1100    100     100     200     300     300     500     800     400     600     
328    1944 5600    3400    2200    2100    400     700     2300    700     800     100     100     200     300     200     200     1200    900     200     700     
328    1945 3300    2600    1900    1200    900     700     800     100     400     300     500     100     0       400     300     600     0       200     400     
328    1946 6600    1900    3600    1600    500     1900    2200    1200    0       100     100     300     500     600     800     1300    200     700     800     
328    1947 2700    2500    1300    1600    300     900     300     800     0       0       100     200     600     200     100     100     200     0       400     
328    1948 5000    1400    2600    700     1800    900     1200    0       300     500     500     800     200     700     0       400     200     600     800     
328    1949 4000    2700    1500    1800    500     300     2200    500     500     100     300     100     100     100     100     800     400     1000    0       
328    1950 6200    2700    3600    800     1100    2400    1500    800     0       500     600     0       400     700     1300    600     800     100     400     
328    1951 3500    1800    900     800     100     600     2000    300     100     100     0       0       0       0       600     300     1700    0       400     
328    1952 1500    2300    1200    600     900     300     100     100     100     0       700     200     300     0       0       0       0       100     0       
328    1953 7700    900     3500    300     1000    2600    2400    300     0       500     300     200     1100    400     1100    400     1300    700     1400    
328    1954 4400    4500    2700    2000    1400    1800    100     600     0       500     300     600     0       1400    400     0       0       100     500     
328    1955 1300    1000    700     700     300     400     400     200     0       200     100     0       0       100     300     200     100     100     0       
328    1956 2600    900     1000    200     600     800     700     200     0       500     100     0       300     400     100     100     300     300     300     
328    1957 3700    1800    2100    700     1600    900     800     100     300     500     1000    100     0       700     200     100     0       700     0       
328    1958 2500    1000    1200    300     200     700     1300    100     200     0       200     0       100     200     400     300     200     800     0       
328    1959 6700    4200    2300    1500    3300    700     1100    300     1200    1700    800     800     200     100     400     0       200     900     100     
328    1960 5500    2600    4000    400     2900    1800    400     200     100     1100    1000    800     0       1200    600     400     0       0       100     
328    1961 4300    1200    1700    900     300     1200    1700    500     300     300     0       0       300     600     300     500     900     300     300     
328    1962 2100    2000    500     800     200     200     1000    200     300     0       200     0       0       100     100     100     300     600     200     
328    1963 6000    1900    4100    600     3100    700     1400    200     200     400     900     1800    0       100     600     700     500     200     400     
328    1964 5000    3200    1500    1700    1500    800     1000    1200    100     800     100     600     100     400     300     0       900     100     400     
328    1965 2300    1900    1400    800     700     400     800     100     300     100     600     0       0       0       400     400     400     0       0       
328    1966 2700    600     1300    200     200     1100    700     200     0       0       200     0       600     300     200     0       0       700     500     
328    1967 5100    2100    3200    900     1500    900     2300    0       400     500     500     500     100     200     600     1300    0       1000    0       
328    1968 3000    1600    800     400     400     100     1300    100     300     200     200     0       0       0       100     500     100     700     800     
328    1969 2200    2000    1200    800     700     800     500     0       0       400     300     0       300     100     400     100     400     0       200     
328    1970 3900    1100    1900    500     500     1400    1000    300     0       200     0       300     400     600     400     200     500     300     700     
328    1971 3500    2200    1800    1400    500     900     1000    300     400     0       100     400     500     100     300     400     300     300     400     
328    1972 6200    2600    2700    1600    900     2200    400     1000    200     400     100     400     1000    1000    200     0       200     200     1500    
328    1973 2300    3400    600     2400    700     500     100     700     200     600     0       100     0       500     0       0       0       100     100     
328    1974 5100    1400    3700    400     2300    1900    500     100     200     900     1000    400     900     600     400     400     0       100     100     
328    1975 3500    1800    900     1200    1000    200     1200    300     800     500     300     200     0       200     0       200     200     800     0       
328    1976 3400    2000    2100    800     1100    1000    400     0       800     200     200     700     300     200     500     200     0       200     100     
328    1977 3300    1200    800     400     800     600     1100    300     0       600     100     100     100     200     300     0       600     500     500     
328    1978 2700    1700    1900    500     400     1500    500     0       0       100     0       300     900     400     200     100     100     300     300     
328    1979 3700    1500    2400    700     700     2000    300     0       400     400     200     100     200     1000    800     100     100     100     300     
328    1980 5600    1500    3700    1200    1200    2300    1100    100     800     100     400     700     1200    200     900     300     500     300     100     
328    1981 1800    1600    900     600     900     100     300     300     200     200     600     100     0       100     0       100     0       200     0       
328    1982 2800    1500    700     1100    600     300     400     300     800     200     400     0       0       200     100     0       300     100     400     
328    1983 3700    1800    2600    1300    1100    400     1300    600     300     100     700     300     200     200     0       1200    100     0       0       
328    1984 6300    1200    3300    1000    2100    800     1300    0       1000    100     500     1500    400     100     300     500     500     300     1100    
328    1985 3500    2600    2200    1500    400     1900    700     400     0       300     0       100     300     700     900     200     300     200     100     
328    1986 5100    2300    2000    300     2500    1000    1300    100     100     1500    200     800     700     300     0       0       400     900     100     
328    1987 2800    2000    600     700     100     400     1700    600     0       0       100     0       0       200     200     100     1500    100     0       
328    1988 2700    1800    1700    200     100     1000    1200    200     0       0       0       100     100     800     100     600     200     400     200     
328    1989 5000    2300    2600    1200    2000    800     600     900     100     500     1100    400     400     0       400     300     0       300     600     
328    1990 6100    2900    3100    2100    1300    1800    800     600     900     500     700     100     600     300     900     500     300     0       700     
328    1991 5500    2700    2200    2000    1500    1100    700     800     500     400     1000    100     700     0       400     0       300     400     900     
328    1992 4700    4000    1800    2400    1600    700     400     1000    500     900     300     400     600     0       100     400     0       0       500     
328    1993 3700    2200    1300    1800    600     1000    800     500     800     400     0       200     0       700     300     100     100     600     0       
328    1994 2300    1200    1100    300     1100    200     200     0       300     200     800     100     0       0       200     0       0       200     500     
328    1995 2300    1600    1000    1000    800     500     200     500     0       400     200     200     500     0       0       100     0       100     300     
328    1996 2500    1900    700     1400    400     600     400     1000    100     400     0       0       100     0       500     100     300     0       0       
328    1997 3700    800     2400    400     100     1300    1400    300     100     100     0       0       400     300     600     1100    100     200     500     
328    1998 3900    1700    1900    800     1100    1300    600     300     0       600     200     300     100     1000    200     100     200     300     600     
328    1999 3100    1600    1100    1000    400     400     1800    200     200     100     200     100     200     100     100     400     200     1200    100     
328    2000 4600    2300    1500    700     700     500     2600    500     100     200     100     400     100     200     200     500     1800    300     200     
328    2001 5000    3000    2800    900     600     900     2200    500     200     0       400     200     500     100     300     1300    300     600     600     
328    2002 6100    2800    4400    1400    2800    1800    300     600     200     500     1200    1100    700     200     900     300     0       0       400     
328    2003 6700    2500    3100    2000    2000    1100    1600    0       1600    500     900     600     200     600     300     500     0       1100    400     
328    2004 5900    2800    3600    1000    2000    1600    1500    300     300     700     700     600     0       1000    600     700     300     500     200     
328    2005 5700    2700    2500    1300    1500    1200    1900    400     700     600     500     400     600     200     400     400     700     800     0       
328    2006 7100    3700    3300    1800    2100    600     1900    1500    300     400     600     1100    100     0       500     1000    200     700     700     
328    2007 6300    2500    2600    700     1600    1800    1600    0       0       900     600     100     400     900     500     100     1200    300     1300    
328    2008 2900    3700    1000    2000    800     0       700     300     400     200     200     400     0       0       0       400     300     0       700     
328    2009 4400    1700    3300    1200    900     1800    1100    400     100     200     300     400     0       800     1000    800     100     200     100     
328    2010 2400    800     1500    500     900     300     800     400     0       0       500     400     200     100     0       300     400     100     0       
328    2011 7800    1500    4100    500     1800    1700    3500    300     200     500     1100    200     400     200     1100    1100    800     1600    300     
328    2012 2300    3700    800     800     700     400     700     100     400     500     200     0       100     100     200     200     0       500     0       
328    2013 5300    1000    3800    500     1400    1400    1400    500     0       0       400     1000    700     200     500     1000    400     0       600     
328    2014 4700    2300    2300    1100    900     1700    1400    0       500     800     100     0       500     900     300     500     300     600     200     
328    2015 6900    3100    3200    1000    2100    1100    2400    400     400     1200    400     500     100     200     800     1200    600     600     500     
328    2016 7300    3100    3800    1100    2900    600     2300    400     200     800     900     1200    0       300     300     1100    600     600     900     
328    2017 3400    3400    1400    1800    700     700     900     500     400     400     200     100     500     0       200     400     400     100     200     
328    2018 6000    1000    3100    500     800     1600    2900    200     100     0       100     700     100     800     700     700     700     1500    400     
328    2019 4300    3400    2800    900     1400    1300    700     300     200     300     900     200     200     400     700     400     0       300     400     
328    2020 5500    2300    1800    1500    800     1200    2100    600     500     500     200     100     400     700     100     300     600     1200    300     
328    2021 4400    3100    2200    1000    900     1200    1500    500     200     300     400     200     700     200     300     400     500     600     100     
