EUROPEAN CLIMATE ASSESSMENT & DATASET (ECA&D), file created on: 20-01-2022
THESE DATA CAN BE USED FOR NON-COMMERCIAL RESEARCH AND EDUCATION PROVIDED THAT THE FOLLOWING SOURCE IS ACKNOWLEDGED: 

Klein Tank, A.M.G. and Coauthors, 2002. Daily dataset of 20th-century surface
air temperature and precipitation series for the European Climate Assessment.
Int. J. of Climatol., 22, 1441-1453.
Data and metadata available at http://www.ecad.eu

FILE FORMAT (MISSING VALUE CODE = -999999):

THIS FILE HOLDS DATA FOR STATION ITALY                                    PONZA                                    (STAID:   2092)
LATITUDE: dd:mm:ss +40:55:12
LONGITUDE: ddd:mm:ss +012:57:00
ELEVATION: m  184

DATA IS FOR INDEX Days with TN > 90th percentile of daily min temp (warm nights) (TN90p) with unit 0.01 No of days

01-06 SOUID: Source identifier
08-11 YEAR : YYYY
13-20 ANNUAL DATA VALUES
21-28 WINTER HALF YEAR DATA VALUES
29-36 SUMMER HALF YEAR DATA VALUES
37-44 WINTER (DJF) DATA VALUES
45-52 SPRING (MAM) DATA VALUES
53-60 SUMMER (JJA) DATA VALUES
61-68 AUTUMN (SON) DATA VALUES
69-76 JANUARY DATA VALUES
etc. 
157-164 DECEMBER DATA VALUES

2092   1951 1300    -999999 1000    -999999 200     900     200     0       0       100     0       100     800     100     0       0       0       200     0       
2092   1952 3900    700     3000    300     1500    1700    300     200     100     200     700     600     500     1000    200     0       100     200     100     
2092   1953 1800    400     900     100     400     300     700     0       0       0       0       400     0       200     100     200     500     0       400     
2092   1954 300     1100    0       400     200     0       0       0       0       200     0       0       0       0       0       0       0       0       100     
2092   1955 2100    900     400     900     0       300     300     600     200     0       0       0       200     100     0       100     0       200     700     
2092   1956 2700    2400    1000    2100    300     600     300     1300    100     100     100     100     0       0       600     200     100     0       100     
2092   1957 3100    700     1800    600     200     1600    500     100     400     0       200     0       800     500     300     0       200     300     300     
2092   1958 3600    1600    1200    1100    600     500     1300    200     600     0       0       600     100     100     300     100     700     500     400     
2092   1959 2600    3400    300     1300    1000    100     400     600     300     900     100     0       100     0       0       100     0       300     200     
2092   1960 4300    2100    1700    1800    700     1000    600     1100    500     0       200     500     700     100     200     0       300     300     400     
2092   1961 6200    1200    4100    500     1600    1400    2000    100     0       100     1300    200     800     200     400     1200    300     500     1100    
2092   1962 4600    3600    2600    2500    1300    100     1700    900     500     300     800     200     0       100     0       1500    100     100     100     
2092   1963 4300    1000    1600    700     400     1000    1600    600     0       100     100     200     0       500     500     300     0       1300    700     
2092   1964 3800    3200    2200    1200    1600    1300    300     200     300     700     100     800     400     500     400     0       200     100     100     
2092   1965 2800    800     1200    400     100     1200    700     200     100     100     0       0       600     400     200     0       0       700     500     
2092   1966 4000    2400    2000    1600    900     1200    700     200     900     100     100     700     1000    100     100     0       700     0       100     
2092   1967 5100    1700    1800    300     1200    1300    1800    0       200     700     200     300     0       1000    300     0       900     900     600     
2092   1968 3800    3300    2400    1500    1600    800     200     0       900     0       800     800     0       800     0       0       0       200     300     
2092   1969 1700    800     500     600     400     100     900     200     100     0       200     200     0       0       100     0       0       900     0       
2092   1970 1900    1900    500     800     400     200     500     400     400     200     200     0       200     0       0       100     200     200     0       
2092   1971 1800    700     1500    200     700     900     0       200     0       100     100     500     0       100     800     0       0       0       0       
2092   1972 2300    1100    900     500     900     600     300     100     400     600     300     0       100     200     300     0       0       300     0       
2092   1973 1000    300     500     0       100     300     500     0       0       0       0       100     0       0       300     100     400     0       100     
2092   1974 2100    1500    1100    500     700     700     300     300     100     600     100     0       0       100     600     300     0       0       0       
2092   1975 2300    500     1300    500     700     100     900     300     200     0       200     500     0       0       100     500     400     0       100     
2092   1976 2300    1300    1000    900     200     800     200     500     300     0       0       200     300     500     0       0       200     0       300     
2092   1977 7600    4700    1700    2200    3800    200     1400    700     1200    2300    700     800     100     0       100     0       500     900     300     
2092   1978 1200    2200    200     700     100     200     0       0       400     100     0       0       200     0       0       0       0       0       500     
2092   1979 3400    1800    2000    1300    900     1600    0       100     700     500     0       400     1200    200     200     0       0       0       100     
2092   1980 1100    400     200     400     0       100     700     200     100     0       0       0       100     0       0       100     600     0       0       
2092   1981 3700    900     1800    0       500     1000    2000    0       0       300     200     0       1000    0       0       600     1400    0       200     
2092   1982 9400    2600    7600    800     2300    5000    1000    400     200     400     1800    100     1700    1700    1600    700     100     200     500     
2092   1983 4000    1100    2900    800     600     1800    600     300     0       0       400     200     200     1100    500     500     0       100     700     
2092   1984 2800    1600    100     1500    0       100     900     700     100     0       0       0       100     0       0       0       200     700     1000    
2092   1985 3200    2400    1700    1400    500     700     1100    200     200     100     100     300     600     100     0       600     0       500     500     
2092   1986 6400    1300    4900    700     2700    2100    1400    200     0       100     400     2200    200     300     1600    200     900     300     0       
2092   1987 4500    1600    2600    400     100     1200    2500    400     0       0       100     0       300     400     500     1300    1100    100     300     
2092   1988 3700    2800    1800    1600    600     1200    500     1100    200     0       100     500     0       900     300     0       400     100     100     
2092   1989 3800    2600    300     300     1800    300     500     0       200     1800    0       0       0       0       300     0       0       500     1000    
2092   1990 5900    4600    1400    3400    1200    900     1300    700     1700    700     100     400     500     200     200     0       700     600     100     
2092   1991 8000    4000    4700    1300    1500    2500    2800    1200    0       1400    100     0       200     900     1400    2100    500     200     0       
2092   1992 7700    1600    5800    200     2600    3500    1300    0       200     700     300     1600    700     800     2000    400     500     400     100     
2092   1993 9100    2700    5300    1500    2000    2900    1800    1300    100     300     300     1400    1500    700     700     700     800     300     1000    
2092   1994 -999999 -999999 9200    2500    2900    6100    3400    1000    500     1700    300     900     1100    2200    2800    1900    600     900     1100    
2092   1995 9100    4300    5400    2400    1100    4700    1200    800     500     400     100     600     700     2400    1600    0       700     500     800     
2092   1996 6400    4000    3000    2600    2000    1200    600     1500    300     200     1300    500     1000    0       200     0       0       600     800     
2092   1997 7600    4700    1900    2600    2500    500     2100    1100    700     1500    0       1000    400     0       100     400     800     900     700     
2092   1998 7700    5200    3700    3200    900     2400    1900    1300    1200    300     400     200     800     300     1300    700     600     600     0       
2092   1999 8600    1900    5600    300     1100    3300    3400    300     0       400     0       700     1100    400     1800    1600    1300    500     500     
2092   2000 14700   2800    -999999 700     3500    4900    4000    0       200     300     1100    2100    2400    900     1600    1700    1300    1000    2100    
2092   2001 13600   9600    5300    4700    3700    4000    3300    1600    1000    2600    100     1000    700     600     2700    200     2600    500     0       
2092   2002 -999999 6700    -999999 1600    3400    -999999 -999999 500     1100    2000    1100    300     1500    900     300     400     -999999 -999999 600     
2092   2003 -999999 -999999 -999999 -999999 2900    -999999 2100    -999999 -999999 300     1000    1600    2600    2800    2600    500     500     1100    900     
2092   2004 9100    -999999 3800    -999999 0       3100    3400    -999999 400     0       0       0       900     1000    1200    700     1900    800     1600    
2092   2005 9400    5100    7300    1800    2800    3600    2800    200     0       600     100     2100    2100    1200    300     1500    700     600     0       
2092   2006 -999999 -999999 -999999 -999999 -999999 -999999 -999999 100     -999999 -999999 -999999 -999999 -999999 -999999 -999999 -999999 -999999 -999999 -999999 
