EUROPEAN CLIMATE ASSESSMENT & DATASET (ECA&D), file created on: 20-01-2022
THESE DATA CAN BE USED FOR NON-COMMERCIAL RESEARCH AND EDUCATION PROVIDED THAT THE FOLLOWING SOURCE IS ACKNOWLEDGED: 

Klein Tank, A.M.G. and Coauthors, 2002. Daily dataset of 20th-century surface
air temperature and precipitation series for the European Climate Assessment.
Int. J. of Climatol., 22, 1441-1453.
Data and metadata available at http://www.ecad.eu

FILE FORMAT (MISSING VALUE CODE = -999999):

THIS FILE HOLDS DATA FOR STATION SWITZERLAND                              ZUERICH/FLUNTERN                         (STAID:    244)
LATITUDE: dd:mm:ss +47:22:59
LONGITUDE: ddd:mm:ss +008:34:00
ELEVATION: m  555

DATA IS FOR INDEX Days with TN > 90th percentile of daily min temp (warm nights) (TN90p) with unit 0.01 No of days

01-06 SOUID: Source identifier
08-11 YEAR : YYYY
13-20 ANNUAL DATA VALUES
21-28 WINTER HALF YEAR DATA VALUES
29-36 SUMMER HALF YEAR DATA VALUES
37-44 WINTER (DJF) DATA VALUES
45-52 SPRING (MAM) DATA VALUES
53-60 SUMMER (JJA) DATA VALUES
61-68 AUTUMN (SON) DATA VALUES
69-76 JANUARY DATA VALUES
etc. 
157-164 DECEMBER DATA VALUES

244    1901 1000    -999999 1000    -999999 300     500     200     0       0       0       200     100     400     100     0       200     0       0       0       
244    1902 2000    300     1200    200     700     500     400     200     0       100     600     0       0       300     200     100     200     100     200     
244    1903 2100    1300    700     900     100     300     1000    400     300     100     0       0       100     200     0       400     600     0       0       
244    1904 2600    900     1800    300     800     1000    400     200     100     0       300     500     200     200     600     0       200     200     100     
244    1905 1900    900     1300    300     500     800     300     100     100     200     200     100     100     600     100     200     0       100     100     
244    1906 3400    900     1800    700     700     1000    900     600     0       100     200     400     400     200     400     200     200     500     200     
244    1907 1300    1000    900     200     600     400     0       0       0       100     200     300     100     0       300     0       0       0       300     
244    1908 1600    600     1300    600     600     700     0       100     200     0       0       600     700     0       0       0       0       0       0       
244    1909 1800    500     800     500     600     100     300     300     200     0       400     200     100     0       0       100     200     0       300     
244    1910 1300    1000    500     700     400     200     100     100     300     100     0       300     100     0       100     0       100     0       200     
244    1911 2500    500     2000    400     500     1100    700     0       200     0       200     300     0       600     500     400     100     200     0       
244    1912 3100    1800    1000    800     1600    100     100     200     600     700     200     700     100     0       0       0       100     0       500     
244    1913 3000    1100    1100    600     1000    400     1300    100     0       400     300     300     200     0       200     100     200     1000    200     
244    1914 2500    2300    1000    500     1300    100     500     100     200     600     400     300     0       0       100     200     0       300     300     
244    1915 3900    1200    1900    800     1100    900     0       500     0       100     0       1000    800     0       100     0       0       0       1400    
244    1916 2700    2700    600     2400    700     200     300     800     200     300     100     300     0       0       200     0       200     100     500     
244    1917 2600    1100    2100    800     1100    900     300     300     0       0       0       1100    800     0       100     100     100     100     0       
244    1918 3400    1000    1300    700     900     400     500     600     100     100     300     500     0       100     300     100     100     300     900     
244    1919 2900    2200    1200    1500    300     1000    400     300     300     300     0       0       600     0       400     200     0       200     600     
244    1920 2600    1700    1300    1100    1500    200     200     400     100     400     100     1000    200     0       0       0       100     100     200     
244    1921 4500    2000    1800    1700    1000    700     1000    1500    0       100     200     700     200     300     200     200     500     300     300     
244    1922 2800    2200    1600    900     1400    700     0       400     200     500     200     700     400     200     100     0       0       0       100     
244    1923 2500    900     900     800     700     300     800     200     500     100     100     500     0       200     100     0       800     0       0       
244    1924 2100    1200    1000    200     1000    200     600     200     0       200     300     500     100     100     0       0       200     400     100     
244    1925 2500    1600    800     900     300     600     200     600     200     100     100     100     400     100     100     0       0       200     600     
244    1926 3700    2600    1500    1900    1200    200     1000    400     900     500     300     400     0       100     100     600     300     100     0       
244    1927 2600    900     2000    400     1200    700     200     400     0       100     400     700     500     100     100     200     0       0       100     
244    1928 4500    1300    2400    1200    400     1600    1200    700     400     100     100     200     500     500     600     500     200     500     200     
244    1929 3800    900     2300    200     500     1400    1100    0       0       0       0       500     600     500     300     400     100     600     800     
244    1930 3900    1900    2000    1200    500     1200    1600    400     0       0       400     100     600     100     500     300     400     900     200     
244    1931 2200    1600    1600    300     700     900     300     100     0       0       0       700     800     100     0       0       0       300     200     
244    1932 3600    900     2300    600     200     1500    1500    400     0       0       200     0       0       100     1400    600     300     600     0       
244    1933 2800    1600    1200    400     500     900     1000    0       400     300     100     100     0       200     700     100     800     100     0       
244    1934 3600    1200    2400    300     1400    800     300     300     0       0       700     700     400     300     100     200     100     0       800     
244    1935 2900    1500    1700    1300    400     1100    800     100     400     100     200     100     500     500     100     300     200     300     100     
244    1936 3700    2000    1700    1200    700     700     800     800     300     300     300     100     600     0       100     600     0       200     400     
244    1937 4100    1400    2900    1100    1100    1600    700     400     300     100     300     700     1100    200     300     300     200     200     0       
244    1938 2800    900     1400    400     100     1100    1100    400     0       100     0       0       800     0       300     300     200     600     100     
244    1939 4500    2100    2000    1100    1100    700     1600    800     200     200     900     0       300     200     200     400     200     1000    100     
244    1940 2700    2000    1300    300     1200    200     1100    0       200     500     300     400     100     0       100     400     100     600     0       
244    1941 2800    1400    1400    300     400     1200    800     200     100     400     0       0       500     500     200     200     600     0       100     
244    1942 3800    1000    2500    100     1000    700     2100    0       0       300     200     500     100     400     200     1100    700     300     0       
244    1943 3900    1700    2500    200     1300    1100    1300    100     100     500     500     300     200     0       900     600     600     100     0       
244    1944 4400    1600    2900    900     1100    1700    600     800     100     0       700     400     200     0       1500    100     200     300     100     
244    1945 5200    1300    3800    400     2300    1600    700     0       300     400     800     1100    800     500     300     300     100     300     300     
244    1946 4000    1700    2400    1100    1200    1400    500     200     600     200     400     600     500     600     300     0       200     300     100     
244    1947 7100    1100    5300    100     2600    2800    1600    0       0       500     900     1200    1000    700     1100    400     300     900     100     
244    1948 5200    3700    2000    1700    1500    1300    800     600     1000    800     200     500     700     100     500     0       400     400     0       
244    1949 6000    1400    4300    500     1700    1700    1300    400     100     100     1200    400     400     500     800     1000    200     100     800     
244    1950 2800    1600    1700    1100    600     1200    700     200     100     200     0       400     300     500     400     100     400     200     0       
244    1951 2400    1300    1300    500     500     300     1100    400     100     200     100     200     200     0       100     700     100     300     0       
244    1952 4200    1000    3000    300     1700    1500    600     300     0       300     1100    300     200     800     500     100     300     200     100     
244    1953 3100    700     2300    100     1300    700     1000    0       0       100     200     1000    100     300     300     400     600     0       100     
244    1954 2500    1300    900     500     400     600     700     400     0       200     200     0       300     200     100     100     100     500     400     
244    1955 2400    1700    700     700     900     100     200     200     100     400     200     300     100     0       0       100     0       100     900     
244    1956 2100    1600    800     1200    700     200     500     300     0       300     200     200     0       200     0       200     200     100     400     
244    1957 4200    2700    2100    1300    1300    1600    400     300     600     1100    200     0       500     900     200     300     100     0       0       
244    1958 3600    800     2200    700     700     1100    500     100     600     0       0       700     100     300     700     400     100     0       600     
244    1959 2900    1700    1800    1000    1200    1000    200     400     0       600     500     100     300     500     200     200     0       0       100     
244    1960 3300    1300    1300    800     800     1000    600     300     400     500     200     100     500     0       500     0       0       600     200     
244    1961 6700    2100    3700    1000    1900    700     2500    100     700     500     1100    300     500     100     100     1600    600     300     800     
244    1962 3000    2500    2100    1600    900     1000    300     800     0       0       700     200     700     200     100     200     0       100     0       
244    1963 1700    100     900     0       200     500     1000    0       0       0       200     0       200     200     100     200     100     700     0       
244    1964 3500    1300    2400    300     1000    1300    900     0       300     200     500     300     300     600     400     300     0       600     0       
244    1965 1600    900     600     200     200     500     200     200     0       100     0       100     500     0       0       0       0       200     500     
244    1966 5100    2100    2100    1900    900     600     2000    300     1100    0       600     300     500     0       100     600     1400    0       200     
244    1967 3200    2700    1300    900     900     400     1100    300     400     400     200     300     200     200     0       400     700     0       100     
244    1968 2600    1300    1200    500     800     500     800     100     300     100     600     100     200     300     0       0       600     200     100     
244    1969 2100    1200    1400    200     1100    500     400     100     0       200     500     400     0       500     0       0       100     300     0       
244    1970 2100    500     1100    100     300     700     700     0       100     0       200     100     200     0       500     100     100     500     300     
244    1971 3300    1200    2300    600     1400    900     500     300     0       0       400     1000    0       300     600     0       200     300     200     
244    1972 2500    1300    1700    700     900     900     100     200     300     100     500     300     0       400     500     0       0       100     100     
244    1973 3500    200     3100    100     900     1700    900     0       0       0       200     700     600     200     900     500     0       400     0       
244    1974 6400    3300    2300    1700    1400    1500    900     1300    400     1200    0       200     0       300     1200    600     0       300     900     
244    1975 3400    2700    1600    2000    1000    700     600     1100    0       400     300     300     200     300     200     300     0       300     0       
244    1976 4800    1500    2900    1200    800     1900    800     1100    100     0       300     500     900     1000    0       200     400     200     100     
244    1977 5500    3700    400     1600    1600    300     1600    200     1300    1500    100     0       100     200     0       0       800     800     500     
244    1978 1700    2300    800     600     200     700     0       0       100     100     0       100     500     0       200     0       0       0       700     
244    1979 4600    2000    1700    1500    1000    1000    1100    0       800     500     0       500     600     400     0       200     500     400     700     
244    1980 2700    2600    1200    1500    400     1000    300     100     700     200     200     0       200     0       800     0       100     200     200     
244    1981 5100    1800    2600    300     2400    1200    1300    100     0       1200    1100    100     700     100     400     200     200     900     100     
244    1982 3900    1700    2300    600     400     1500    1000    500     0       0       100     300     700     600     200     400     200     400     500     
244    1983 5600    2700    3300    1400    1000    2700    800     800     100     700     300     0       500     1300    900     300     200     300     200     
244    1984 1900    900     1000    400     100     500     1000    100     100     0       100     0       100     400     0       400     200     400     100     
244    1985 3100    1100    1500    500     700     600     900     0       400     0       400     300     200     200     200     200     600     100     500     
244    1986 2900    1700    1700    1000    700     900     500     500     0       0       0       700     400     300     200     100     200     200     300     
244    1987 4400    1000    3200    500     700     1400    1600    100     100     100     400     200     100     1000    300     1200    200     200     500     
244    1988 4700    2200    2000    1700    1200    700     1100    1200    0       100     200     900     0       200     500     200     500     400     500     
244    1989 5400    3500    1500    1800    1300    900     800     700     600     800     100     400     0       300     600     100     500     200     1100    
244    1990 6000    4400    2100    2600    1900    1300    1100    200     1300    1100    0       800     200     200     900     0       800     300     200     
244    1991 4700    3300    2400    1000    1200    2100    400     800     0       1200    0       0       300     1000    800     300     0       100     200     
244    1992 5100    1500    3300    700     1800    2200    500     200     300     700     400     700     300     400     1500    0       0       500     100     
244    1993 4600    2500    2200    1500    1600    900     200     1400    0       500     800     300     400     200     300     200     0       0       500     
244    1994 10300   4000    3800    2100    2400    2900    2700    1100    500     1900    300     200     600     1600    700     400     500     1800    700     
244    1995 6300    4700    2200    2100    1100    1400    2000    200     1200    300     400     400     100     700     600     0       1600    400     400     
244    1996 2400    2700    1700    500     1000    900     300     100     0       200     600     200     800     100     0       0       200     100     100     
244    1997 5800    2000    2700    600     1600    1500    1500    0       500     1100    100     400     400     0       1100    700     500     300     700     
244    1998 5900    3200    3400    1900    1700    2100    600     900     300     500     500     700     700     500     900     100     400     100     300     
244    1999 6200    2100    4400    1200    2300    1700    1200    700     200     400     500     1400    200     500     1000    800     200     200     100     
244    2000 8500    2200    4600    1200    2700    2100    1700    400     700     600     500     1600    1100    200     800     400     800     500     900     
244    2001 7000    4100    2700    2000    2000    1500    1800    500     600     800     200     1000    100     300     1100    0       1600    200     600     
244    2002 8700    5400    3000    2900    1300    2200    1600    900     1400    700     300     300     1300    100     800     200     200     1200    1300    
244    2003 8700    3900    7300    1800    2500    5300    400     500     0       700     400     1400    2800    300     2200    200     0       200     0       
244    2004 4600    1300    2100    800     500     1700    1500    700     100     300     200     0       400     300     1000    200     700     600     100     
244    2005 6500    3200    3700    900     1900    1800    2000    600     200     1000    300     600     1200    500     100     1000    600     400     0       
244    2006 7900    1700    4900    300     1300    3000    2800    200     100     400     300     600     1300    1700    0       1000    900     900     500     
244    2007 7000    4700    4100    2600    2600    1700    400     1700    400     300     1300    1000    1000    400     300     100     300     0       200     
244    2008 5700    2300    2900    1700    1000    1700    1300    900     600     300     0       700     1000    400     300     500     700     100     200     
244    2009 7600    1100    5800    200     2200    3000    2200    0       0       100     1000    1100    500     1000    1500    700     500     1000    200     
244    2010 5500    2700    3700    500     1500    2900    600     0       300     700     500     300     900     1300    700     0       100     500     200     
244    2011 8500    3000    4700    1500    3100    1600    1800    900     400     900     1100    1100    500     100     1000    900     300     600     700     
244    2012 7100    3000    3600    1600    1900    1800    1700    700     200     500     500     900     900     100     800     400     600     700     800     
244    2013 6000    2900    3500    1500    900     2100    2000    600     100     100     600     200     300     1000    800     600     1000    400     300     
244    2014 7800    3600    3100    1600    2100    1000    2600    1000    300     600     1300    200     600     0       400     600     1300    700     800     
244    2015 8800    3500    5800    1200    1800    4300    1400    400     0       300     700     800     900     2000    1400    0       300     1100    900     
244    2016 6800    3800    4400    2200    1300    2000    2100    900     400     200     600     500     400     900     700     1300    100     700     100     
244    2017 7200    2300    5200    600     2500    3500    600     200     300     900     700     900     1500    700     1300    100     200     300     100     
244    2018 11400   2300    7500    1700    2900    4300    1600    1500    100     100     1500    1300    1500    1100    1700    400     600     600     1000    
244    2019 7900    3300    3800    1300    1000    3300    2100    200     100     800     100     100     1100    1200    1000    300     1000    800     1200    
244    2020 7600    5200    4500    2800    2100    2300    1400    400     1200    600     1100    400     200     600     1500    700     300     400     200     
244    2021 4800    2500    2200    1500    500     1400    900     300     1000    300     200     0       1000    100     300     600     300     0       700     
