EUROPEAN CLIMATE ASSESSMENT & DATASET (ECA&D), file created on: 20-01-2022
THESE DATA CAN BE USED FOR NON-COMMERCIAL RESEARCH AND EDUCATION PROVIDED THAT THE FOLLOWING SOURCE IS ACKNOWLEDGED: 

Klein Tank, A.M.G. and Coauthors, 2002. Daily dataset of 20th-century surface
air temperature and precipitation series for the European Climate Assessment.
Int. J. of Climatol., 22, 1441-1453.
Data and metadata available at http://www.ecad.eu

FILE FORMAT (MISSING VALUE CODE = -999999):

THIS FILE HOLDS DATA FOR STATION NORWAY                                   KYSNESSTRAND                             (STAID:  19110)
LATITUDE: dd:mm:ss +60:12:15
LONGITUDE: ddd:mm:ss +006:06:47
ELEVATION: m   21

DATA IS FOR INDEX Days with TN > 90th percentile of daily min temp (warm nights) (TN90p) with unit 0.01 No of days

01-06 SOUID: Source identifier
08-11 YEAR : YYYY
13-20 ANNUAL DATA VALUES
21-28 WINTER HALF YEAR DATA VALUES
29-36 SUMMER HALF YEAR DATA VALUES
37-44 WINTER (DJF) DATA VALUES
45-52 SPRING (MAM) DATA VALUES
53-60 SUMMER (JJA) DATA VALUES
61-68 AUTUMN (SON) DATA VALUES
69-76 JANUARY DATA VALUES
etc. 
157-164 DECEMBER DATA VALUES

19110  1961 -999999 -999999 -999999 -999999 -999999 -999999 -999999 -999999 -999999 -999999 -999999 -999999 -999999 300     100     -999999 -999999 400     0       
19110  1962 -999999 -999999 -999999 400     -999999 100     1200    300     100     0       400     -999999 0       100     0       300     500     400     0       
19110  1963 2500    1000    1900    0       600     1200    500     0       0       100     500     0       300     600     300     200     0       300     200     
19110  1964 2800    1300    1300    900     1000    400     400     300     400     100     800     100     0       200     200     0       0       400     300     
19110  1965 2400    800     1900    300     600     600     1200    0       0       100     300     200     100     300     200     800     400     0       0       
19110  1966 1800    800     1200    300     300     900     300     0       300     100     100     100     900     0       0       100     200     0       0       
19110  1967 4200    1100    2200    200     1400    600     1700    100     100     700     400     300     0       100     500     900     0       800     300     
19110  1968 4700    1600    3500    400     1300    1300    1900    100     0       400     700     200     500     200     600     1300    400     200     100     
19110  1969 4000    1300    2800    700     300     2100    1000    600     0       0       100     200     400     200     1500    400     600     0       0       
19110  1970 2700    600     1900    0       300     1500    400     0       0       0       0       300     600     0       900     100     0       300     500     
19110  1971 4600    2000    1500    1700    600     700     900     400     800     0       500     100     100     400     200     200     200     500     1200    
19110  1972 4000    2900    1600    1500    1300    1000    100     200     100     700     200     400     200     700     100     0       100     0       1300    
19110  1973 3000    3400    800     2400    1100    500     100     700     400     900     100     100     0       500     0       100     0       0       200     
19110  1974 5600    2700    2200    2200    1500    500     1000    800     1200    500     600     400     500     0       0       700     0       300     600     
19110  1975 6000    2400    2600    1600    1100    1700    1600    500     500     500     200     400     100     300     1300    300     700     600     600     
19110  1976 3800    2500    2600    1200    800     1700    600     100     500     0       200     600     400     1000    300     100     300     200     100     
19110  1977 3700    1400    -999999 200     1100    -999999 1100    100     0       700     0       400     100     -999999 300     0       1000    100     1000    
19110  1978 4500    3400    2400    1600    1200    1900    800     300     300     700     200     300     900     400     600     0       400     400     0       
19110  1979 1800    1100    900     0       800     300     400     0       0       300     500     0       300     0       0       100     300     0       300     
19110  1980 3900    800     3100    400     300     2300    800     0       100     100     100     100     900     600     800     600     0       200     400     
19110  1981 2600    1000    2100    700     1300    500     500     100     200     100     100     1100    100     100     300     400     100     0       0       
19110  1982 4500    1000    2400    400     900     1500    1500    100     300     500     300     100     500     400     600     500     800     200     200     
19110  1983 4400    2300    2600    900     1300    1200    1100    700     0       400     500     400     100     700     400     500     300     300     100     
19110  1984 4600    800     2300    200     1400    800     1500    0       100     0       100     1300    500     100     200     100     0       1400    800     
19110  1985 2500    2700    900     800     1000    400     1000    0       0       500     200     300     100     300     0       0       1000    0       100     
19110  1986 2200    1300    900     100     400     700     700     0       0       200     0       200     400     300     0       0       200     500     400     
19110  1987 3200    1400    1500    600     800     800     900     0       200     100     600     100     0       600     200     0       600     300     500     
19110  1988 5400    2700    3000    1600    1000    1500    1400    500     600     200     200     600     700     400     400     700     200     500     400     
19110  1989 6700    4200    2600    3100    1500    900     1400    1700    1000    400     1000    100     500     400     0       600     300     500     200     
19110  1990 7300    5500    1600    3500    2400    400     800     1300    2000    1200    700     500     0       100     300     0       500     300     400     
19110  1991 4900    2700    2600    700     2100    1600    600     200     100     1200    800     100     0       1000    600     100     100     400     300     
19110  1992 5700    3300    2800    2200    1600    1400    400     600     1300    600     400     600     1100    300     0       400     0       0       400     
19110  1993 2800    1400    1700    1100    1800    0       200     200     500     300     800     700     0       0       0       200     0       0       100     
19110  1994 4300    500     2100    300     800     1100    1800    200     0       200     500     100     0       600     500     400     500     900     400     
19110  1995 5500    3600    2300    1700    800     1000    2100    700     600     500     300     0       100     200     700     1000    700     400     300     
19110  1996 3400    2000    2400    900     400     1900    500     500     100     0       400     0       0       200     1700    100     300     100     0       
19110  1997 6700    1700    4600    700     700     4100    1000    200     500     600     100     0       1000    1200    1900    400     0       600     200     
19110  1998 5000    2900    2400    1900    1000    500     1400    500     1200    400     600     0       400     100     0       1300    0       100     400     
19110  1999 6900    2100    4000    1300    1700    1000    3100    700     200     700     1000    0       300     400     300     2000    400     700     200     
19110  2000 8100    2800    2900    1400    1700    1000    3000    500     700     300     1000    400     200     400     400     500     1200    1300    1200    
19110  2001 4500    5000    1800    2500    200     1300    1400    800     500     0       200     0       100     600     600     300     1000    100     300     
19110  2002 -999999 2600    -999999 1500    -999999 -999999 -999999 700     500     0       -999999 -999999 -999999 -999999 -999999 -999999 -999999 -999999 -999999 
