EUROPEAN CLIMATE ASSESSMENT & DATASET (ECA&D), file created on: 20-01-2022
THESE DATA CAN BE USED FOR NON-COMMERCIAL RESEARCH AND EDUCATION PROVIDED THAT THE FOLLOWING SOURCE IS ACKNOWLEDGED: 

Klein Tank, A.M.G. and Coauthors, 2002. Daily dataset of 20th-century surface
air temperature and precipitation series for the European Climate Assessment.
Int. J. of Climatol., 22, 1441-1453.
Data and metadata available at http://www.ecad.eu

FILE FORMAT (MISSING VALUE CODE = -999999):

THIS FILE HOLDS DATA FOR STATION ITALY                                    RAVENNA_URBANA                           (STAID:  17865)
LATITUDE: dd:mm:ss +44:24:52
LONGITUDE: ddd:mm:ss +012:12:00
ELEVATION: m   27

DATA IS FOR INDEX Days with TN > 90th percentile of daily min temp (warm nights) (TN90p) with unit 0.01 No of days

01-06 SOUID: Source identifier
08-11 YEAR : YYYY
13-20 ANNUAL DATA VALUES
21-28 WINTER HALF YEAR DATA VALUES
29-36 SUMMER HALF YEAR DATA VALUES
37-44 WINTER (DJF) DATA VALUES
45-52 SPRING (MAM) DATA VALUES
53-60 SUMMER (JJA) DATA VALUES
61-68 AUTUMN (SON) DATA VALUES
69-76 JANUARY DATA VALUES
etc. 
157-164 DECEMBER DATA VALUES

17865  1951 5400    -999999 1500    -999999 700     600     2100    700     1000    300     100     300     500     100     0       500     400     1200    300     
17865  1952 4700    2100    4000    400     2100    1900    300     0       100     100     1300    700     600     1000    300     100     200     0       300     
17865  1953 4900    500     2000    300     500     500     2600    0       0       0       200     300     100     200     200     1000    1500    100     1300    
17865  1954 1900    2900    200     1300    0       200     800     0       0       0       0       0       0       100     100     0       400     400     900     
17865  1955 -999999 3100    -999999 -999999 100     -999999 700     1200    -999999 0       100     0       200     100     -999999 200     0       500     400     
17865  1956 3100    1700    1600    1200    300     800     700     800     0       0       200     100     0       0       800     500     0       200     500     
17865  1957 4100    1600    1900    800     900     1500    800     0       300     600     200     100     400     600     500     100     100     600     600     
17865  1958 5700    1800    2500    1100    900     1200    2000    0       500     0       100     800     200     300     700     400     400     1200    1100    
17865  1959 6500    3600    3400    1300    1900    1500    1700    200     0       700     300     900     400     500     600     700     200     800     1200    
17865  1960 4600    2800    1500    1500    1200    600     1400    0       300     300     600     300     300     0       300     0       700     700     1100    
17865  1961 6700    3200    3800    1400    2100    1700    2000    100     200     400     1100    600     900     400     400     400     800     800     600     
17865  1962 -999999 -999999 1700    -999999 500     700     1300    300     100     200     100     200     100     0       600     700     300     300     -999999 
17865  1963 5200    -999999 2300    -999999 800     1400    2200    400     0       0       500     300     500     500     400     100     300     1800    400     
17865  1964 5100    3300    2600    800     1400    1500    900     0       400     400     500     500     1000    300     200     100     500     300     900     
17865  1965 -999999 2200    -999999 1300    -999999 -999999 500     200     200     100     100     -999999 -999999 300     0       200     100     200     200     
17865  1966 6100    2500    3100    1700    2300    1000    1300    0       1500    500     1200    600     800     200     0       300     800     200     0       
17865  1967 3800    1600    2000    0       1200    1100    1200    0       0       600     300     300     0       600     500     300     300     600     300     
17865  1968 2000    1400    1300    400     800     400     600     0       100     100     300     400     300     0       100     200     0       400     100     
17865  1969 3600    1300    2100    100     2200    600     800     0       0       800     300     1100    200     200     200     100     100     600     0       
17865  1970 1700    1300    800     500     200     400     600     500     0       100     100     0       200     100     100     300     200     100     0       
17865  1971 4200    1400    2700    700     1000    2000    500     600     100     400     500     100     0       400     1600    100     100     300     0       
17865  1972 5400    3800    900     2400    1300    600     100     900     1500    1000    200     100     200     100     300     0       100     0       1000    
17865  1973 4100    2100    2500    2000    300     1500    800     1000    0       0       0       300     400     700     400     700     100     0       500     
17865  1974 4900    3500    1300    2700    1200    800     600     800     1400    700     400     100     100     300     400     0       0       600     100     
17865  1975 3100    2000    1100    1100    400     300     1000    800     200     300     0       100     0       200     100     700     100     200     400     
17865  1976 2500    800     1200    500     300     700     1100    0       100     0       200     100     200     400     100     200     500     400     300     
17865  1977 2800    2300    800     1000    900     300     900     400     300     400     300     200     0       200     100     0       900     0       0       
17865  1978 1900    2100    200     600     700     100     100     500     100     600     100     0       100     0       0       0       100     0       400     
17865  1979 4200    2200    1700    1500    800     1400    500     100     1000    600     0       200     600     300     500     100     400     0       400     
17865  1980 700     1100    400     700     0       200     200     300     0       0       0       0       0       0       200     200     0       0       0       
17865  1981 1700    400     800     0       500     400     700     0       0       400     100     0       400     0       0       300     400     0       100     
17865  1982 3400    800     1900    400     600     1100    800     100     200     0       200     400     500     600     0       200     100     500     600     
17865  1983 3300    1700    2700    700     900     1900    300     100     0       400     200     300     400     1400    100     300     0       0       100     
17865  1984 1200    200     100     200     0       100     100     0       100     0       0       0       0       100     0       0       0       100     900     
17865  1985 3700    1400    2200    900     1100    1000    500     0       0       400     400     300     200     600     200     500     0       0       1100    
17865  1986 2800    1500    1700    1400    1700    100     700     200     100     100     400     1200    0       0       100     0       100     600     0       
17865  1987 4300    900     2800    200     0       1100    2700    0       200     0       0       0       0       700     400     1700    900     100     300     
17865  1988 5400    3700    1900    2700    200     1400    1400    1800    600     0       0       200     0       300     1100    300     1100    0       0       
17865  1989 3400    2000    2300    400     1900    900     0       0       400     500     600     800     200     200     500     0       0       0       200     
17865  1990 5100    1200    2200    1000    600     900     2600    300     500     200     200     200     200     200     500     900     1100    600     200     
17865  1991 4400    3100    3000    700     700     2200    1000    500     0       700     0       0       300     1000    900     800     100     100     0       
17865  1992 4300    600     2600    300     500     2100    500     100     200     100     100     300     200     400     1500    100     300     100     900     
17865  1993 3200    1900    1700    1500    300     1200    800     600     0       0       0       300     300     300     600     200     200     400     300     
17865  1994 5700    2200    2800    1600    400     2100    1200    900     400     0       0       400     0       600     1500    300     200     700     700     
17865  1995 1800    1800    800     900     0       800     500     100     100     0       0       0       0       800     0       0       200     300     300     
17865  1996 5400    1700    2100    1200    400     1700    1300    900     0       0       100     300     800     600     300     0       400     900     1100    
17865  1997 6200    3100    3000    1600    700     1700    2300    400     100     200     100     400     1000    300     400     800     800     700     1000    
17865  1998 7900    3700    6200    1800    1600    4400    1000    600     200     400     500     700     1500    1500    1400    600     200     200     100     
17865  1999 8700    1400    6000    800     2800    2600    2300    600     100     200     300     2300    900     600     1100    800     800     700     300     
17865  2000 10500   2300    6600    500     3100    3300    2400    0       200     300     900     1900    1600    800     900     500     700     1200    1500    
17865  2001 9900    7000    5000    3400    3700    2900    1400    1600    300     1700    300     1700    700     900     1300    100     1000    300     0       
17865  2002 9500    2400    4700    600     1900    2900    2200    100     500     500     100     1300    1500    1000    400     400     200     1600    1900    
17865  2003 12300   4100    9400    2000    2500    6900    2000    100     0       300     300     1900    2800    1500    2600    300     400     1300    -999999 
17865  2004 8700    3000    4700    -999999 900     3400    3100    100     200     200     400     300     900     1100    1400    600     1600    900     1000    
17865  2005 6500    4300    4200    1100    1800    2500    1800    100     0       700     200     900     1400    800     300     600     500     700     300     
17865  2006 5900    1700    4100    400     1100    2500    1400    0       100     100     300     700     1400    900     200     600     400     400     800     
17865  2007 7000    4200    4400    2600    2600    2400    200     1100    700     800     700     1100    900     1200    300     200     0       0       0       
17865  2008 7300    1600    4100    1200    800     3000    1700    800     400     400     0       400     1200    1000    800     700     400     600     600     
17865  2009 6500    2400    4400    1400    1700    2400    1500    200     600     0       200     1500    500     800     1100    300     200     1000    100     
17865  2010 5400    2000    3700    300     1300    2800    900     0       200     500     200     600     600     1700    500     100     200     600     200     
17865  2011 6900    1800    5400    500     1900    2600    1800    0       300     500     800     600     600     900     1100    1400    0       400     300     
17865  2012 8000    1300    6000    400     1400    4700    1400    0       100     500     400     500     1500    1700    1500    400     200     800     400     
17865  2013 6800    1900    3900    700     2000    1700    2300    300     0       200     900     900     700     400     600     400     800     1100    500     
17865  2014 9400    5600    2300    3200    1300    1400    2900    1700    1000    500     600     200     900     200     300     100     900     1900    1100    
17865  2015 8400    5200    6500    1800    2500    3900    800     500     200     600     700     1200    900     2200    800     700     0       100     500     
17865  2016 6700    2900    3800    2300    2000    1800    1100    900     900     500     1000    500     500     1200    100     500     0       600     0       
17865  2017 7300    1600    5800    300     2100    4400    100     0       300     700     1000    400     1800    1100    1500    0       0       100     400     
17865  2018 10000   1800    6800    1400    2900    3400    2500    900     100     300     1100    1500    1200    900     1300    800     300     1400    200     
17865  2019 -999999 2800    -999999 400     1200    -999999 2100    200     0       700     500     0       -999999 -999999 -999999 400     900     800     1100    
17865  2020 8000    -999999 3800    -999999 1800    2300    1100    500     1000    600     300     900     500     500     1300    300     0       800     1300    
17865  2021 5100    2600    3500    1700    200     3100    800     0       400     100     100     0       1500    900     700     300     100     400     600     
