EUROPEAN CLIMATE ASSESSMENT & DATASET (ECA&D), file created on: 20-01-2022
THESE DATA CAN BE USED FOR NON-COMMERCIAL RESEARCH AND EDUCATION PROVIDED THAT THE FOLLOWING SOURCE IS ACKNOWLEDGED: 

Klein Tank, A.M.G. and Coauthors, 2002. Daily dataset of 20th-century surface
air temperature and precipitation series for the European Climate Assessment.
Int. J. of Climatol., 22, 1441-1453.
Data and metadata available at http://www.ecad.eu

FILE FORMAT (MISSING VALUE CODE = -999999):

THIS FILE HOLDS DATA FOR STATION FRANCE                                   CARPENTRAS                               (STAID:  11336)
LATITUDE: dd:mm:ss +44:04:58
LONGITUDE: ddd:mm:ss +005:03:33
ELEVATION: m   99

DATA IS FOR INDEX Days with TN > 90th percentile of daily min temp (warm nights) (TN90p) with unit 0.01 No of days

01-06 SOUID: Source identifier
08-11 YEAR : YYYY
13-20 ANNUAL DATA VALUES
21-28 WINTER HALF YEAR DATA VALUES
29-36 SUMMER HALF YEAR DATA VALUES
37-44 WINTER (DJF) DATA VALUES
45-52 SPRING (MAM) DATA VALUES
53-60 SUMMER (JJA) DATA VALUES
61-68 AUTUMN (SON) DATA VALUES
69-76 JANUARY DATA VALUES
etc. 
157-164 DECEMBER DATA VALUES

11336  1963 -999999 -999999 -999999 -999999 -999999 -999999 1100    -999999 -999999 -999999 -999999 -999999 -999999 -999999 -999999 300     0       800     300     
11336  1964 5700    2700    3500    1200    2000    1500    1100    100     800     700     600     700     800     500     200     700     100     300     200     
11336  1965 2800    1400    1300    600     1100    400     600     400     0       400     400     300     100     200     100     200     200     200     300     
11336  1966 4500    1800    1600    1100    1400    300     1800    100     700     300     1000    100     300     0       0       200     1200    400     200     
11336  1967 4800    3800    2000    900     1600    1200    1300    300     400     1300    200     100     200     600     400     500     400     400     0       
11336  1968 3700    1600    1800    800     900     800     1100    100     700     0       400     500     200     500     100     100     500     500     100     
11336  1969 3300    2200    1500    500     1500    600     800     200     200     700     500     300     100     100     400     100     400     300     0       
11336  1970 4300    1700    2300    700     600     1600    1300    700     0       300     300     0       800     200     600     400     500     400     100     
11336  1971 3000    1200    2000    300     1200    600     300     200     0       0       600     600     100     100     400     200     0       100     700     
11336  1972 3500    2400    1000    2000    1000    300     300     700     600     300     500     200     200     100     0       0       100     200     600     
11336  1973 2300    900     1300    600     500     500     700     0       0       0       0       500     200     0       300     300     100     300     600     
11336  1974 4800    3000    1500    1800    1400    900     900     800     400     800     200     400     100     400     400     0       0       900     400     
11336  1975 2000    2300    900     1300    100     500     500     600     300     100     0       0       100     0       400     400     0       100     0       
11336  1976 4000    800     2500    700     1000    1100    800     400     300     0       400     600     400     500     200     400     300     100     400     
11336  1977 4100    2100    900     1300    1000    300     1100    600     300     400     400     200     200     100     0       0       1000    100     800     
11336  1978 2400    3100    900     1500    700     400     300     200     500     500     100     100     400     0       0       300     0       0       300     
11336  1979 3000    1300    1400    800     1100    800     500     100     400     500     200     400     400     300     100     0       500     0       100     
11336  1980 2800    1400    1500    800     300     800     1000    200     500     100     100     100     0       0       800     500     300     200     0       
11336  1981 3000    1500    1600    200     1200    700     600     100     100     800     300     100     300     300     100     500     100     0       300     
11336  1982 4800    1300    3200    1200    200     2600    1000    600     300     0       0       200     1300    1000    300     400     0       600     100     
11336  1983 4500    1300    3100    600     1100    1800    700     500     0       100     500     500     400     600     800     300     0       400     400     
11336  1984 2200    800     1200    400     200     700     1100    0       0       0       0       200     500     200     0       300     100     700     200     
11336  1985 2800    1900    1300    900     600     800     100     200     500     200     400     0       300     300     200     100     0       0       600     
11336  1986 4100    600     2900    600     1100    1400    1400    0       0       0       300     800     200     500     700     400     400     600     200     
11336  1987 5100    1800    2800    500     800     1400    2100    0       300     300     300     200     200     700     500     900     1100    100     500     
11336  1988 5200    3600    1800    2000    1500    600     1000    1300    200     400     500     600     0       100     500     100     600     300     600     
11336  1989 5600    2400    3000    1000    1100    2200    1100    200     200     500     400     200     200     1200    800     200     200     700     800     
11336  1990 4900    2700    2500    1400    1000    1600    1700    0       600     400     0       600     300     700     600     300     1100    300     0       
11336  1991 4400    3100    2400    400     1600    1100    1200    300     100     1300    100     200     200     500     400     1000    100     100     100     
11336  1992 4200    1600    2300    600     1500    1500    300     200     300     800     300     400     100     400     1000    100     0       200     400     
11336  1993 3500    900     2000    600     700     1100    1300    200     0       100     200     400     400     100     600     300     700     300     200     
11336  1994 5900    2500    3400    700     1500    2400    1100    200     300     800     100     600     200     900     1300    300     200     600     400     
11336  1995 5200    1900    2400    1000    700     1700    1600    100     500     100     400     200     200     400     1100    100     800     700     600     
11336  1996 5100    3800    2000    2100    1300    900     300     1300    200     200     800     300     400     300     200     0       100     200     1100    
11336  1997 5700    2700    2500    1900    1100    1700    1600    500     300     500     500     100     600     0       1100    200     700     700     500     
11336  1998 4200    2900    2700    1000    1200    1700    500     500     0       500     400     300     500     500     700     300     100     100     300     
11336  1999 5500    1600    3700    900     2300    1300    1100    400     200     500     600     1200    300     100     900     600     300     200     200     
11336  2000 3700    1600    1800    400     1200    1000    600     0       200     700     100     400     400     200     400     300     0       300     700     
11336  2001 5000    2700    2200    1600    1900    900     1200    700     200     800     200     900     100     400     400     200     800     200     100     
11336  2002 5500    2300    2700    400     1900    1500    1300    100     200     900     500     500     800     500     200     200     300     800     500     
11336  2003 6100    2200    3900    1100    500     3300    1000    500     100     0       300     200     1100    400     1800    100     400     500     700     
11336  2004 4700    2400    2500    1200    600     1900    1500    300     200     300     300     0       900     400     600     300     900     300     200     
11336  2005 5900    2300    3900    600     900     3000    1600    400     0       500     100     300     1600    800     600     500     700     400     0       
11336  2006 8200    2000    4900    200     2000    2900    2600    100     100     700     700     600     800     1400    700     700     900     1000    500     
11336  2007 4300    3600    2500    1200    1800    1200    500     500     200     500     300     1000    500     200     500     0       100     400     100     
11336  2008 5100    1800    2900    1200    1500    1100    1000    700     400     100     600     800     400     300     400     400     200     400     400     
11336  2009 5300    1600    3200    800     1700    1500    1100    0       400     200     700     800     400     400     700     200     500     400     600     
11336  2010 4100    2100    2300    800     1100    1500    800     100     100     400     400     300     100     900     500     100     400     300     500     
11336  2011 5000    2400    2500    1000    1700    900     1600    300     200     700     400     600     600     0       300     600     300     700     300     
11336  2012 6300    2600    3000    1300    1400    1800    1600    900     100     300     700     400     800     200     800     100     900     600     500     
11336  2013 4300    2600    1700    500     1000    800     2000    0       0       600     100     300     200     200     400     500     1300    200     500     
11336  2014 6300    3200    2600    1500    1100    900     2500    800     200     200     500     400     500     300     100     800     500     1200    800     
11336  2015 6500    3400    4000    1200    1900    2300    600     300     100     500     700     700     700     1100    500     300     100     200     1300    
11336  2016 5300    2700    3100    2400    1400    1600    1000    700     400     0       900     500     400     900     300     100     300     600     200     
11336  2017 5800    2500    3500    1100    900     3100    600     100     800     500     200     200     1300    600     1200    0       300     300     300     
11336  2018 7000    2400    4200    1300    2000    2600    1300    1000    0       500     600     900     900     700     1000    100     400     800     100     
11336  2019 6200    2100    3600    500     1200    2500    1500    400     0       400     500     300     800     1000    700     300     600     600     600     
11336  2020 7400    3400    4400    1700    2000    2600    1100    400     700     500     900     600     800     800     1000    300     300     500     600     
