EUROPEAN CLIMATE ASSESSMENT & DATASET (ECA&D), file created on: 20-01-2022
THESE DATA CAN BE USED FOR NON-COMMERCIAL RESEARCH AND EDUCATION PROVIDED THAT THE FOLLOWING SOURCE IS ACKNOWLEDGED: 

Klein Tank, A.M.G. and Coauthors, 2002. Daily dataset of 20th-century surface
air temperature and precipitation series for the European Climate Assessment.
Int. J. of Climatol., 22, 1441-1453.
Data and metadata available at http://www.ecad.eu

FILE FORMAT (MISSING VALUE CODE = -999999):

THIS FILE HOLDS DATA FOR STATION RUSSIAN FEDERATION                       MAMAKAN                                  (STAID:   8306)
LATITUDE: dd:mm:ss +57:49:00
LONGITUDE: ddd:mm:ss +114:10:00
ELEVATION: m  244

DATA IS FOR INDEX Days with TN > 90th percentile of daily min temp (warm nights) (TN90p) with unit 0.01 No of days

01-06 SOUID: Source identifier
08-11 YEAR : YYYY
13-20 ANNUAL DATA VALUES
21-28 WINTER HALF YEAR DATA VALUES
29-36 SUMMER HALF YEAR DATA VALUES
37-44 WINTER (DJF) DATA VALUES
45-52 SPRING (MAM) DATA VALUES
53-60 SUMMER (JJA) DATA VALUES
61-68 AUTUMN (SON) DATA VALUES
69-76 JANUARY DATA VALUES
etc. 
157-164 DECEMBER DATA VALUES

8306   1959 4900    -999999 2300    -999999 1600    1400    800     200     500     1200    200     200     300     0       1100    500     100     200     400     
8306   1960 2900    1400    1700    1100    200     1400    500     0       700     0       0       200     800     400     200     100     200     200     100     
8306   1961 3100    1400    1500    300     1300    100     1500    100     100     700     300     300     0       0       100     800     0       700     0       
8306   1962 5100    3100    1800    2100    1200    800     600     900     1200    300     500     400     500     0       300     100     400     100     400     
8306   1963 5500    2600    1900    1900    600     1300    1800    300     1200    200     100     300     0       400     900     200     1200    400     300     
8306   1964 3800    3400    1900    1500    900     1300    400     1000    200     300     100     500     500     200     600     0       100     300     0       
8306   1965 -999999 1200    -999999 300     600     400     -999999 300     0       500     100     0       400     0       0       300     600     200     200     
8306   1966 2500    1700    1200    800     400     500     1000    600     0       100     0       300     100     200     200     400     600     0       0       
8306   1967 5500    2200    2700    1000    1500    1400    1400    800     200     600     200     700     600     700     100     400     900     100     200     
8306   1968 4700    2300    3000    400     2200    1600    700     200     0       900     700     600     400     1100    100     100     600     0       0       
8306   1969 2000    600     1300    0       300     300     800     0       0       0       200     100     0       100     200     700     0       100     600     
8306   1970 3900    1500    2600    1300    1200    1500    200     0       700     100     800     300     500     900     100     0       0       200     300     
8306   1971 5300    1000    3100    600     1200    1900    1700    300     0       200     600     400     700     500     700     200     600     900     200     
8306   1972 1400    2000    900     500     -999999 400     200     300     0       0       300     0       0       300     100     200     0       0       200     
8306   1973 5100    1000    2300    700     300     2300    800     400     100     300     0       0       1000    800     500     0       200     600     1200    
8306   1974 3400    2900    2000    2000    500     1100    700     600     200     100     300     100     100     500     500     500     200     0       300     
8306   1975 3700    1100    2100    400     1300    1100    1000    100     0       500     400     400     400     400     300     200     600     200     200     
8306   1976 2400    1800    1100    900     500     400     800     300     400     100     200     200     0       200     200     300     100     400     0       
8306   1977 3000    700     2200    0       900     1200    900     0       0       200     400     300     800     300     100     300     0       600     0       
8306   1978 4700    2000    1700    800     1500    500     1400    400     400     600     600     300     200     0       300     300     400     700     500     
8306   1979 3300    2600    1300    1100    1100    500     600     200     400     400     200     500     400     100     0       100     300     200     500     
8306   1980 2800    1600    1700    1000    300     1300    600     100     400     100     0       200     300     400     600     200     100     300     100     
8306   1981 4300    900     2200    500     1500    700     400     200     200     0       1000    500     200     200     300     0       100     300     1300    
8306   1982 4200    2400    1900    2000    700     1100    600     300     400     0       700     0       400     500     200     100     0       500     1100    
8306   1983 4800    3200    2000    2400    400     1000    1700    900     400     300     0       100     100     300     600     900     200     600     400     
8306   1984 3000    1800    1900    1000    500     800     1000    200     400     0       100     400     400     200     200     600     300     100     100     
8306   1985 2100    800     1400    100     1300    300     400     0       0       300     500     500     0       200     100     100     0       300     100     
8306   1986 5400    1500    3400    800     1200    2100    900     300     400     400     200     600     800     500     800     500     0       400     500     
8306   1987 2100    1400    800     1000    200     400     700     300     200     0       100     100     100     0       300     200     500     0       300     
8306   1988 4700    1300    2600    500     800     1300    2300    200     0       300     400     100     300     400     600     800     1200    300     100     
8306   1989 4100    4200    1100    2000    1500    300     400     300     1600    700     400     400     100     0       200     0       200     200     0       
8306   1990 5700    1800    2500    200     2000    1500    1200    100     100     1200    0       800     700     500     300     200     600     400     800     
8306   1991 5600    2100    3800    1100    1700    2100    1500    200     100     0       800     900     1200    500     400     0       700     800     0       
8306   1992 8100    4800    3400    2500    2300    1600    800     1300    1200    800     100     1400    900     400     300     300     400     100     900     
8306   1993 8100    5000    3800    2600    2900    2700    400     700     1000    1900    600     400     600     800     1300    100     200     100     400     
8306   1994 4700    1500    2800    700     1400    1400    1600    0       300     500     500     400     700     300     400     500     800     300     0       
8306   1995 5600    3500    2100    2000    1200    1100    1000    1100    900     400     300     500     800     200     100     200     300     500     300     
8306   1996 5000    2200    2900    900     1500    1900    900     100     500     500     200     800     600     1300    0       0       100     800     100     
8306   1997 5100    1500    3900    400     2000    1900    700     0       300     200     1200    600     400     600     900     200     300     200     200     
8306   1998 7600    2300    4500    1100    1800    2800    1100    100     800     700     600     500     200     1000    1600    600     500     0       1000    
8306   1999 5800    2300    3700    1800    1700    1700    1200    100     700     0       700     1000    400     800     500     300     100     800     400     
8306   2000 5200    1900    4000    600     1800    2300    900     0       200     400     500     900     1000    400     900     300     400     200     0       
8306   2001 8000    1100    5600    200     2100    3400    2100    100     100     300     700     1100    1700    1100    600     400     500     1200    200     
8306   2002 8200    5000    5000    2200    2500    3400    300     700     1300    1100    200     1200    1500    1200    700     200     100     0       0       
8306   2003 6900    1900    3500    800     2200    1800    1300    0       800     1000    800     400     700     300     800     500     700     100     800     
8306   2004 6300    3200    3200    1900    1200    1800    2100    500     600     500     400     300     600     700     500     700     800     600     100     
8306   2005 5500    2500    3000    400     1400    2000    1800    300     0       700     400     300     800     800     400     300     900     600     0       
8306   2006 3300    2200    2200    500     900     900     600     300     200     200     100     600     100     400     400     600     0       0       400     
8306   2007 8800    2300    4500    2300    2100    1500    2800    1400    500     0       800     1300    400     400     700     900     900     1000    500     
8306   2008 7500    4700    3000    1400    2000    2300    1900    500     400     1400    400     200     1400    500     400     100     1600    200     400     
8306   2009 3700    2600    3000    600     1300    1300    900     0       200     200     700     400     500     300     500     600     300     0       0       
8306   2010 5500    600     3900    100     1200    2700    1500    100     0       200     200     800     1600    400     700     200     300     1000    0       
8306   2011 9100    2900    4600    700     2100    3200    2600    100     600     900     800     400     1100    1300    800     200     1900    500     500     
8306   2012 4800    3500    3900    900     1000    2000    1400    0       400     200     400     400     800     800     400     1100    200     100     0       
8306   2013 4800    600     2000    300     800     1000    1800    0       300     0       100     700     400     100     500     200     200     1400    900     
8306   2014 5700    4400    3000    1600    2600    1500    300     200     500     1200    1000    400     600     500     400     100     0       200     600     
8306   2015 5600    2100    3900    1300    2100    2000    500     400     300     600     800     700     500     700     800     400     0       100     300     
8306   2016 4800    2800    2100    1600    1700    900     700     300     1000    1100    100     500     100     400     400     600     0       100     200     
8306   2017 6900    2100    4000    1200    2200    2500    1000    400     600     800     800     600     900     500     1100    100     200     700     200     
8306   2018 5400    1900    3100    600     1200    2100    1100    400     0       400     400     400     800     800     500     200     900     0       600     
8306   2019 -999999 -999999 -999999 2500    -999999 -999999 -999999 500     1400    -999999 -999999 -999999 -999999 -999999 -999999 -999999 -999999 -999999 -999999 
