EUROPEAN CLIMATE ASSESSMENT & DATASET (ECA&D), file created on: 20-01-2022
THESE DATA CAN BE USED FOR NON-COMMERCIAL RESEARCH AND EDUCATION PROVIDED THAT THE FOLLOWING SOURCE IS ACKNOWLEDGED: 

Klein Tank, A.M.G. and Coauthors, 2002. Daily dataset of 20th-century surface
air temperature and precipitation series for the European Climate Assessment.
Int. J. of Climatol., 22, 1441-1453.
Data and metadata available at http://www.ecad.eu

FILE FORMAT (MISSING VALUE CODE = -999999):

THIS FILE HOLDS DATA FOR STATION KAZAKHSTAN                               URALSK                                   (STAID:    409)
LATITUDE: dd:mm:ss +51:15:00
LONGITUDE: ddd:mm:ss +051:24:00
ELEVATION: m   36

DATA IS FOR INDEX Days with TN > 90th percentile of daily min temp (warm nights) (TN90p) with unit 0.01 No of days

01-06 SOUID: Source identifier
08-11 YEAR : YYYY
13-20 ANNUAL DATA VALUES
21-28 WINTER HALF YEAR DATA VALUES
29-36 SUMMER HALF YEAR DATA VALUES
37-44 WINTER (DJF) DATA VALUES
45-52 SPRING (MAM) DATA VALUES
53-60 SUMMER (JJA) DATA VALUES
61-68 AUTUMN (SON) DATA VALUES
69-76 JANUARY DATA VALUES
etc. 
157-164 DECEMBER DATA VALUES

409    1900 900     -999999 500     -999999 200     300     300     0       0       0       0       200     100     100     100     0       200     100     100     
409    1901 1700    900     1100    400     800     500     100     100     200     200     400     200     100     200     200     0       0       100     0       
409    1902 1800    700     1000    600     0       1000    100     600     0       0       0       0       800     0       200     0       100     0       100     
409    1903 2600    1300    1000    1100    200     800     600     500     500     100     0       100     300     500     0       100     500     0       0       
409    1904 1400    900     500     400     200     200     500     0       400     0       100     100     0       0       200     100     400     0       100     
409    1905 -999999 700     900     300     100     600     -999999 100     100     0       0       100     500     100     0       200     1300    -999999 -999999 
409    1906 -999999 -999999 -999999 -999999 -999999 -999999 -999999 -999999 -999999 -999999 -999999 -999999 -999999 -999999 -999999 -999999 -999999 -999999 -999999 
409    1907 -999999 -999999 700     -999999 -999999 600     200     -999999 -999999 -999999 0       100     100     400     100     0       100     100     500     
409    1908 1200    800     900     600     200     400     400     0       100     0       100     100     400     0       0       300     100     0       100     
409    1909 1200    200     300     100     100     100     900     0       0       0       100     0       0       100     0       100     100     700     100     
409    1910 2100    1100    1400    300     0       1000    800     200     0       0       0       0       100     700     200     400     200     200     100     
409    1911 2400    600     1700    200     200     1500    600     0       100     0       100     100     500     900     100     0       100     500     0       
409    1912 1900    900     1300    100     700     600     300     0       100     200     100     400     400     100     100     200     0       100     200     
409    1913 2100    500     800     400     0       300     1300    200     0       0       0       0       0       200     100     500     300     500     300     
409    1914 2300    2700    400     1700    300     300     200     300     1100    200     100     0       0       200     100     0       200     0       100     
409    1915 2100    1500    700     1300    100     600     0       700     500     0       0       100     300     200     100     0       0       0       200     
409    1916 2100    1100    800     1100    500     200     500     600     300     0       200     300     100     0       100     100     300     100     0       
409    1917 -999999 -999999 -999999 -999999 200     500     -999999 100     -999999 0       200     0       0       500     0       -999999 -999999 400     -999999 
409    1918 -999999 -999999 -999999 -999999 -999999 -999999 -999999 200     -999999 -999999 -999999 -999999 -999999 -999999 -999999 -999999 -999999 -999999 -999999 
409    1919 -999999 -999999 -999999 -999999 -999999 -999999 -999999 -999999 -999999 -999999 -999999 -999999 -999999 -999999 -999999 -999999 -999999 -999999 -999999 
409    1920 -999999 -999999 -999999 -999999 -999999 -999999 -999999 -999999 -999999 -999999 -999999 -999999 -999999 -999999 -999999 -999999 -999999 -999999 -999999 
409    1921 -999999 -999999 -999999 -999999 -999999 -999999 -999999 -999999 -999999 -999999 -999999 -999999 -999999 -999999 -999999 -999999 -999999 -999999 -999999 
409    1922 -999999 -999999 -999999 -999999 -999999 -999999 100     -999999 -999999 -999999 -999999 -999999 -999999 -999999 -999999 0       0       100     -999999 
409    1923 -999999 -999999 -999999 -999999 -999999 300     1100    -999999 -999999 -999999 -999999 500     300     0       0       100     800     200     100     
409    1924 -999999 -999999 -999999 -999999 -999999 -999999 -999999 -999999 -999999 0       0       0       200     -999999 0       -999999 0       300     300     
409    1925 -999999 -999999 700     -999999 900     600     700     -999999 -999999 900     0       0       500     0       100     100     200     400     0       
409    1926 2100    1300    200     200     500     0       800     200     0       500     0       0       0       0       0       200     100     500     600     
409    1927 2200    1400    1300    800     300     900     800     100     100     0       100     200     200     500     200     100     300     400     0       
409    1928 1700    1400    100     700     100     0       900     400     300     0       0       100     0       0       0       0       0       900     0       
409    1929 1000    900     700     0       0       700     300     0       0       0       0       0       0       500     200     0       300     0       0       
409    1930 2500    1500    700     300     1000    600     500     300     0       900     0       100     0       200     400     0       300     200     100     
409    1931 3400    600     2500    100     300     2200    700     0       0       0       0       300     300     1800    100     0       300     400     200     
409    1932 2900    1300    1400    600     600     700     900     400     0       0       400     200     300     100     300     100     400     400     300     
409    1933 1800    1100    1200    300     100     900     800     0       0       0       0       100     100     500     300     200     200     400     0       
409    1934 1600    1000    1100    400     400     700     100     0       400     0       100     300     0       300     400     0       0       100     0       
409    1935 1200    400     500     200     300     300     400     100     100     100     100     100     0       100     200     0       400     0       0       
409    1936 3800    600     2400    200     0       2200    1000    200     0       0       0       0       1000    400     800     200     500     300     400     
409    1937 3800    1800    2200    600     600     900     1900    100     100     400     200     0       100     200     600     1100    600     200     200     
409    1938 3800    1600    1500    700     600     700     2000    200     300     100     200     300     200     100     400     300     800     900     0       
409    1939 3500    2200    2800    200     1100    1900    200     0       200     300     200     600     1000    600     300     100     100     0       100     
409    1940 4000    500     2800    100     700     1700    1300    0       0       300     400     0       0       700     1000    700     0       600     300     
409    1941 -999999 1100    700     400     200     100     500     0       100     100     100     0       100     0       0       500     0       0       -999999 
409    1942 -999999 -999999 1000    -999999 -999999 800     200     100     -999999 -999999 0       200     200     400     200     0       0       200     0       
409    1943 1900    600     1400    0       900     700     200     0       0       400     0       500     400     0       300     200     0       0       100     
409    1944 2900    1400    1300    900     900     600     600     200     600     500     100     300     500     100     0       300     0       300     0       
409    1945 1000    500     500     0       400     300     100     0       0       200     200     0       100     0       200     0       100     0       200     
409    1946 2600    1900    700     1800    400     100     300     500     1100    0       0       400     0       0       100     200     0       100     200     
409    1947 3900    1600    1100    600     1500    300     1000    100     300     900     600     0       0       300     0       200     200     600     700     
409    1948 3700    2400    2000    1600    600     1400    600     700     200     0       0       600     1000    0       400     0       300     300     200     
409    1949 -999999 1300    -999999 500     400     900     -999999 100     200     200     0       200     300     100     500     -999999 200     100     100     
409    1950 2400    900     1500    500     800     200     1000    0       400     100     400     300     100     100     0       600     100     300     0       
409    1951 2300    500     1900    0       200     1300    500     0       0       100     100     0       300     500     500     500     0       0       300     
409    1952 3300    600     2500    600     900     1400    700     300     0       0       0       900     400     500     500     200     200     300     0       
409    1953 2600    800     1900    300     400     1400    500     100     200     0       100     300     0       400     1000    100     400     0       0       
409    1954 4600    400     2300    0       100     1800    2300    0       0       0       0       100     200     1200    400     400     700     1200    400     
409    1955 4000    3200    2200    1300    600     1600    800     300     600     0       200     400     800     100     700     0       600     200     100     
409    1956 2400    1200    900     400     0       800     800     300     0       0       0       0       300     0       500     100     700     0       500     
409    1957 4200    2100    2400    1400    900     1000    1100    300     600     0       100     800     400     200     400     500     300     300     300     
409    1958 3400    2800    1000    1500    1000    700     400     200     1000    700     0       300     400     100     200     0       300     100     100     
409    1959 1700    1100    1100    700     600     400     100     500     100     0       500     100     0       300     100     100     0       0       0       
409    1960 3200    1200    1100    1000    400     800     400     500     500     200     200     0       600     0       200     100     200     100     600     
409    1961 4400    2000    1900    1200    1500    800     600     500     100     500     400     600     400     100     300     100     200     300     900     
409    1962 5300    4500    2000    2200    2400    1200    400     600     700     1800    200     400     200     800     200     200     100     100     0       
409    1963 3700    1000    1100    700     200     600     2100    300     400     100     100     0       0       400     200     400     600     1100    100     
409    1964 2000    2000    700     300     100     400     900     200     0       0       0       100     300     100     0       200     200     500     400     
409    1965 3700    2300    900     1100    900     500     700     400     300     500     0       400     0       100     400     0       300     400     900     
409    1966 4200    3500    2100    1500    2000    1400    200     0       600     1300    600     100     300     600     500     0       200     0       0       
409    1967 3900    200     3000    0       1000    2000    800     0       0       0       500     500     600     100     1300    0       400     400     100     
409    1968 1600    1300    1200    500     700     300     200     400     0       0       200     500     200     0       100     200     0       0       0       
409    1969 2100    100     1700    100     200     800     1000    0       100     0       0       200     500     100     200     700     0       300     0       
409    1970 2900    900     1700    400     1300    200     1000    0       400     200     700     400     0       100     100     400     100     500     0       
409    1971 4700    800     3000    100     500     1600    2400    100     0       100     100     300     200     900     500     1000    400     1000    100     
409    1972 3900    1700    2600    200     900     1600    900     0       100     100     600     200     500     600     500     200     300     400     400     
409    1973 3800    2100    1600    1100    1300    600     800     0       700     300     600     400     400     100     100     0       400     400     400     
409    1974 3800    2500    1200    900     1300    400     1300    0       500     800     100     400     100     0       300     300     600     400     300     
409    1975 5200    2400    3500    1000    1600    1500    1100    600     100     400     1200    0       600     800     100     800     200     100     300     
409    1976 2200    1500    1300    1200    200     800     300     800     100     0       0       200     200     0       600     300     0       0       0       
409    1977 5100    800     3400    300     2000    1700    800     0       300     500     800     700     900     300     500     200     200     400     300     
409    1978 2700    2400    700     800     1300    0       900     100     400     1000    0       300     0       0       0       400     300     200     0       
409    1979 3600    700     2100    200     500     1000    1100    0       200     0       0       500     100     400     500     600     100     400     800     
409    1980 2000    1300    1000    800     200     700     400     0       0       0       0       200     300     200     200     100     200     100     700     
409    1981 6100    2500    2600    2200    0       2200    1500    700     800     0       0       0       400     900     900     400     300     800     900     
409    1982 4700    2600    2600    1300    1600    500     1300    400     0       200     1000    400     0       400     100     700     600     0       900     
409    1983 5900    4200    2000    3600    1300    500     1000    1300    1400    0       1000    300     0       300     200     200     600     200     400     
409    1984 4200    2000    1800    1100    500     1000    2000    700     0       100     0       400     200     800     0       400     600     1000    0       
409    1985 3200    2300    1800    700     600     700     1100    400     300     0       100     500     500     0       200     500     400     200     100     
409    1986 3000    1400    1800    700     600     1100    700     600     0       100     400     100     400     200     500     200     400     100     0       
409    1987 3000    800     2600    300     500     1900    200     0       300     0       0       500     1200    600     100     200     0       0       100     
409    1988 3700    600     2800    400     600     1900    600     300     0       200     200     200     400     700     800     500     100     0       300     
409    1989 4600    2000    1700    1900    300     1100    800     800     800     0       0       300     500     300     300     300     400     100     800     
409    1990 5000    3900    1000    1900    2100    400     1300    500     600     1500    500     100     400     0       0       0       700     600     100     
409    1991 4100    2200    2200    700     900     1200    1400    500     100     200     300     400     600     300     300     300     1000    100     0       
409    1992 2800    2400    900     1000    600     300     900     700     300     300     100     200     100     200     0       300     200     400     0       
409    1993 2500    2100    500     1500    300     200     400     1300    200     0       100     200     200     0       0       0       400     0       100     
409    1994 3200    1000    1300    600     400     300     1900    500     0       0       100     300     200     0       100     600     700     600     100     
409    1995 8500    4200    4000    1300    3900    1400    1900    200     1000    1600    1600    700     500     600     300     300     700     900     100     
409    1996 2600    1700    2100    100     200     1400    1000    0       0       0       0       200     700     400     300     500     200     300     0       
409    1997 5300    2000    1800    1000    1300    800     1900    300     700     500     400     400     700     0       100     200     1400    300     300     
409    1998 7000    3300    3600    1100    1000    3000    1500    400     400     500     0       500     1500    800     700     100     900     500     700     
409    1999 7800    5000    3100    3400    1100    1900    1400    1100    1600    200     700     200     300     900     700     300     800     300     700     
409    2000 5400    4100    1900    2600    1200    800     600     600     1300    400     800     0       300     100     400     300     200     100     900     
409    2001 4200    3800    900     2600    1000    600     700     1400    300     900     0       100     100     100     400     200     200     300     200     
409    2002 7800    5700    1000    3500    1700    500     2300    1500    1800    1700    0       0       0       300     200     500     900     900     0       
409    2003 2800    2600    600     800     100     200     1300    500     300     0       100     0       0       0       200     300     900     100     400     
409    2004 6400    3200    2300    1200    1800    1000    2100    400     400     1000    400     400     500     200     300     500     900     700     700     
409    2005 4200    3300    2200    1500    1400    600     900     600     200     200     500     700     200     300     100     400     400     100     500     
409    2006 6300    1600    3300    700     1500    1800    1700    200     0       400     800     300     1000    0       800     400     500     800     1100    
409    2007 5900    5500    2300    4200    600     1400    700     2700    400     0       0       600     400     400     600     300     300     100     100     
409    2008 -999999 3100    2300    1000    2700    1200    -999999 400     500     1700    700     300     400     300     500     100     -999999 1000    400     
409    2009 -999999 -999999 2000    800     1400    1100    -999999 200     200     900     100     400     700     300     100     -999999 -999999 -999999 -999999 
