EUROPEAN CLIMATE ASSESSMENT & DATASET (ECA&D), file created on: 20-01-2022
THESE DATA CAN BE USED FOR NON-COMMERCIAL RESEARCH AND EDUCATION PROVIDED THAT THE FOLLOWING SOURCE IS ACKNOWLEDGED: 

Klein Tank, A.M.G. and Coauthors, 2002. Daily dataset of 20th-century surface
air temperature and precipitation series for the European Climate Assessment.
Int. J. of Climatol., 22, 1441-1453.
Data and metadata available at http://www.ecad.eu

FILE FORMAT (MISSING VALUE CODE = -999999):

THIS FILE HOLDS DATA FOR STATION GERMANY                                  MALLERSDORF-PFAFFENBERG                  (STAID:   4842)
LATITUDE: dd:mm:ss +48:46:36
LONGITUDE: ddd:mm:ss +012:10:32
ELEVATION: m  404

DATA IS FOR INDEX Days with TN > 90th percentile of daily min temp (warm nights) (TN90p) with unit 0.01 No of days

01-06 SOUID: Source identifier
08-11 YEAR : YYYY
13-20 ANNUAL DATA VALUES
21-28 WINTER HALF YEAR DATA VALUES
29-36 SUMMER HALF YEAR DATA VALUES
37-44 WINTER (DJF) DATA VALUES
45-52 SPRING (MAM) DATA VALUES
53-60 SUMMER (JJA) DATA VALUES
61-68 AUTUMN (SON) DATA VALUES
69-76 JANUARY DATA VALUES
etc. 
157-164 DECEMBER DATA VALUES

4842   1953 2500    -999999 1300    -999999 500     700     900     100     300     0       300     200     300     400     0       100     800     0       0       
4842   1954 1200    1000    200     200     100     100     400     200     0       0       100     0       0       0       100     0       100     300     400     
4842   1955 2000    1100    900     500     400     400     900     0       100     200     100     100     200     200     0       300     0       600     200     
4842   1956 2400    1300    800     500     800     0       600     300     0       200     300     300     0       0       0       200     400     0       700     
4842   1957 2900    2800    900     1500    1100    700     200     300     500     900     200     0       300     400     0       0       0       200     100     
4842   1958 2500    800     1100    600     700     300     800     0       500     0       0       700     0       200     100     100     100     600     200     
4842   1959 2100    1500    1200    300     1300    300     100     100     0       500     500     300     100     200     0       100     0       0       300     
4842   1960 2800    1300    1000    800     800     700     500     400     100     500     200     100     200     0       500     0       200     300     300     
4842   1961 3800    1900    1600    1000    1400    300     700     0       700     400     900     100     200     0       100     300     400     0       700     
4842   1962 1500    1800    600     1300    500     100     300     600     0       100     400     0       100     0       0       100     0       200     0       
4842   1963 1800    200     1100    0       400     600     800     0       0       0       400     0       200     100     300     100     0       700     0       
4842   1964 2800    1200    1100    400     700     200     1500    0       400     100     300     300     0       200     0       300     100     1100    0       
4842   1965 2100    1700    1000    400     400     700     100     400     0       100     100     200     300     300     100     0       100     0       500     
4842   1966 5700    2200    2300    1900    1400    700     2100    100     1300    200     1100    100     600     0       100     400     1700    0       100     
4842   1967 4400    4000    1400    1400    1300    800     700     500     800     900     300     100     100     500     200     200     500     0       300     
4842   1968 2200    1200    1000    600     400     700     800     300     0       100     100     200     300     300     100     0       700     100     0       
4842   1969 2600    1200    1500    200     1100    600     700     200     0       200     500     400     100     300     200     0       200     500     0       
4842   1970 3100    800     1700    100     400     800     1400    0       100     0       300     100     700     0       100     500     200     700     400     
4842   1971 1100    1600    200     600     200     0       300     200     0       100     0       100     0       0       0       100     100     100     400     
4842   1972 2200    1000    1600    700     700     1000    200     0       300     100     400     200     0       400     600     0       100     100     0       
4842   1973 1400    300     1200    100     600     500     200     100     0       0       100     500     200     200     100     100     0       100     0       
4842   1974 4400    2300    700     1500    700     500     500     800     700     700     0       0       0       0       500     200     0       300     1200    
4842   1975 3100    2800    1600    2300    500     500     1000    900     200     200     200     100     200     200     100     800     200     0       0       
4842   1976 3300    1400    1200    1200    500     400     1000    1200    0       0       0       500     0       400     0       300     300     400     200     
4842   1977 4500    3000    1400    1600    900     700     1400    0       1400    700     100     100     400     0       300     500     500     400     100     
4842   1978 1800    1200    1000    100     500     300     400     0       0       200     200     100     200     100     0       400     0       0       600     
4842   1979 3000    900     1800    600     700     1200    600     0       0       300     100     300     800     0       400     200     100     300     500     
4842   1980 2100    1500    900     900     200     600     500     0       400     200     0       0       100     200     300     300     100     100     400     
4842   1981 5200    2100    2500    600     2000    1100    1900    0       200     1300    300     400     700     100     300     700     300     900     0       
4842   1982 5800    1400    4000    100     900     2700    1500    100     0       100     200     600     1100    1000    600     500     400     600     600     
4842   1983 5800    3200    3200    1800    1000    2400    800     1200    0       400     500     100     300     1400    700     200     200     400     400     
4842   1984 3000    1400    1100    700     300     800     1500    200     100     100     0       200     300     300     200     100     700     700     100     
4842   1985 4400    1700    3100    300     1600    1200    900     0       200     0       300     1300    400     400     400     300     300     300     500     
4842   1986 5600    1900    4400    1300    2000    2100    500     700     100     0       500     1500    1100    200     800     300     100     100     200     
4842   1987 6800    1100    4600    600     900     2300    2400    200     200     300     500     100     400     1100    800     1700    400     300     800     
4842   1988 6600    2900    3000    1900    1900    1100    1500    900     200     300     600     1000    200     300     600     300     900     300     1000    
4842   1989 8000    5200    3200    2600    1900    2300    1300    700     900     1400    200     300     100     1200    1000    400     500     400     900     
4842   1990 5700    4000    2400    2200    1700    1600    900     600     700     900     0       800     400     400     800     0       300     600     200     
4842   1991 5200    3300    2600    1300    1500    1800    700     1100    0       1100    300     100     600     800     400     400     200     100     100     
4842   1992 7500    1900    4500    1200    1300    3100    1500    700     400     400     300     600     700     700     1700    500     300     700     500     
4842   1993 7700    3100    4200    1600    2800    1500    1400    1100    0       500     1200    1100    500     400     600     400     700     300     900     
4842   1994 13300   5800    6200    3100    2700    4200    3300    1700    500     1700    400     600     800     1800    1600    1000    300     2000    900     
4842   1995 7400    5400    3600    2900    1600    2200    1400    500     1500    200     900     500     0       1400    800     0       1300    100     200     
4842   1996 3600    1700    2300    300     900     1400    1200    0       100     0       600     300     900     200     300     0       600     600     0       
4842   1997 5500    3100    2200    1000    1400    1100    1600    0       1000    900     0       500     500     0       600     600     500     500     400     
4842   1998 7600    4100    3900    2400    2000    2000    1400    1000    1000    700     600     700     1100    600     300     600     700     100     200     
4842   1999 7100    2400    4400    1000    1700    2300    1900    700     100     600     300     800     500     900     900     1000    700     200     400     
4842   2000 5000    3000    1800    1400    1500    1000    1000    200     800     700     400     400     400     200     400     0       900     100     500     
4842   2001 2600    2200    800     600     900     500     900     100     0       600     0       300     100     0       400     0       600     300     200     
4842   2002 5800    3000    1900    1700    700     1400    1700    600     900     400     100     200     700     200     500     200     500     1000    500     
4842   2003 4700    2400    3600    800     1200    2500    500     300     0       100     100     1000    1500    400     600     0       200     300     200     
4842   2004 2300    1800    400     1000    400     300     700     300     500     300     100     0       200     100     0       0       300     400     100     
4842   2005 2500    1400    1400    500     800     400     900     200     200     200     300     300     200     0       200     400     300     200     0       
4842   2006 3900    1000    2400    300     800     1500    1100    100     200     200     500     100     700     800     0       300     400     400     200     
4842   2007 3800    3000    900     2100    700     300     400     1100    800     100     0       600     0       300     0       0       200     200     500     
4842   2008 2700    2200    1000    1400    800     500     400     400     500     400     100     300     400     0       100     100     200     100     100     
4842   2009 2800    800     1400    200     900     500     1100    0       100     300     100     500     300     0       200     300     400     400     200     
4842   2010 2100    1300    1200    200     400     1100    600     0       0       300     0       100     400     500     200     0       100     500     0       
4842   2011 2400    1200    1100    400     500     800     100     400     0       200     300     0       100     100     600     0       100     0       600     
4842   2012 -999999 2500    -999999 1700    -999999 -999999 -999999 700     400     700     -999999 -999999 -999999 -999999 -999999 -999999 -999999 -999999 -999999 
4842   2013 -999999 -999999 -999999 -999999 -999999 -999999 1200    -999999 -999999 -999999 -999999 -999999 -999999 -999999 -999999 100     700     400     200     
4842   2014 4700    2200    1900    700     1200    800     1400    300     200     400     400     400     300     400     100     300     500     600     800     
4842   2015 5900    2300    3800    1000    800     3100    1100    200     0       200     300     300     600     1300    1200    100     200     800     700     
4842   2016 5100    3300    2900    2200    1000    1300    1200    800     700     100     300     600     300     600     400     700     100     400     100     
4842   2017 5100    2200    2900    600     1800    2200    500     100     400     1100    300     400     900     600     700     0       300     200     100     
4842   2018 9200    2000    6200    1300    2800    3000    1500    1200    0       200     1100    1500    1100    700     1200    600     300     600     700     
4842   2019 5300    2500    3300    1000    1000    2700    900     300     0       600     400     0       800     900     1000    200     500     200     400     
4842   2020 -999999 2900    -999999 1700    800     -999999 -999999 200     1100    500     200     100     200     0       -999999 -999999 -999999 -999999 -999999 
