EUROPEAN CLIMATE ASSESSMENT & DATASET (ECA&D), file created on: 20-01-2022
THESE DATA CAN BE USED FOR NON-COMMERCIAL RESEARCH AND EDUCATION PROVIDED THAT THE FOLLOWING SOURCE IS ACKNOWLEDGED: 

Klein Tank, A.M.G. and Coauthors, 2002. Daily dataset of 20th-century surface
air temperature and precipitation series for the European Climate Assessment.
Int. J. of Climatol., 22, 1441-1453.
Data and metadata available at http://www.ecad.eu

FILE FORMAT (MISSING VALUE CODE = -999999):

THIS FILE HOLDS DATA FOR STATION RUSSIAN FEDERATION                       TYULENIJ OSTROV                          (STAID:   3829)
LATITUDE: dd:mm:ss +44:28:00
LONGITUDE: ddd:mm:ss +047:28:59
ELEVATION: m  -24

DATA IS FOR INDEX Days with TN > 90th percentile of daily min temp (warm nights) (TN90p) with unit 0.01 No of days

01-06 SOUID: Source identifier
08-11 YEAR : YYYY
13-20 ANNUAL DATA VALUES
21-28 WINTER HALF YEAR DATA VALUES
29-36 SUMMER HALF YEAR DATA VALUES
37-44 WINTER (DJF) DATA VALUES
45-52 SPRING (MAM) DATA VALUES
53-60 SUMMER (JJA) DATA VALUES
61-68 AUTUMN (SON) DATA VALUES
69-76 JANUARY DATA VALUES
etc. 
157-164 DECEMBER DATA VALUES

3829   1959 -999999 -999999 -999999 -999999 -999999 -999999 100     -999999 -999999 -999999 -999999 -999999 -999999 400     700     100     0       0       0       
3829   1960 3500    500     1300    500     100     1000    1000    300     200     0       100     0       200     500     300     200     600     200     900     
3829   1961 3900    3500    -999999 2600    900     600     300     700     1000    100     400     400     400     0       200     0       200     100     400     
3829   1962 -999999 -999999 2200    -999999 2900    1100    1400    400     -999999 2000    600     300     500     500     100     200     600     600     0       
3829   1963 -999999 -999999 1700    -999999 400     500     -999999 100     500     0       0       400     0       200     300     800     -999999 400     0       
3829   1964 2400    -999999 1400    200     100     1100    500     0       200     0       0       100     1000    100     0       200     0       300     500     
3829   1965 -999999 -999999 -999999 500     -999999 -999999 200     0       0       0       0       -999999 -999999 200     100     0       100     100     700     
3829   1966 -999999 -999999 4300    -999999 -999999 3000    2000    -999999 -999999 -999999 1300    0       500     1100    1400    0       800     1200    -999999 
3829   1967 4000    -999999 2100    -999999 1000    900     1700    400     0       0       500     500     0       300     600     200     300     1200    0       
3829   1968 5400    2600    2500    600     1900    300     1400    200     400     500     0       1400    300     0       0       800     600     0       1200    
3829   1969 1500    1800    1100    1200    0       700     700     0       0       0       0       0       100     0       600     400     200     100     100     
3829   1970 -999999 1600    1200    600     1500    300     -999999 100     400     700     500     300     0       300     0       100     -999999 500     0       
3829   1971 4800    -999999 3300    900     500     1300    1800    900     0       0       0       500     300     600     400     1500    100     200     300     
3829   1972 5200    600     3800    300     1000    2800    800     0       0       0       500     500     900     600     1300    0       600     200     600     
3829   1973 2300    1800    1500    700     1200    600     300     0       100     300     400     500     400     0       200     0       300     0       100     
3829   1974 3900    500     900     100     400     100     3100    0       0       100     0       300     100     0       0       500     1900    700     300     
3829   1975 5100    3400    4200    800     900     2800    900     500     0       0       400     500     1000    1300    500     500     400     0       0       
3829   1976 2200    500     2000    100     900     1100    0       100     0       0       500     400     200     100     800     0       0       0       100     
3829   1977 -999999 -999999 -999999 -999999 -999999 700     800     -999999 -999999 -999999 -999999 600     500     100     100     300     0       500     100     
3829   1978 1600    1400    700     500     900     100     200     0       400     400     500     0       100     0       0       100     100     0       0       
3829   1979 4200    1600    1700    600     1600    500     1000    400     200     900     400     300     0       100     400     500     0       500     500     
3829   1980 2700    1000    500     500     100     400     600     0       0       0       0       100     0       400     0       0       0       600     1600    
3829   1981 6900    4500    1900    3500    400     1500    1800    800     1100    400     0       0       400     900     200     400     1000    400     1300    
3829   1982 -999999 3400    -999999 2000    -999999 700     800     500     200     0       600     -999999 0       600     100     300     300     200     100     
3829   1983 5200    2600    2400    1800    1500    1200    100     300     1400    300     900     300     100     700     400     0       100     0       700     
3829   1984 4000    2700    1600    2600    200     900     1000    1900    0       0       0       200     100     600     200     500     200     300     0       
3829   1985 1900    800     1200    300     500     400     600     100     200     0       0       500     100     0       300     300     0       300     100     
3829   1986 3500    1400    2500    1100    500     900     1100    1000    0       0       300     200     600     0       300     1100    0       0       0       
3829   1987 1700    500     1100    200     400     900     200     0       200     300     0       100     400     0       500     100     0       100     0       
3829   1988 2500    300     1600    200     400     1200    700     100     100     0       300     100     200     600     400     0       600     100     0       
3829   1989 4300    2700    1700    700     1500    1200    700     0       700     1300    100     100     600     100     500     300     100     300     200     
3829   1990 5200    2500    1300    700     1900    400     1700    0       500     1400    500     0       100     300     0       400     400     900     700     
3829   1991 -999999 2500    2300    1000    600     1800    -999999 200     100     200     300     100     800     800     200     100     1200    -999999 -999999 
3829   1992 1000    -999999 400     -999999 100     300     500     100     0       0       100     0       100     100     100     0       0       500     0       
3829   1993 900     900     300     400     100     200     200     300     100     0       0       100     0       100     100     0       200     0       0       
3829   1994 4300    700     1800    500     300     100     3400    500     0       0       300     0       0       100     0       1400    1700    300     0       
3829   1995 7800    4900    3200    1700    1900    1300    2900    500     1200    1200    400     300     500     400     400     1200    600     1100    0       
3829   1996 5400    1900    2900    200     1100    1600    1500    0       200     0       0       1100    200     1100    300     200     400     900     1000    
3829   1997 3600    2700    1800    1100    600     1400    1400    0       100     300     0       300     500     100     800     100     1200    100     100     
3829   1998 7700    1700    5700    100     900     4200    2600    0       0       300     400     200     1700    1000    1500    900     1100    600     0       
3829   1999 8300    4400    4200    1700    2000    2600    1800    700     1000    1000    1000    0       400     600     1600    600     1100    100     200     
3829   2000 7000    3800    4000    1500    2500    2100    900     200     1100    1100    1100    300     100     1000    1000    500     0       400     200     
3829   2001 8600    4100    4000    2000    2900    2200    1700    1100    700     1700    400     800     100     1300    800     600     400     700     0       
3829   2002 -999999 5500    -999999 2100    2400    -999999 3800    100     2000    2300    100     0       0       1000    -999999 1800    1300    700     0       
3829   2003 3100    2000    1800    0       500     900     1600    0       0       0       0       500     0       100     800     400     1200    0       100     
3829   2004 8600    4800    2800    1800    2500    1300    3100    700     1000    1800    200     500     500     0       800     800     1100    1200    0       
3829   2005 10000   4300    4600    -999999 1400    1800    3700    1300    600     100     200     1100    300     600     900     1500    1100    1100    1200    
3829   2006 8000    3900    5900    1600    600     4000    3000    300     100     100     300     200     1400    600     2000    1400    1100    500     0       
3829   2007 10300   4000    5600    2100    1400    2900    3600    1300    800     300     200     900     800     200     1900    1600    1900    100     300     
3829   2008 10600   4300    6000    300     4100    2700    3000    0       0       2000    1600    500     200     1100    1400    1200    1100    700     800     
3829   2009 6200    3900    2200    1700    500     1900    2500    200     700     400     0       100     600     1000    300     200     1700    600     400     
3829   2010 12900   3600    8800    1200    1000    6100    3500    500     300     100     300     600     1700    2400    2000    1800    400     1300    1500    
3829   2011 5100    4100    3100    2400    300     2600    800     900     0       0       0       300     400     1400    800     200     600     0       500     
3829   2012 9600    1900    5600    1300    2400    2600    3600    700     100     0       1300    1100    900     500     1200    600     2000    1000    200     
3829   2013 8200    5700    3900    1500    2700    2100    1800    200     1100    1200    500     1000    1000    900     200     300     500     1000    300     
3829   2014 9800    4300    6900    1700    2700    4200    1500    800     600     1100    200     1400    1400    600     2200    1100    100     300     0       
3829   2015 9000    1700    5900    900     500     3800    2800    100     800     400     0       100     2100    900     800     2000    600     200     1000    
3829   2016 12800   6400    7300    3600    4300    4100    1800    700     1900    2000    1300    1000    1300    1000    1800    900     800     100     0       
3829   2017 8800    3100    4800    600     1800    2900    2600    100     500     1600    200     0       0       1100    1800    1700    400     500     900     
3829   2018 8300    2700    6000    1600    1500    3600    2500    0       700     200     200     1100    700     2200    700     1100    1100    300     0       
3829   2019 -999999 -999999 -999999 1100    -999999 -999999 -999999 500     600     -999999 800     1400    2100    -999999 -999999 -999999 -999999 -999999 -999999 
