EUROPEAN CLIMATE ASSESSMENT & DATASET (ECA&D), file created on: 20-01-2022
THESE DATA CAN BE USED FOR NON-COMMERCIAL RESEARCH AND EDUCATION PROVIDED THAT THE FOLLOWING SOURCE IS ACKNOWLEDGED: 

Klein Tank, A.M.G. and Coauthors, 2002. Daily dataset of 20th-century surface
air temperature and precipitation series for the European Climate Assessment.
Int. J. of Climatol., 22, 1441-1453.
Data and metadata available at http://www.ecad.eu

FILE FORMAT (MISSING VALUE CODE = -999999):

THIS FILE HOLDS DATA FOR STATION UNITED KINGDOM                           ARDTALNAIG                               (STAID:   1828)
LATITUDE: dd:mm:ss +56:31:44
LONGITUDE: ddd:mm:ss -004:06:39
ELEVATION: m  130

DATA IS FOR INDEX Days with TN > 90th percentile of daily min temp (warm nights) (TN90p) with unit 0.01 No of days

01-06 SOUID: Source identifier
08-11 YEAR : YYYY
13-20 ANNUAL DATA VALUES
21-28 WINTER HALF YEAR DATA VALUES
29-36 SUMMER HALF YEAR DATA VALUES
37-44 WINTER (DJF) DATA VALUES
45-52 SPRING (MAM) DATA VALUES
53-60 SUMMER (JJA) DATA VALUES
61-68 AUTUMN (SON) DATA VALUES
69-76 JANUARY DATA VALUES
etc. 
157-164 DECEMBER DATA VALUES

1828   1960 3600    -999999 2800    -999999 1700    1100    300     100     300     100     800     800     800     0       300     100     100     100     100     
1828   1961 5400    3300    2100    1200    3400    400     400     0       1100    1900    1100    400     400     0       0       200     0       200     100     
1828   1962 1700    600     500     400     300     0       1100    100     200     0       100     200     0       0       0       200     400     500     0       
1828   1963 2100    1000    1200    0       400     600     1000    0       0       100     300     0       400     0       200     300     200     500     100     
1828   1964 3600    1700    2100    1000    900     900     900     200     700     0       500     400     200     600     100     300     0       600     0       
1828   1965 1800    1100    900     200     900     300     400     200     0       300     300     300     300     0       0       0       300     100     0       
1828   1966 2500    1500    1200    600     700     600     600     300     300     500     100     100     400     200     0       400     200     0       0       
1828   1967 3300    1600    1200    1000    800     400     400     500     500     400     400     0       100     100     200     400     0       0       700     
1828   1968 3200    1500    1500    1200    500     800     1200    500     0       300     200     0       200     300     300     500     300     400     200     
1828   1969 3600    -999999 1900    -999999 300     1100    1800    400     0       100     0       200     0       400     700     600     1100    100     0       
1828   1970 -999999 1300    2400    0       1200    1200    -999999 0       0       100     200     900     600     100     500     100     -999999 400     200     
1828   1971 4900    -999999 1500    900     500     600     -999999 200     500     100     0       400     0       200     400     500     -999999 500     1400    
1828   1972 2700    -999999 1100    1900    1100    200     500     300     200     200     700     200     0       200     0       0       400     100     400     
1828   1973 4500    -999999 2900    -999999 1000    1800    1000    300     200     500     100     400     500     800     500     600     200     200     200     
1828   1974 2700    -999999 800     1300    400     300     200     500     600     0       0       400     100     200     0       100     0       100     700     
1828   1975 5700    1700    3400    -999999 800     2400    -999999 600     300     0       600     200     500     700     1200    200     500     100     800     
1828   1976 5900    -999999 4000    2100    1300    2300    1000    700     600     100     800     400     1000    1200    100     500     300     200     0       
1828   1977 3700    1100    1700    300     900     800     1200    300     0       300     300     300     0       200     600     300     900     0       500     
1828   1978 4600    -999999 2000    -999999 1200    800     2200    200     0       400     300     500     400     100     300     400     900     900     200     
1828   1979 2900    2000    1600    -999999 500     700     1400    0       0       0       100     400     600     100     0       400     700     300     300     
1828   1980 3200    1900    2000    900     500     1100    600     0       600     0       400     100     100     500     500     400     0       200     400     
1828   1981 4400    -999999 2700    -999999 1900    800     600     700     400     400     300     1200    200     100     500     400     0       200     0       
1828   1982 3900    -999999 2400    800     1100    1200    800     500     300     200     800     100     500     100     600     300     100     400     0       
1828   1983 -999999 -999999 2700    -999999 700     2600    1000    600     0       700     0       0       100     1400    1100    100     100     800     300     
1828   1984 3700    -999999 2200    -999999 800     1600    700     100     200     200     400     200     700     400     500     0       0       700     300     
1828   1985 2300    1200    1200    -999999 900     300     300     0       100     100     600     200     0       200     100     100     200     0       700     
1828   1986 2500    1100    1200    700     300     800     1300    0       0       200     0       100     500     300     0       300     400     600     100     
1828   1987 2700    1500    1000    400     500     600     -999999 100     200     100     300     100     0       100     500     -999999 0       600     700     
1828   1988 4800    2400    1900    1800    300     1200    1100    400     700     0       200     100     1000    100     100     400     600     100     1100    
1828   1989 5000    3400    2700    2700    700     1700    900     1000    600     0       0       700     500     800     400     300     400     200     100     
1828   1990 5300    -999999 2500    1000    2000    1100    1300    600     300     1000    400     600     100     300     700     400     400     500     0       
1828   1991 5100    1600    3600    100     1700    1900    1400    0       100     600     500     600     100     1200    600     600     100     700     0       
1828   1992 4300    2400    2600    1000    1700    1200    300     200     800     600     500     600     800     400     0       300     0       0       100     
1828   1993 3300    -999999 1500    -999999 1000    700     400     0       1200    400     200     400     600     0       100     200     0       200     0       
1828   1994 2900    300     1000    0       400     600     1900    0       0       100     200     100     100     300     200     100     200     1600    0       
1828   1995 3700    -999999 2100    -999999 1400    900     1100    200     100     300     500     600     0       400     500     100     400     600     0       
1828   1996 3900    -999999 2100    -999999 600     1300    900     700     300     100     500     0       200     300     800     300     400     200     100     
1828   1997 6200    1800    3300    600     1900    1700    1800    200     300     600     900     400     200     300     1200    300     600     900     300     
1828   1998 -999999 -999999 -999999 -999999 -999999 -999999 -999999 200     1600    500     400     -999999 -999999 200     0       400     -999999 200     300     
1828   1999 4300    -999999 3100    500     1900    600     1600    100     100     500     1000    400     100     500     0       1100    200     300     0       
1828   2000 4300    1700    2000    300     1500    800     1000    0       300     900     300     300     200     100     500     600     200     200     700     
1828   2001 4900    1400    2500    900     800     1500    2400    0       200     100     100     600     200     900     400     300     1200    900     0       
1828   2002 5600    3500    3600    1000    1700    2000    800     800     200     400     700     600     700     600     700     300     0       500     100     
1828   2003 -999999 -999999 -999999 -999999 1400    -999999 -999999 500     100     300     700     400     -999999 1000    600     400     -999999 600     100     
1828   2004 6800    -999999 3900    -999999 2100    2100    1000    500     400     600     800     700     800     300     1000    300     0       700     700     
1828   2005 -999999 -999999 3800    -999999 -999999 2000    1400    700     -999999 -999999 600     400     900     700     400     800     500     100     400     
1828   2006 -999999 2000    -999999 1200    800     -999999 2200    400     400     200     100     500     500     -999999 -999999 1000    400     800     100     
1828   2007 6300    3400    2400    1900    1500    800     1700    900     900     300     1000    200     600     0       200     400     600     700     500     
1828   2008 5300    2800    3400    1400    1300    2100    800     400     500     100     -999999 800     200     1300    600     100     100     600     200     
1828   2009 6200    2400    3700    1300    1600    1700    1700    300     800     400     900     300     900     400     400     800     500     400     100     
1828   2010 2400    1200    1900    100     1200    600     600     0       0       200     500     500     300     300     0       300     100     200     0       
1828   2011 6600    800     3600    300     2300    800     3100    100     200     200     1500    600     200     400     200     700     900     1500    100     
1828   2012 5500    5400    2100    1800    2000    1100    700     500     1200    1200    200     600     200     600     300     200     0       500     0       
1828   2013 5400    1000    3600    500     1000    2200    1300    400     100     0       300     700     200     1500    500     400     800     100     400     
1828   2014 8600    2500    5800    800     3600    1700    2900    200     200     800     1800    1000    1000    600     100     1300    600     1000    0       
1828   2015 3900    2600    1500    500     1000    1000    -999999 0       500     500     300     200     300     200     500     -999999 300     600     500     
1828   2016 -999999 -999999 3300    1100    -999999 1400    -999999 500     100     -999999 300     700     500     500     400     900     0       -999999 900     
1828   2017 -999999 -999999 -999999 2300    -999999 -999999 1000    700     700     800     900     -999999 -999999 -999999 200     500     400     100     300     
