EUROPEAN CLIMATE ASSESSMENT & DATASET (ECA&D), file created on: 20-01-2022
THESE DATA CAN BE USED FOR NON-COMMERCIAL RESEARCH AND EDUCATION PROVIDED THAT THE FOLLOWING SOURCE IS ACKNOWLEDGED: 

Klein Tank, A.M.G. and Coauthors, 2002. Daily dataset of 20th-century surface
air temperature and precipitation series for the European Climate Assessment.
Int. J. of Climatol., 22, 1441-1453.
Data and metadata available at http://www.ecad.eu

FILE FORMAT (MISSING VALUE CODE = -999999):

THIS FILE HOLDS DATA FOR STATION PORTUGAL                                 COIMBRA / INST. GEOFIS.                  (STAID:    213)
LATITUDE: dd:mm:ss +40:12:00
LONGITUDE: ddd:mm:ss -008:25:00
ELEVATION: m  141

DATA IS FOR INDEX Days with TN > 90th percentile of daily min temp (warm nights) (TN90p) with unit 0.01 No of days

01-06 SOUID: Source identifier
08-11 YEAR : YYYY
13-20 ANNUAL DATA VALUES
21-28 WINTER HALF YEAR DATA VALUES
29-36 SUMMER HALF YEAR DATA VALUES
37-44 WINTER (DJF) DATA VALUES
45-52 SPRING (MAM) DATA VALUES
53-60 SUMMER (JJA) DATA VALUES
61-68 AUTUMN (SON) DATA VALUES
69-76 JANUARY DATA VALUES
etc. 
157-164 DECEMBER DATA VALUES

213    1901 2900    -999999 2400    -999999 1400    1100    100     200     0       100     700     600     400     200     500     0       100     0       100     
213    1902 2200    800     1600    500     1400    400     0       100     300     200     700     500     200     200     0       0       0       0       0       
213    1903 3100    300     2500    300     1100    1300    400     300     0       0       600     500     100     600     600     100     0       300     0       
213    1904 3000    900     1300    500     900     500     900     0       500     100     400     400     0       0       500     0       600     300     200     
213    1905 3000    2000    1800    200     2000    400     500     0       0       900     900     200     0       300     100     300     200     0       100     
213    1906 3900    1000    3000    600     1000    1300    1100    500     0       200     300     500     900     100     300     900     100     100     0       
213    1907 2700    700     2000    200     800     500     1100    0       200     300     500     0       0       200     300     1000    0       100     100     
213    1908 4000    600     2300    500     900     1400    1000    300     100     0       100     800     600     300     500     0       500     500     300     
213    1909 4200    1800    2200    500     1600    700     1100    200     0       300     600     700     100     300     300     200     400     500     600     
213    1910 3000    1700    2000    800     400     800     1200    0       200     0       400     0       300     300     200     800     100     300     400     
213    1911 3300    800     3000    400     200     1900    900     0       0       0       100     100     200     1400    300     900     0       0       300     
213    1912 3300    1900    1700    1200    2000    100     300     300     600     700     300     1000    0       0       100     300     0       0       0       
213    1913 2700    400     1900    300     700     900     700     300     0       100     100     500     200     400     300     400     100     200     100     
213    1914 3500    900     2500    300     1600    800     600     200     0       300     600     700     400     100     300     400     200     0       300     
213    1915 4300    1300    1900    400     1400    900     600     100     0       700     100     600     300     300     300     300     0       300     1300    
213    1916 2700    1900    1800    1600    700     600     500     200     100     0       0       700     0       200     400     500     0       0       600     
213    1917 2100    800     1900    700     1400    300     300     0       100     100     600     700     100     200     0       300     0       0       0       
213    1918 4500    1400    2700    1400    700     2000    200     1100    300     0       0       700     800     700     500     0       0       200     200     
213    1919 5000    1500    3700    1000    1200    1900    1000    100     700     300     200     700     1000    400     500     900     100     0       100     
213    1920 4900    1100    3200    500     2200    700     1000    0       400     500     800     900     600     0       100     800     0       200     600     
213    1921 4900    1100    3300    900     1000    1800    1800    300     0       0       600     400     200     1200    400     500     1300    0       0       
213    1922 3900    1600    3100    300     2400    500     700     0       300     0       600     1800    400     100     0       200     200     300     0       
213    1923 -999999 -999999 -999999 -999999 -999999 -999999 -999999 -999999 -999999 -999999 -999999 -999999 -999999 -999999 -999999 -999999 -999999 -999999 -999999 
213    1924 3600    -999999 1400    -999999 2100    600     300     400     100     1300    400     400     200     0       400     0       200     100     100     
213    1925 2400    600     1200    300     0       1100    300     200     0       0       0       0       500     100     500     100     200     0       800     
213    1926 2800    1400    2200    1200    200     900     1300    400     0       0       200     0       100     300     500     1100    200     0       0       
213    1927 -999999 -999999 -999999 -999999 -999999 -999999 -999999 -999999 -999999 -999999 -999999 -999999 -999999 -999999 -999999 -999999 -999999 -999999 -999999 
213    1928 2400    -999999 1400    -999999 400     800     500     100     500     200     100     100     100     400     300     400     0       100     100     
213    1929 5800    1600    2700    700     1700    1400    1600    300     300     800     800     100     700     200     500     400     600     600     500     
213    1930 5100    2700    2100    1000    1000    1400    1400    500     0       500     200     300     300     400     700     200     900     300     800     
213    1931 3100    3100    1600    1200    1200    900     600     300     100     700     500     0       500     100     300     200     300     100     0       
213    1932 3000    1200    1300    200     700     900     1000    100     100     600     0       100     100     200     600     300     0       700     200     
213    1933 1900    1000    1500    200     800     800     300     0       0       100     0       700     100     0       700     0       300     0       0       
213    1934 2600    300     1700    0       700     800     500     0       0       0       0       700     100     700     0       200     300     0       600     
213    1935 2000    1700    800     600     900     600     100     0       0       800     100     0       0       300     300     100     0       0       400     
213    1936 3500    2500    1400    1800    1200    700     200     600     800     700     400     100     0       100     600     200     0       0       0       
213    1937 2100    300     900     300     600     200     1000    100     200     0       400     200     100     100     0       100     400     500     0       
213    1938 2500    1800    700     400     1100    100     600     300     100     500     400     200     100     0       0       0       0       600     300     
213    1939 2300    1900    1200    1100    1200    100     100     700     100     200     200     800     0       0       100     100     0       0       100     
213    1940 4300    2200    2100    1300    1400    1500    200     800     400     900     300     200     700     0       800     100     100     0       0       
213    1941 2900    700     2100    600     200     1200    900     200     400     0       200     0       700     500     0       700     200     0       0       
213    1942 5100    1100    3000    0       1800    1500    1500    0       0       900     500     400     1300    0       200     600     900     0       300     
213    1943 5900    2600    3800    1200    3000    1300    500     800     100     500     1400    1100    500     400     400     0       200     300     200     
213    1944 5700    1200    4500    300     2800    1900    900     0       100     400     1300    1100    1000    200     700     200     100     600     0       
213    1945 6800    1500    3200    400     2900    600     2400    200     200     400     1900    600     400     0       200     100     1000    1300    500     
213    1946 3600    3300    2100    900     900     1300    800     400     0       100     800     0       100     800     400     0       500     300     200     
213    1947 5400    3000    2800    1300    1900    1400    800     600     500     900     800     200     500     100     800     400     0       400     200     
213    1948 4900    2700    1600    1100    1700    700     1300    600     300     1200    400     100     500     0       200     400     400     500     300     
213    1949 7400    1800    5300    500     2300    3000    1400    100     100     400     1500    400     700     1000    1300    400     600     400     500     
213    1950 2600    2100    1200    700     1000    600     800     0       200     400     400     200     400     200     0       0       200     600     0       
213    1951 2100    1700    900     500     900     200     300     400     100     400     400     100     0       200     0       200     0       100     200     
213    1952 4400    900     2900    400     2000    1200    800     0       200     400     400     1200    600     300     300     100     200     500     200     
213    1953 3900    1100    2300    200     1400    500     1200    0       0       200     500     700     100     0       400     600     300     300     800     
213    1954 2900    1800    700     1000    700     200     1800    0       200     200     200     300     0       100     100     0       700     1100    0       
213    1955 5000    3900    1800    1600    2100    200     600     1300    300     500     700     900     0       0       200     0       200     400     500     
213    1956 1900    1700    1200    1000    900     300     200     400     100     100     300     500     100     200     0       100     100     0       0       
213    1957 2700    1500    1000    300     1300    700     400     100     200     1100    200     0       0       400     300     100     0       300     0       
213    1958 2900    1200    1400    700     1000    500     100     100     600     200     200     600     200     200     100     100     0       0       600     
213    1959 3100    1700    1600    1300    700     1300    200     700     0       400     200     100     300     400     600     0       100     100     200     
213    1960 3800    1500    2400    900     1800    1000    300     300     400     400     500     900     600     200     200     0       0       300     0       
213    1961 4600    1400    2600    400     2000    1100    300     0       400     700     300     1000    200     600     300     200     0       100     800     
213    1962 3900    1700    1500    1100    1300    500     1500    300     0       500     700     100     300     0       200     200     1100    200     300     
213    1963 2400    2600    600     900     500     400     900     600     0       400     100     0       100     200     100     100     200     600     0       
213    1964 3800    2000    2400    800     1000    1100    900     200     600     400     200     400     300     300     500     700     200     0       0       
213    1965 2700    1400    600     200     1500    100     600     100     100     1000    200     300     0       0       100     0       600     0       300     
213    1966 4200    3300    1300    2700    400     800     500     1700    700     0       100     300     600     100     100     100     300     100     100     
213    1967 2300    1500    700     600     700     300     800     200     300     500     200     0       300     0       0       200     300     300     0       
213    1968 3100    1200    1400    400     500     800     1200    0       400     200     100     200     100     500     200     300     600     300     200     
213    1969 3700    2400    1800    800     1200    1200    700     600     0       700     400     100     300     400     500     100     500     100     0       
213    1970 3500    1500    2100    900     1000    700     900     900     0       0       0       1000    300     300     100     400     0       500     0       
213    1971 1600    500     700     0       0       400     1100    0       0       0       0       0       0       400     0       300     800     0       100     
213    1972 2100    1200    1100    400     100     900     600     100     200     0       0       100     0       600     300     100     0       500     200     
213    1973 1600    700     1200    200     600     600     400     0       0       0       400     200     400     0       200     0       300     100     0       
213    1974 3000    1500    1500    900     900     800     0       800     100     200     100     600     300     300     200     0       0       0       400     
213    1975 2900    1200    1700    1100    1000    500     700     600     100     100     400     500     300     100     100     300     200     200     0       
213    1976 1700    900     700     400     100     700     0       100     300     100     0       0       400     100     200     0       0       0       500     
213    1977 4300    2200    600     1600    1000    0       1000    400     700     600     400     0       0       0       0       200     600     200     1200    
213    1978 3600    3100    1100    2300    200     500     800     300     800     0       100     100     400     0       100     400     100     300     1000    
213    1979 3400    2800    1500    2200    800     900     200     300     900     200     100     500     300     500     100     0       200     0       300     
213    1980 3400    1900    1300    1100    900     800     900     600     200     600     300     0       100     0       700     200     600     100     0       
213    1981 5400    1700    3000    100     1400    2100    1100    100     0       900     300     200     1200    700     200     400     200     500     700     
213    1982 3000    2100    1900    1300    800     500     1000    400     200     100     400     300     0       0       500     700     0       300     100     
213    1983 5800    1700    1900    800     1300    900     2200    200     500     600     600     100     500     300     100     300     300     1600    700     
213    1984 4200    3100    3400    1200    1800    1400    500     400     100     0       1800    0       800     100     500     200     0       300     0       
213    1985 5000    1700    2100    1300    1000    500     1800    100     1200    100     500     400     100     400     0       700     600     500     400     
213    1986 2600    1600    2100    500     100     1200    1100    0       100     0       0       100     400     500     300     800     300     0       100     
213    1987 7200    1600    4700    1000    1800    2300    1500    600     300     300     800     700     300     500     1500    900     0       600     700     
213    1988 4500    2000    2000    1400    900     700     2200    300     400     0       700     200     300     300     100     400     600     1200    0       
213    1989 7800    2400    4600    0       1300    3300    2000    0       0       600     0       700     500     1200    1600    600     800     600     1200    
213    1990 7400    4800    4300    2500    1800    2600    1300    100     1200    900     100     800     700     1200    700     800     200     300     400     
213    1991 6100    1900    4400    600     2400    1900    1500    200     0       800     200     1400    400     200     1300    900     0       600     100     
213    1992 3000    1100    1800    300     1300    600     400     100     100     200     200     900     0       100     500     100     0       300     500     
213    1993 4000    2000    2200    1000    1100    1500    500     200     300     700     300     100     500     500     500     300     100     100     400     
213    1994 4800    1700    1800    800     1400    1000    1300    300     100     700     400     300     700     200     100     100     700     500     700     
213    1995 -999999 -999999 -999999 -999999 -999999 -999999 -999999 -999999 -999999 500     700     1000    700     600     1200    100     800     -999999 -999999 
213    1996 -999999 -999999 -999999 -999999 -999999 -999999 -999999 -999999 -999999 700     500     -999999 -999999 -999999 -999999 -999999 -999999 -999999 -999999 
