EUROPEAN CLIMATE ASSESSMENT & DATASET (ECA&D), file created on: 20-01-2022
THESE DATA CAN BE USED FOR NON-COMMERCIAL RESEARCH AND EDUCATION PROVIDED THAT THE FOLLOWING SOURCE IS ACKNOWLEDGED: 

Klein Tank, A.M.G. and Coauthors, 2002. Daily dataset of 20th-century surface
air temperature and precipitation series for the European Climate Assessment.
Int. J. of Climatol., 22, 1441-1453.
Data and metadata available at http://www.ecad.eu

FILE FORMAT (MISSING VALUE CODE = -999999):

THIS FILE HOLDS DATA FOR STATION KAZAKHSTAN                               KARSAKPAJ                                (STAID:   3282)
LATITUDE: dd:mm:ss +47:49:59
LONGITUDE: ddd:mm:ss +066:45:00
ELEVATION: m  488

DATA IS FOR INDEX Days with TN > 90th percentile of daily min temp (warm nights) (TN90p) with unit 0.01 No of days

01-06 SOUID: Source identifier
08-11 YEAR : YYYY
13-20 ANNUAL DATA VALUES
21-28 WINTER HALF YEAR DATA VALUES
29-36 SUMMER HALF YEAR DATA VALUES
37-44 WINTER (DJF) DATA VALUES
45-52 SPRING (MAM) DATA VALUES
53-60 SUMMER (JJA) DATA VALUES
61-68 AUTUMN (SON) DATA VALUES
69-76 JANUARY DATA VALUES
etc. 
157-164 DECEMBER DATA VALUES

3282   1927 -999999 -999999 -999999 -999999 -999999 -999999 -999999 200     100     100     200     -999999 -999999 -999999 -999999 -999999 -999999 600     -999999 
3282   1928 -999999 -999999 -999999 -999999 300     -999999 500     -999999 -999999 0       0       300     200     0       -999999 0       200     300     100     
3282   1929 1000    700     800     100     500     400     100     0       0       100     400     0       200     100     100     0       100     0       0       
3282   1930 2300    1700    700     500     1400    400     0       200     300     1100    100     200     100     100     200     0       0       0       0       
3282   1931 -999999 -999999 -999999 -999999 200     1100    -999999 -999999 0       200     0       0       300     600     200     -999999 100     -999999 -999999 
3282   1932 -999999 -999999 -999999 -999999 -999999 -999999 -999999 -999999 -999999 -999999 -999999 -999999 -999999 -999999 -999999 -999999 300     400     0       
3282   1933 2700    1100    1700    400     900     800     400     0       400     0       500     400     0       600     200     0       100     300     200     
3282   1934 -999999 -999999 1500    -999999 200     1400    0       -999999 -999999 100     0       100     200     0       1200    0       0       0       200     
3282   1935 -999999 -999999 -999999 1200    -999999 -999999 -999999 0       1000    -999999 -999999 -999999 -999999 -999999 -999999 -999999 -999999 -999999 -999999 
3282   1936 2800    -999999 800     -999999 0       800     1000    0       800     0       0       0       300     400     100     0       900     100     200     
3282   1937 -999999 1300    -999999 200     200     -999999 700     0       0       100     0       100     -999999 -999999 -999999 500     200     0       100     
3282   1938 2700    1000    1300    700     800     600     700     300     300     100     300     400     0       100     500     0       200     500     0       
3282   1939 3700    1200    2100    500     800     1200    200     200     300     0       200     600     500     200     500     100     0       100     1000    
3282   1940 4700    2600    1900    1500    1300    1600    500     300     200     1000    200     100     100     500     1000    0       200     300     800     
3282   1941 -999999 2300    -999999 1700    500     -999999 -999999 500     400     100     400     0       500     0       -999999 -999999 300     300     400     
3282   1942 3600    1800    1700    1100    200     1400    1000    700     0       100     0       100     500     500     400     200     500     300     300     
3282   1943 2200    1400    1500    500     300     1300    300     200     0       100     0       200     100     600     600     0       300     0       100     
3282   1944 5100    3500    1700    1900    1800    800     700     800     1000    1300    100     400     400     400     0       400     200     100     0       
3282   1945 3100    500     2600    200     400     2000    500     200     0       0       100     300     600     0       1400    200     200     100     0       
3282   1946 -999999 1700    -999999 1300    500     -999999 -999999 300     1000    100     100     300     -999999 -999999 -999999 -999999 -999999 -999999 -999999 
3282   1947 -999999 -999999 -999999 -999999 -999999 -999999 -999999 -999999 -999999 -999999 -999999 -999999 -999999 -999999 -999999 -999999 -999999 -999999 -999999 
3282   1948 -999999 -999999 -999999 -999999 -999999 -999999 -999999 -999999 -999999 -999999 -999999 -999999 -999999 -999999 -999999 -999999 100     200     200     
3282   1949 2400    1100    1700    500     900     1100    100     300     0       300     100     500     700     100     300     0       100     0       0       
3282   1950 1600    700     1000    100     1000    500     0       100     0       500     300     200     200     100     200     0       0       0       0       
3282   1951 2700    300     1600    300     1100    300     400     300     0       0       400     700     200     100     0       200     200     0       600     
3282   1952 2800    1500    1800    1200    500     1400    300     500     100     100     0       400     100     700     600     0       300     0       0       
3282   1953 4000    2400    1600    1600    800     900     500     500     1100    500     0       300     100     500     300     400     100     0       200     
3282   1954 2800    400     900     300     100     600     1900    0       100     0       100     0       0       200     400     200     700     1000    100     
3282   1955 -999999 -999999 2700    1100    -999999 1900    1000    300     700     -999999 0       300     900     200     800     500     200     300     600     
3282   1956 1700    1500    900     900     200     800     400     100     200     100     100     0       0       500     300     0       100     300     0       
3282   1957 3000    900     1600    400     700     600     900     200     200     100     0       600     400     100     100     400     400     100     400     
3282   1958 2900    3000    400     1700    900     300     200     300     1000    800     0       100     100     0       200     0       200     0       200     
3282   1959 1700    800     1100    600     500     300     400     300     100     0       500     0       0       0       300     300     100     0       100     
3282   1960 2000    1000    1100    800     200     800     300     600     100     100     100     0       500     100     200     200     100     0       0       
3282   1961 3800    1000    2500    500     1700    1200    100     400     100     400     600     700     300     200     700     0       0       100     300     
3282   1962 5700    2800    2600    900     2000    1700    1200    0       600     1800    200     0       900     500     300     700     400     100     200     
3282   1963 4900    3300    700     2200    800     500     1600    1100    900     600     0       200     100     400     0       0       500     1100    0       
3282   1964 1200    1600    400     0       200     200     500     0       0       0       0       200     0       0       200     0       0       500     300     
3282   1965 4300    1600    2200    1000    600     1300    1200    700     0       100     200     300     100     500     700     400     400     400     500     
3282   1966 3900    3400    1700    1800    1000    1300    300     800     500     800     100     100     500     500     300     200     100     0       0       
3282   1967 2900    400     2200    100     1500    700     600     0       100     200     900     400     300     0       400     200     400     0       0       
3282   1968 3600    1700    2000    700     1600    800     500     300     400     600     200     800     300     200     300     200     200     100     0       
3282   1969 3100    400     1400    0       400     600     1600    0       0       100     100     200     200     200     200     500     300     800     500     
3282   1970 1700    1900    1100    700     500     600     400     0       200     100     100     300     200     300     100     100     300     0       0       
3282   1971 5100    1300    1900    400     1400    700     1700    400     0       600     400     400     100     400     200     400     400     900     900     
3282   1972 1200    2200    700     900     400     200     300     0       0       0       200     200     100     100     0       100     200     0       300     
3282   1973 3200    1300    1400    1100    700     400     1000    200     600     0       700     0       0       400     0       300     0       700     300     
3282   1974 3800    1300    2700    300     1400    1500    900     0       0       300     400     700     200     1100    200     100     400     400     0       
3282   1975 5000    2500    2500    1000    1800    1200    600     600     400     700     900     200     400     600     200     200     400     0       400     
3282   1976 2800    1900    1700    1500    600     1100    0       900     200     0       100     500     0       100     1000    0       0       0       0       
3282   1977 5000    700     3800    400     2100    1500    1000    0       400     300     800     1000    1200    0       300     500     100     400     0       
3282   1978 4200    900     2300    200     500     700     2000    200     0       200     200     100     300     400     0       1300    500     200     800     
3282   1979 5300    2400    1800    1700    400     900     1600    200     700     0       0       400     100     500     300     500     1000    100     1500    
3282   1980 4300    2700    2900    1600    800     1700    1600    0       100     0       200     600     600     600     500     400     700     500     100     
3282   1981 5300    3200    2400    1600    900     1700    1200    600     900     400     300     200     0       600     1100    200     500     500     0       
3282   1982 3500    1100    2300    100     1000    900     1300    100     0       0       300     700     300     200     400     400     600     300     200     
3282   1983 6100    3300    2400    2100    1600    1100    800     600     1300    300     900     400     100     800     200     0       100     700     700     
3282   1984 3000    1900    2000    800     600     1500    800     100     0       300     0       300     400     500     600     200     300     300     0       
3282   1985 2900    1500    1700    900     400     700     700     0       900     0       300     100     300     300     100     600     100     0       200     
3282   1986 3100    1100    1300    800     600     400     1400    600     0       200     100     300     0       300     100     500     100     800     100     
3282   1987 3700    2400    1300    1400    500     700     500     1000    300     100     0       400     100     200     400     200     200     100     700     
3282   1988 4800    2000    3000    1200    1100    1600    1100    400     100     500     600     0       800     500     300     800     200     100     500     
3282   1989 4700    2100    900     1800    300     500     1200    600     700     0       200     100     100     200     200     100     800     300     1400    
3282   1990 3200    3700    1000    2100    500     300     1400    300     400     500     0       0       300     0       0       700     600     100     300     
3282   1991 5400    1800    2600    1000    1000    1500    1700    600     100     100     500     400     800     500     200     200     900     600     500     
3282   1992 3000    3200    1200    1700    600     600     400     700     500     0       100     500     200     200     200     0       100     300     200     
3282   1993 2800    2300    800     1700    200     600     500     1200    300     200     0       0       0       0       600     200     300     0       0       
3282   1994 -999999 800     -999999 400     -999999 -999999 -999999 400     0       100     -999999 300     500     -999999 -999999 -999999 -999999 -999999 -999999 
