EUROPEAN CLIMATE ASSESSMENT & DATASET (ECA&D), file created on: 20-01-2022
THESE DATA CAN BE USED FOR NON-COMMERCIAL RESEARCH AND EDUCATION PROVIDED THAT THE FOLLOWING SOURCE IS ACKNOWLEDGED: 

Klein Tank, A.M.G. and Coauthors, 2002. Daily dataset of 20th-century surface
air temperature and precipitation series for the European Climate Assessment.
Int. J. of Climatol., 22, 1441-1453.
Data and metadata available at http://www.ecad.eu

FILE FORMAT (MISSING VALUE CODE = -999999):

THIS FILE HOLDS DATA FOR STATION GERMANY                                  HALLE                                    (STAID:     45)
LATITUDE: dd:mm:ss +51:30:52
LONGITUDE: ddd:mm:ss +011:57:02
ELEVATION: m   93

DATA IS FOR INDEX Days with TN > 90th percentile of daily min temp (warm nights) (TN90p) with unit 0.01 No of days

01-06 SOUID: Source identifier
08-11 YEAR : YYYY
13-20 ANNUAL DATA VALUES
21-28 WINTER HALF YEAR DATA VALUES
29-36 SUMMER HALF YEAR DATA VALUES
37-44 WINTER (DJF) DATA VALUES
45-52 SPRING (MAM) DATA VALUES
53-60 SUMMER (JJA) DATA VALUES
61-68 AUTUMN (SON) DATA VALUES
69-76 JANUARY DATA VALUES
etc. 
157-164 DECEMBER DATA VALUES

45     1900 3100    -999999 2100    -999999 600     1400    200     200     500     0       300     300     200     600     600     100     100     0       200     
45     1901 2400    400     1900    200     1200    800     300     0       0       100     500     600     400     200     200     0       300     0       100     
45     1902 2900    1700    1600    1200    700     900     200     1100    0       200     200     300     600     200     100     200     0       0       0       
45     1903 3800    2000    1500    1200    1400    500     700     700     500     800     100     500     200     200     100     400     300     0       0       
45     1904 3000    600     2300    300     1300    1000    200     100     200     0       600     700     200     500     300     0       100     100     200     
45     1905 4000    1100    3100    600     1000    2100    300     0       400     300     300     400     700     900     500     300     0       0       200     
45     1906 3300    700     2100    300     1400    800     1000    100     0       400     600     400     500     0       300     300     200     500     0       
45     1907 2300    1100    1100    400     500     400     700     300     100     0       0       500     200     0       200     200     200     300     300     
45     1908 1900    1300    1400    800     400     800     200     0       500     0       0       400     700     100     0       200     0       0       0       
45     1909 1100    200     700     100     600     100     300     0       100     100     400     100     0       0       100     100     200     0       0       
45     1910 2600    1200    1300    900     700     700     100     300     600     100     300     300     700     0       0       0       100     0       200     
45     1911 4500    1000    3000    700     1400    1700    800     100     400     200     800     400     100     700     900     100     300     400     100     
45     1912 3900    3000    600     1300    1500    100     300     200     1000    1000    200     300     100     0       0       0       200     100     800     
45     1913 4500    2600    1800    1500    1900    400     1200    100     600     800     700     400     400     0       0       300     200     700     300     
45     1914 3300    2000    2000    600     1200    1300    100     0       300     500     500     200     100     600     600     0       100     0       400     
45     1915 2300    1000    1300    800     300     1100    100     300     100     100     100     100     700     200     200     0       100     0       400     
45     1916 2900    1700    700     1400    700     200     800     900     100     200     100     400     0       0       200     0       500     300     200     
45     1917 2800    1400    1900    600     700     900     800     400     0       0       0       700     500     300     100     300     100     400     0       
45     1918 5000    2100    2500    1400    2100    300     600     600     800     200     1400    500     0       100     200     300     100     200     600     
45     1919 3000    2100    1500    1300    700     800     600     200     500     500     0       200     400     100     300     500     100     0       200     
45     1920 5100    1900    2900    1100    2700    600     600     600     300     700     1000    1000    100     500     0       300     100     200     300     
45     1921 5100    2700    2200    2100    1100    1400    600     1600    200     300     300     500     500     700     200     0       600     0       200     
45     1922 3200    2000    1800    800     1700    700     0       200     400     600     300     800     200     300     200     0       0       0       200     
45     1923 2800    1000    1600    800     1000    700     500     200     400     200     200     600     100     500     100     100     400     0       0       
45     1924 2200    600     1900    0       1300    500     400     0       0       200     300     800     100     200     200     300     0       100     0       
45     1925 2300    1200    700     1100    300     400     300     400     700     0       100     200     100     0       300     0       300     0       200     
45     1926 4500    2000    2200    1300    1000    800     1300    100     1000    400     400     200     100     600     100     800     0       500     300     
45     1927 3600    2500    1000    1000    1100    800     1000    500     200     1000    100     0       200     400     200     100     400     500     0       
45     1928 3100    1800    1500    700     700     900     800     200     500     200     300     200     100     500     300     100     300     400     0       
45     1929 3700    700     2800    0       800     1200    1200    0       0       0       100     700     100     500     600     800     100     300     500     
45     1930 2800    1100    2000    700     600     1300    700     200     0       0       500     100     900     300     100     100     100     500     0       
45     1931 2200    700     2100    0       1300    900     0       0       0       100     0       1200    300     400     200     0       0       0       0       
45     1932 4500    600     3600    500     800     2000    1200    400     100     100     300     400     100     700     1200    900     200     100     0       
45     1933 1800    1000    1000    400     800     500     100     100     300     300     200     300     0       400     100     0       100     0       0       
45     1934 5000    600     2800    400     1400    900     1500    100     300     100     500     800     400     300     200     600     600     300     800     
45     1935 3300    3000    1800    1600    900     1000    600     100     700     500     300     100     700     300     0       400     100     100     0       
45     1936 3300    1200    2100    700     1000    1200    300     400     300     300     300     400     600     500     100     200     0       100     100     
45     1937 3000    900     2300    800     1000    1100    200     300     400     0       400     600     700     300     100     200     0       0       0       
45     1938 4400    1800    1500    700     1200    1300    1200    500     200     1100    100     0       500     100     700     100     100     1000    0       
45     1939 4400    2600    2100    1400    600     1200    1100    900     500     100     500     0       300     400     500     400     100     600     100     
45     1940 1300    1000    1100    200     800     400     0       0       100     100     400     300     200     200     0       0       0       0       0       
45     1941 2200    400     1200    100     300     1200    0       0       100     300     0       0       300     800     100     0       0       0       600     
45     1942 3200    600     2300    600     700     900     1300    0       0       0       200     500     100     0       800     700     400     200     300     
45     1943 2700    1300    1900    500     1100    700     700     0       200     200     800     100     0       0       700     300     300     100     0       
45     1944 3000    1100    1900    700     500     1300    500     700     0       0       400     100     0       100     1200    100     200     200     0       
45     1945 3500    1400    2000    600     1400    500     1000    0       600     400     400     600     300     100     100     500     400     100     0       
45     1946 3400    1300    2600    600     1300    1300    200     200     400     200     300     800     300     800     200     200     0       0       0       
45     1947 5200    300     4600    0       1300    2400    1400    0       0       300     700     300     1200    800     400     1200    0       200     100     
45     1948 5500    1800    3200    1100    2000    1100    1300    700     300     500     800     700     300     300     500     600     200     500     100     
45     1949 5100    1600    3300    800     1000    1300    1700    300     400     100     800     100     200     300     800     1100    500     100     400     
45     1950 5000    2200    3500    1300    1200    2300    500     200     700     300     0       900     900     600     800     300     100     100     100     
45     1951 900     500     600     200     100     300     300     100     0       100     0       0       200     100     0       300     0       0       100     
45     1952 1500    300     1300    300     700     600     0       0       200     0       700     0       0       300     300     0       0       0       0       
45     1953 4100    800     1900    600     1000    1000    1200    200     400     200     200     600     600     400     0       100     700     400     300     
45     1954 2100    1500    1000    400     100     300     1300    100     0       0       100     0       300     0       0       600     600     100     300     
45     1955 1600    1300    1000    300     700     400     300     0       0       300     200     200     100     200     100     200     0       100     200     
45     1956 1400    400     500     300     400     100     300     0       100     0       100     300     100     0       0       0       300     0       500     
45     1957 3000    2400    1000    1400    700     900     500     300     600     700     0       0       100     800     0       100     0       400     0       
45     1958 2300    1000    1300    600     700     300     600     0       600     0       0       700     0       200     100     300     300     0       100     
45     1959 3100    1200    2100    400     1200    1400    0       200     100     500     700     0       0       600     800     0       0       0       200     
45     1960 2700    900     1500    500     800     1100    400     200     100     400     100     300     400     100     600     0       0       400     100     
45     1961 4300    2000    2100    1000    1500    200     1400    100     800     600     800     100     100     100     0       1000    400     0       300     
45     1962 2000    1400    1100    1000    600     300     400     600     100     0       400     200     300     0       0       200     200     0       0       
45     1963 3100    200     2000    0       1000    700     1400    0       0       0       500     500     100     300     300     300     0       1100    0       
45     1964 3900    1300    3100    200     1100    1500    1000    0       200     0       700     400     700     400     400     500     0       500     100     
45     1965 900     600     700     100     200     400     100     0       0       0       0       200     200     100     100     100     0       0       200     
45     1966 4600    1500    2500    1400    1300    1200    900     300     900     100     900     300     1000    0       200     100     800     0       0       
45     1967 4600    2500    1700    1200    1100    700     1400    300     900     500     100     500     100     300     300     400     1000    0       200     
45     1968 2900    1700    1500    300     1000    900     900     100     0       400     500     100     200     200     500     0       800     100     0       
45     1969 3300    1000    2300    100     600     1400    1200    100     0       0       100     500     200     900     300     300     300     600     0       
45     1970 2900    900     1800    0       400     1200    1100    0       0       0       300     100     700     100     400     200     300     600     200     
45     1971 3600    1800    1600    700     1000    700     700     400     100     200     0       800     0       200     500     100     300     300     700     
45     1972 2800    1600    1900    900     800     1200    300     0       200     100     400     300     0       800     400     0       0       300     300     
45     1973 2400    1200    1700    800     600     900     400     0       500     100     100     400     300     300     300     300     0       100     0       
45     1974 3800    1700    800     1100    800     300     500     700     400     500     200     100     0       100     200     200     0       300     1100    
45     1975 5900    3100    3800    2500    1000    2200    1200    1300    100     300     200     500     500     700     1000    900     200     100     100     
45     1976 3200    1600    1500    1100    500     900     800     700     300     200     200     100     300     400     200     300     300     200     0       
45     1977 5500    2700    1700    1100    1500    1000    1600    300     800     1100    300     100     700     200     100     300     800     500     300     
45     1978 3500    2600    1600    500     1200    1100    700     100     100     800     200     200     400     400     300     100     200     400     300     
45     1979 3100    1000    1700    300     600     800     700     0       0       100     0       500     600     0       200     400     100     200     1000    
45     1980 2500    1900    700     1300    300     600     800     0       300     300     0       0       300     0       300     100     200     500     500     
45     1981 4700    2500    2900    700     2100    1100    1300    0       200     1100    400     600     500     400     200     800     100     400     0       
45     1982 4300    900     2800    200     900     1700    1400    200     0       200     200     500     700     700     300     400     200     800     100     
45     1983 6800    3400    3200    1500    1500    2100    1300    1300    100     900     400     200     300     1000    800     500     600     200     500     
45     1984 2900    1800    1200    1000    300     700     1200    400     100     0       0       300     0       200     500     200     600     400     200     
45     1985 4500    1400    2400    300     1600    600     900     0       100     100     800     700     100     200     300     300     500     100     1300    
45     1986 3000    2400    1700    1700    1000    800     700     400     0       100     100     800     300     200     300     0       100     600     100     
45     1987 3600    900     1900    100     400     1100    1100    0       0       100     200     100     300     500     300     500     200     400     1000    
45     1988 5000    3400    1900    2700    800     800     1300    1300    400     100     200     500     0       300     500     400     600     300     400     
45     1989 6300    3100    2500    1600    1100    1400    1900    700     500     600     500     0       400     600     400     600     900     400     700     
45     1990 4700    5000    1200    2700    1200    1000    500     800     1200    1000    200     0       300     100     600     0       200     300     0       
45     1991 3700    1800    1900    1100    -999999 1300    900     1000    100     200     100     0       100     500     700     500     300     100     100     
45     1992 3700    1600    2100    1200    500     1600    400     500     600     0       400     100     400     300     900     0       0       400     100     
45     1993 3000    1700    1300    900     1400    300     200     800     0       400     700     300     300     0       0       0       200     0       300     
45     1994 6200    1900    3100    900     1500    2200    1100    600     0       800     400     300     400     1000    800     200     100     800     800     
45     1995 3900    2800    1600    1800    700     900     1200    100     900     100     600     0       0       500     400     100     1000    100     100     
45     1996 1200    1200    800     100     300     500     400     0       0       0       200     100     500     0       0       0       100     300     0       
45     1997 4000    1800    1800    800     1300    900     600     0       800     600     0       700     100     100     700     200     300     100     400     
45     1998 5600    3500    2200    2600    1500    900     700     900     1300    500     800     200     600     100     200     300     400     0       300     
45     1999 4500    1900    2500    1100    1100    1000    1200    600     200     400     400     300     200     600     200     800     300     100     400     
45     2000 5700    2200    2800    1400    1800    1100    1200    100     900     400     900     500     600     0       500     300     600     300     600     
45     2001 3100    2900    1300    1500    800     1000    400     300     600     500     100     200     0       100     900     0       400     0       0       
45     2002 4400    2400    1800    1800    700     1300    600     900     900     200     100     400     400     0       900     0       200     400     0       
45     2003 3200    800     2500    200     700     1700    600     200     0       0       300     400     600     400     700     100     0       500     0       
45     2004 2600    1700    1000    800     800     500     500     0       800     400     200     200     200     0       300     100     200     200     0       
45     2005 4100    1900    2100    1000    1600    600     900     1000    0       500     300     800     100     300     200     400     200     300     0       
45     2006 5600    1200    2900    300     800     1900    1800    0       300     400     400     0       300     1600    0       600     600     600     800     
45     2007 4900    4700    1900    3300    1200    900     100     1700    800     200     300     700     500     200     200     0       0       100     200     
45     2008 3500    1800    1300    1500    500     900     700     900     400     200     0       300     400     200     300     100     0       600     100     
45     2009 3700    1100    2100    200     1200    1000    1400    0       100     300     600     300     200     500     300     200     100     1100    0       
45     2010 2700    1600    1900    100     400     1800    400     0       100     300     100     0       400     1200    200     0       0       400     0       
45     2011 3200    1400    1500    700     900     600     600     400     300     300     600     0       300     0       300     300     200     100     400     
45     2012 4600    2000    2600    1200    2000    1100    300     400     400     500     600     900     300     500     300     0       0       300     400     
45     2013 4300    1600    2000    1300    1000    800     900     900     0       0       600     400     300     300     200     200     500     200     700     
45     2014 6100    3100    3100    1700    1800    1300    1500    300     700     700     900     200     300     900     100     700     500     300     500     
45     2015 -999999 -999999 -999999 1100    -999999 -999999 -999999 500     100     -999999 -999999 -999999 -999999 -999999 -999999 -999999 -999999 -999999 -999999 
