EUROPEAN CLIMATE ASSESSMENT & DATASET (ECA&D), file created on: 20-01-2022
THESE DATA CAN BE USED FOR NON-COMMERCIAL RESEARCH AND EDUCATION PROVIDED THAT THE FOLLOWING SOURCE IS ACKNOWLEDGED: 

Klein Tank, A.M.G. and Coauthors, 2002. Daily dataset of 20th-century surface
air temperature and precipitation series for the European Climate Assessment.
Int. J. of Climatol., 22, 1441-1453.
Data and metadata available at http://www.ecad.eu

FILE FORMAT (MISSING VALUE CODE = -999999):

THIS FILE HOLDS DATA FOR STATION RUSSIAN FEDERATION                       CHERTKOVO                                (STAID:   1307)
LATITUDE: dd:mm:ss +49:22:59
LONGITUDE: ddd:mm:ss +040:10:00
ELEVATION: m  145

DATA IS FOR INDEX Days with TN > 90th percentile of daily min temp (warm nights) (TN90p) with unit 0.01 No of days

01-06 SOUID: Source identifier
08-11 YEAR : YYYY
13-20 ANNUAL DATA VALUES
21-28 WINTER HALF YEAR DATA VALUES
29-36 SUMMER HALF YEAR DATA VALUES
37-44 WINTER (DJF) DATA VALUES
45-52 SPRING (MAM) DATA VALUES
53-60 SUMMER (JJA) DATA VALUES
61-68 AUTUMN (SON) DATA VALUES
69-76 JANUARY DATA VALUES
etc. 
157-164 DECEMBER DATA VALUES

1307   1941 2900    -999999 900     -999999 200     600     900     300     700     100     100     0       0       600     0       200     600     100     200     
1307   1942 -999999 900     -999999 200     300     -999999 -999999 0       0       0       0       300     100     -999999 -999999 -999999 -999999 -999999 -999999 
1307   1943 -999999 -999999 2100    -999999 1000    600     700     -999999 -999999 0       200     800     100     100     400     500     100     100     200     
1307   1944 4100    2400    1500    1500    800     600     1400    600     700     700     0       100     200     300     100     800     200     400     0       
1307   1945 1100    600     700     0       0       700     300     0       0       0       0       0       200     300     200     0       300     0       100     
1307   1946 4500    1400    3400    1100    600     2000    900     500     500     0       100     500     800     100     1100    800     0       100     0       
1307   1947 3400    1100    -999999 400     -999999 1300    700     0       400     600     -999999 0       400     700     200     200     200     300     400     
1307   1948 5300    2300    3000    1800    900     2100    900     1000    400     0       0       900     1200    200     700     0       500     400     0       
1307   1949 2500    1200    1400    100     1000    600     700     100     0       200     0       800     200     0       400     0       300     400     100     
1307   1950 3900    1400    2600    600     1400    600     1100    0       500     100     900     400     300     200     100     700     100     300     300     
1307   1951 4600    1500    3700    600     1400    2300    500     300     0       500     700     200     500     800     1000    500     0       0       100     
1307   1952 5100    700     2600    700     200     1300    2600    600     0       0       0       200     100     400     800     1100    900     600     400     
1307   1953 3100    2000    2700    500     500     1900    600     100     0       0       0       500     500     700     700     300     300     0       0       
1307   1954 7100    300     5500    0       200     4200    2500    0       0       0       0       200     1500    1700    1000    1100    400     1000    200     
1307   1955 5700    3700    2000    2000    700     1200    1900    800     1000    300     0       400     300     400     500     400     1400    100     100     
1307   1956 2400    1800    1400    300     100     1200    -999999 200     0       0       100     0       600     0       600     100     700     -999999 0       
1307   1957 6900    -999999 4900    1300    1400    2200    1800    100     1200    0       600     800     600     500     1100    1300    100     400     200     
1307   1958 3900    2200    1800    1200    1400    900     100     400     600     500     0       900     700     200     0       0       100     0       500     
1307   1959 2100    1000    1600    900     700     900     0       400     0       0       500     200     300     500     100     0       0       0       100     
1307   1960 4100    1500    1400    1400    100     1400    500     700     600     100     0       0       500     800     100     0       400     100     800     
1307   1961 4600    2900    1800    2000    900     1100    600     500     700     400     500     0       400     200     500     200     200     200     800     
1307   1962 4300    2700    1200    1600    1100    500     1600    600     200     700     300     100     100     200     200     300     700     600     300     
1307   1963 3800    2100    1900    700     600     600     2200    200     200     100     0       500     0       400     200     800     400     1000    0       
1307   1964 1700    1400    900     0       100     500     700     0       0       0       100     0       300     200     0       300     300     100     400     
1307   1965 2700    1100    1400    600     300     1100    200     100     100     100     0       200     100     500     500     100     0       100     900     
1307   1966 -999999 -999999 3600    -999999 2400    2300    1000    -999999 -999999 1200    600     600     0       1100    1200    100     500     400     0       
1307   1967 3100    900     2100    0       1400    500     800     0       0       0       400     1000    100     200     200     200     300     300     400     
1307   1968 4100    1800    2800    1100    1300    600     1300    300     400     100     400     800     100     100     400     1000    300     0       200     
1307   1969 2200    700     1400    300     400     1000    700     0       100     100     100     200     500     100     400     100     100     500     0       
1307   1970 3200    1100    2100    500     1300    500     900     0       500     0       800     500     0       400     100     300     500     100     0       
1307   1971 4900    1500    2700    800     300     1900    1900    700     100     100     100     100     400     900     600     600     100     1200    0       
1307   1972 6500    1300    5600    0       700     4500    1100    0       0       0       600     100     1200    1200    2100    400     400     300     200     
1307   1973 4400    2900    1700    2000    1900    0       300     0       1800    200     800     900     0       0       0       0       200     100     400     
1307   1974 3200    1200    900     600     400     200     2100    0       200     300     0       100     0       100     100     600     1100    400     300     
1307   1975 6000    2800    4700    700     2500    2200    800     300     100     600     1100    800     1700    400     100     600     0       200     100     
1307   1976 -999999 -999999 -999999 -999999 100     -999999 200     200     -999999 0       100     0       0       0       -999999 200     0       0       400     
1307   1977 3600    1300    1500    900     1400    300     1400    0       500     400     400     600     100     200     0       200     200     1000    0       
1307   1978 2900    3000    500     300     1700    300     200     0       300     1500    100     100     0       200     100     0       0       200     400     
1307   1979 3400    1200    1900    900     600     1000    800     300     200     100     200     300     600     200     200     400     200     200     500     
1307   1980 2500    1100    600     700     200     300     700     0       200     0       200     0       100     100     100     100     100     500     1100    
1307   1981 4500    3000    2100    2100    600     1500    1200    400     600     300     0       300     700     500     300     300     800     100     200     
1307   1982 3300    1700    1000    700     200     400     1200    500     0       100     100     0       0       100     300     500     500     200     1000    
1307   1983 5500    3600    2800    2500    2100    1000    600     800     700     400     1100    600     100     700     200     100     300     200     300     
1307   1984 3400    1700    1600    1200    800     500     1200    900     0       0       0       800     300     200     0       300     500     400     0       
1307   1985 2900    1200    1700    300     700     600     1200    300     0       0       0       700     100     0       500     400     400     400     100     
1307   1986 3000    1600    2000    800     100     1700    500     700     0       0       100     0       1000    100     600     200     300     0       0       
1307   1987 1200    500     900     200     300     500     100     0       200     0       0       300     200     300     0       100     0       0       100     
1307   1988 2800    700     2000    700     500     1300    400     600     0       0       300     200     700     600     0       200     200     0       0       
1307   1989 6300    3200    1600    1900    1600    500     1500    1000    900     1100    300     200     100     200     200     600     600     300     800     
1307   1990 5300    4600    800     2000    2100    300     1400    700     500     1700    400     0       0       300     0       100     700     600     300     
1307   1991 5300    2600    3200    1300    300     2700    1300    600     400     0       100     200     1100    1100    500     200     800     300     0       
1307   1992 3200    2500    1200    500     1400    600     700     300     200     900     500     0       400     0       200     100     300     300     0       
1307   1993 3300    2500    400     1800    400     100     500     1400    400     100     0       300     0       100     0       0       500     0       500     
1307   1994 4200    2000    1800    1500    600     100     2400    900     100     0       300     300     100     0       0       1100    900     400     100     
1307   1995 8600    4600    4300    2200    2600    2000    1900    600     1500    1100    1000    500     1200    600     200     800     500     600     0       
1307   1996 5000    1600    3100    500     1100    1800    1500    0       500     0       200     900     400     800     600     200     400     900     100     
1307   1997 3800    2800    1500    700     1500    800     800     0       600     800     0       700     300     300     200     0       700     100     100     
1307   1998 7300    2600    4500    900     1800    2900    1800    200     600     900     300     600     1400    900     600     700     900     200     0       
1307   1999 8700    3300    4100    1500    1400    2900    1800    1000    500     700     700     0       900     1300    700     500     1000    300     1100    
1307   2000 5500    3700    3100    2000    1500    1600    500     300     600     400     1000    100     300     1000    300     400     100     0       1000    
1307   2001 6200    3700    3000    2700    1900    1600    900     1500    200     900     800     200     100     1200    300     400     300     200     100     
1307   2002 8200    4000    3300    2500    1000    2300    2400    900     1500    1000    0       0       100     1600    600     1000    800     600     100     
1307   2003 3200    1900    1500    500     800     500     1400    400     0       0       0       800     100     200     200     200     800     400     100     
1307   2004 6300    4200    1500    1500    1900    600     2000    600     800     1500    200     200     0       100     500     500     700     800     400     
1307   2005 5800    3500    3100    2000    1500    1000    1500    1400    200     0       700     800     400     100     500     600     500     400     200     
1307   2006 6100    1400    3600    300     900     2600    1800    0       100     200     400     300     900     600     1100    300     1200    300     700     
1307   2007 8300    5700    4100    3500    1500    2300    1600    2000    800     700     0       800     500     400     1400    1000    600     0       100     
1307   2008 6400    3400    2000    1300    2400    1000    1200    400     800     1500    800     100     0       400     600     100     800     300     600     
1307   2009 7000    3600    2700    2000    600     2200    2400    700     700     500     100     0       800     1300    100     400     900     1100    400     
1307   2010 10700   3300    7500    800     1400    5600    2300    200     200     500     500     400     1700    1900    2000    1000    100     1200    1000    
1307   2011 4600    2400    3000    1000    700     2200    1000    0       0       100     0       600     400     1400    400     200     700     100     700     
1307   2012 9400    2600    6300    1600    2800    3100    2300    600     300     200     1600    1000    1100    1200    800     600     1100    600     300     
1307   2013 7000    3200    3800    1100    2200    1900    1900    400     400     400     500     1300    1100    400     400     100     1100    700     200     
1307   2014 6000    4300    2900    2000    2600    700     500     600     1200    500     700     1400    200     200     300     100     300     100     400     
1307   2015 5800    2600    2900    1500    1300    1500    1200    500     600     700     200     400     600     600     300     800     0       400     700     
1307   2016 8000    5100    3300    3100    2500    2400    600     600     1800    1600    800     100     1100    600     700     0       300     300     100     
1307   2017 6300    2300    2300    800     1300    1400    1600    100     600     900     300     100     400     300     700     500     800     300     1300    
1307   2018 5000    2800    3900    1700    1500    1800    1300    200     200     0       300     1200    600     900     300     600     600     100     0       
1307   2019 -999999 2000    -999999 500     1700    -999999 -999999 100     400     800     600     300     1100    -999999 -999999 -999999 -999999 -999999 -999999 
