EUROPEAN CLIMATE ASSESSMENT & DATASET (ECA&D), file created on: 20-01-2022
THESE DATA CAN BE USED FOR NON-COMMERCIAL RESEARCH AND EDUCATION PROVIDED THAT THE FOLLOWING SOURCE IS ACKNOWLEDGED: 

Klein Tank, A.M.G. and Coauthors, 2002. Daily dataset of 20th-century surface
air temperature and precipitation series for the European Climate Assessment.
Int. J. of Climatol., 22, 1441-1453.
Data and metadata available at http://www.ecad.eu

FILE FORMAT (MISSING VALUE CODE = -999999):

THIS FILE HOLDS DATA FOR STATION RUSSIAN FEDERATION                       VLADIVOSTOK                              (STAID:   3269)
LATITUDE: dd:mm:ss +43:48:00
LONGITUDE: ddd:mm:ss +131:55:59
ELEVATION: m  187

DATA IS FOR INDEX Days with TN > 90th percentile of daily min temp (warm nights) (TN90p) with unit 0.01 No of days

01-06 SOUID: Source identifier
08-11 YEAR : YYYY
13-20 ANNUAL DATA VALUES
21-28 WINTER HALF YEAR DATA VALUES
29-36 SUMMER HALF YEAR DATA VALUES
37-44 WINTER (DJF) DATA VALUES
45-52 SPRING (MAM) DATA VALUES
53-60 SUMMER (JJA) DATA VALUES
61-68 AUTUMN (SON) DATA VALUES
69-76 JANUARY DATA VALUES
etc. 
157-164 DECEMBER DATA VALUES

3269   1911 2600    -999999 2200    -999999 -999999 1800    500     0       0       -999999 100     200     800     900     100     100     0       400     0       
3269   1912 1700    900     1200    300     500     800     100     100     200     200     200     100     400     200     200     100     0       0       0       
3269   1913 -999999 200     1700    0       1500    400     -999999 0       0       200     1000    300     400     0       0       0       100     -999999 0       
3269   1914 -999999 -999999 -999999 -999999 -999999 -999999 -999999 -999999 -999999 -999999 -999999 -999999 -999999 -999999 -999999 -999999 -999999 -999999 -999999 
3269   1915 -999999 -999999 -999999 -999999 -999999 -999999 -999999 -999999 -999999 -999999 -999999 -999999 -999999 -999999 -999999 -999999 -999999 -999999 -999999 
3269   1916 -999999 -999999 -999999 -999999 -999999 -999999 -999999 -999999 -999999 -999999 -999999 -999999 -999999 -999999 -999999 -999999 -999999 -999999 -999999 
3269   1917 3000    -999999 2200    -999999 300     1800    600     200     100     100     0       200     700     200     900     200     400     0       0       
3269   1918 2100    700     1200    100     800     300     800     0       100     200     100     500     300     0       0       300     300     200     100     
3269   1919 3200    1700    1200    1000    300     900     1100    0       900     200     0       100     200     400     300     200     500     400     0       
3269   1920 4000    1200    3000    200     700     2400    600     200     0       100     200     400     300     1700    400     0       200     400     100     
3269   1921 3700    1400    2400    800     100     1900    700     500     200     0       100     0       100     400     1400    400     100     200     300     
3269   1922 3300    1600    1600    1200    400     900     900     0       900     100     300     0       200     0       700     400     400     100     200     
3269   1923 -999999 -999999 1000    -999999 600     900     -999999 -999999 100     600     0       0       200     0       700     100     400     -999999 300     
3269   1924 4800    -999999 4100    400     0       3900    600     100     0       0       0       0       400     2300    1200    200     200     200     200     
3269   1925 3100    700     2400    300     400     1600    1000    0       100     0       400     0       800     0       800     400     300     300     0       
3269   1926 2600    1200    1500    400     500     300     1300    0       400     200     0       300     200     0       100     900     100     300     100     
3269   1927 3400    1200    1600    600     400     900     1500    500     0       200     0       200     100     600     200     500     1000    0       100     
3269   1928 3800    1300    3200    200     400     1900    1400    100     0       100     100     200     0       800     1100    1000    200     200     0       
3269   1929 3600    500     3100    100     200     2700    500     100     0       0       100     100     300     1100    1300    200     0       300     100     
3269   1930 4300    1200    2500    500     800     1500    1300    100     300     400     100     300     600     700     200     600     400     300     300     
3269   1931 1900    1300    1100    400     200     1000    600     100     0       200     0       0       0       0       1000    100     300     200     0       
3269   1932 3200    1800    600     1100    500     0       1300    1100    0       200     300     0       0       0       0       300     400     600     300     
3269   1933 2300    1300    2000    300     300     1200    700     0       0       0       100     200     100     600     500     500     200     0       100     
3269   1934 2200    300     1000    100     500     400     800     0       0       0       0       500     200     200     0       100     300     400     500     
3269   1935 2900    1800    1100    900     300     300     1800    0       400     200     0       100     0       100     200     700     900     200     100     
3269   1936 3000    1200    2000    100     200     1100    1400    0       0       0       0       200     800     100     200     700     300     400     300     
3269   1937 4700    1700    2900    900     300     2400    1300    400     200     100     100     100     200     1100    1100    300     500     500     100     
3269   1938 7000    2300    4600    500     1700    3600    1300    300     100     800     700     200     600     400     2600    100     1000    200     0       
3269   1939 5500    1800    4100    300     1200    2500    1300    0       300     300     400     500     300     900     1300    700     300     300     200     
3269   1940 2600    1200    1400    200     1000    400     1200    0       0       400     100     500     200     200     0       400     300     500     0       
3269   1941 2300    1000    900     200     200     400     1300    100     100     0       0       200     200     200     0       300     400     600     200     
3269   1942 2700    1900    1500    300     1100    900     600     0       100     600     300     200     200     700     0       100     300     200     0       
3269   1943 6000    1300    4300    500     1200    2700    1300    300     200     300     600     300     500     1300    900     700     500     100     300     
3269   1944 4900    1400    3900    400     1100    2700    1000    100     0       400     100     600     500     1200    1000    500     400     100     0       
3269   1945 1700    500     1200    0       200     400     1000    0       0       0       200     0       300     0       100     600     300     100     100     
3269   1946 5700    1100    4200    700     500     3400    1000    400     200     0       500     0       1900    500     1000    300     100     600     200     
3269   1947 1900    1300    1000    600     500     500     500     300     100     0       400     100     100     0       400     0       400     100     0       
3269   1948 5100    1300    3500    700     1500    1700    800     600     100     100     800     600     300     300     1100    400     200     200     400     
3269   1949 5900    1900    3600    1400    700     2200    1400    600     400     100     100     500     200     600     1400    800     300     300     600     
3269   1950 7900    2200    6400    1500    700     4800    1400    600     300     100     100     500     800     2000    2000    1000    200     200     100     
3269   1951 5100    900     3200    500     600     2600    800     200     200     0       200     400     300     200     2100    0       200     600     700     
3269   1952 4600    2100    3200    1200    800     2300    800     500     0       100     400     300     700     800     800     200     400     200     200     
3269   1953 3600    1700    1400    500     1100    700     800     0       300     600     500     0       500     0       200     200     600     0       700     
3269   1954 2000    1500    800     900     100     100     1500    0       200     0       100     0       0       100     0       600     500     400     100     
3269   1955 5700    1600    2900    600     300     2500    1400    400     100     100     100     100     200     1100    1200    200     700     500     1000    
3269   1956 3200    2400    1800    1200    500     300     2100    200     0       0       300     200     200     0       100     1000    1000    100     100     
3269   1957 2400    1500    900     400     600     200     1000    300     0       0       200     400     100     0       100     100     400     500     300     
3269   1958 4500    2100    2200    700     600     1500    1500    200     200     500     100     0       700     400     400     600     500     400     500     
3269   1959 4100    3000    1500    1200    1800    300     1200    200     500     900     500     400     0       0       300     300     600     300     100     
3269   1960 2800    2100    1200    900     400     600     900     300     500     300     100     0       0       500     100     500     0       400     100     
3269   1961 5600    1000    3700    400     700     2500    1700    200     100     200     300     200     600     1500    400     700     200     800     400     
3269   1962 1600    1900    700     800     400     200     400     100     300     100     200     100     100     100     0       200     100     100     200     
3269   1963 2400    1100    900     400     1000    300     700     0       200     500     400     100     100     0       200     100     300     300     200     
3269   1964 2400    1300    900     600     300     600     900     400     0       100     0       200     300     200     100     100     700     100     200     
3269   1965 3000    1300    2000    400     500     1200    1100    100     100     100     200     200     700     100     400     400     500     200     0       
3269   1966 2500    1500    700     600     400     500     1000    100     500     200     0       200     0       100     400     0       800     200     0       
3269   1967 4800    2900    2100    1000    2100    800     800     300     700     900     400     800     200     200     400     100     500     200     100     
3269   1968 4300    1800    1100    400     1200    500     1400    300     0       700     400     100     300     200     0       100     300     1000    900     
3269   1969 2200    2700    1300    1300    500     500     800     100     300     100     200     200     200     100     200     400     300     100     0       
3269   1970 3500    700     2200    300     700     600     1800    100     200     0       200     500     400     100     100     900     500     400     100     
3269   1971 3200    2200    600     900     900     100     900     400     400     400     300     200     100     0       0       0       400     500     500     
3269   1972 2300    2200    1000    900     900     500     200     200     200     400     300     200     100     400     0       0       200     0       300     
3269   1973 4200    1700    2000    1300    500     1700    700     300     700     200     100     200     0       500     1200    0       200     500     300     
3269   1974 2500    2200    1100    1300    600     200     600     700     300     200     0       400     0       0       200     500     0       100     100     
3269   1975 5200    1400    3100    1100    1100    1400    1500    500     500     200     800     100     400     200     800     800     200     500     200     
3269   1976 3500    2400    1600    1300    1000    900     500     600     500     400     100     500     500     300     100     100     400     0       0       
3269   1977 3100    1000    1400    0       900     600     1200    0       0       600     200     100     100     400     100     500     400     300     400     
3269   1978 5400    1700    4000    600     900     3300    600     200     0       400     300     200     500     1600    1200    200     200     200     400     
3269   1979 4900    2200    1900    1500    900     1100    800     800     300     300     100     500     900     0       200     200     300     300     1000    
3269   1980 3100    2400    1400    1400    1100    500     1000    300     100     400     200     500     500     0       0       200     400     400     100     
3269   1981 3100    1400    1800    300     1200    700     300     0       200     300     800     100     0       700     0       200     0       100     700     
3269   1982 4000    2100    1700    1700    900     900     500     500     500     300     300     300     500     300     100     200     300     0       700     
3269   1983 4400    2500    2600    1900    1600    100     1500    1000    200     300     700     600     0       0       100     1200    100     200     0       
3269   1984 3700    500     2700    200     300     2300    500     0       200     0       0       300     700     600     1000    100     200     200     400     
3269   1985 3700    1300    2600    500     1400    1300    700     0       100     400     400     600     200     400     700     300     200     200     200     
3269   1986 -999999 900     -999999 500     300     300     -999999 200     100     0       100     200     300     0       0       -999999 -999999 -999999 -999999 
3269   1987 3000    -999999 1400    -999999 700     600     400     200     600     0       300     400     500     100     0       100     200     100     500     
3269   1988 3800    2100    2000    1600    700     1200    600     1000    100     200     200     300     200     0       1000    300     300     0       200     
3269   1989 5600    3300    1900    2000    2000    500     1100    1100    700     1000    600     400     100     100     300     400     200     500     200     
3269   1990 7700    3300    2900    1400    2500    1300    1900    100     1100    1200    800     500     700     0       600     300     1100    500     800     
3269   1991 -999999 3100    -999999 1300    1800    -999999 1200    300     200     200     500     1100    800     -999999 200     300     400     500     400     
3269   1992 5800    2900    3000    1500    1700    1400    1300    700     400     500     600     600     200     1100    100     400     400     500     300     
3269   1993 3800    2700    1100    1200    1600    0       800     300     600     600     700     300     0       0       0       100     200     500     500     
3269   1994 6300    2100    4300    1300    600     3100    1500    100     700     100     300     200     300     800     2000    700     100     700     300     
3269   1995 3800    2800    1600    1000    1500    1000    600     600     100     1000    400     100     0       300     700     100     300     200     0       
3269   1996 4500    1800    2200    900     1300    600     1500    400     500     400     600     300     200     0       400     700     300     500     200     
3269   1997 6400    1900    3600    800     1700    1900    1400    100     500     300     1000    400     400     1300    200     300     500     600     800     
3269   1998 6500    3700    2800    1600    2800    400     1700    100     700     1000    900     900     200     200     0       600     1000    100     800     
3269   1999 5700    3300    3000    2200    500     1300    2200    700     700     0       200     300     600     300     400     1200    400     600     300     
3269   2000 4400    1500    3400    400     400     2700    1200    100     0       100     100     200     500     800     1400    400     400     400     0       
3269   2001 5300    1400    3300    400     1200    1600    2100    100     300     200     800     200     800     300     500     700     600     800     0       
3269   2002 8100    5500    3200    2500    3000    1300    900     800     1700    1600    600     800     900     400     0       500     400     0       400     
3269   2003 6600    2400    3700    1400    2300    1500    1100    500     500     600     1100    600     1100    0       400     500     400     200     700     
3269   2004 8600    3000    5300    1900    2400    2700    2000    600     600     500     1200    700     2000    500     200     700     300     1000    300     
3269   2005 5000    2100    3500    500     1400    1500    1900    200     0       300     800     300     500     300     700     900     500     500     0       
3269   2006 4900    1700    2500    500     900     1600    1100    0       500     200     200     500     0       400     1200    200     600     300     800     
3269   2007 6400    4300    2900    3000    1300    1600    900     1200    1000    400     400     500     900     0       700     400     400     100     400     
3269   2008 7900    2600    4400    800     3200    1700    1900    200     200     1300    1500    400     400     900     400     800     800     300     700     
3269   2009 4700    3000    2700    1600    2300    700     700     600     300     300     900     1100    300     100     300     0       500     200     100     
3269   2010 8000    1500    6600    700     900     4700    1700    400     200     100     500     300     1900    1000    1800    1100    200     400     100     
3269   2011 5600    1900    3200    1100    600     2000    1800    0       1000    200     300     100     400     700     900     800     500     500     200     
3269   2012 3000    1600    2200    400     900     600     1200    0       200     200     200     500     200     200     200     900     100     200     100     
3269   2013 6000    800     3900    400     500     2900    2100    100     200     100     200     200     400     1300    1200    600     700     800     200     
3269   2014 9400    3700    5800    1000    3300    3500    1600    400     400     1200    1500    600     1500    1500    500     200     700     700     200     
3269   2015 7000    3500    3300    1200    2100    1500    1900    500     500     900     300     900     400     600     500     600     700     600     500     
3269   2016 6700    3200    4200    1100    2400    1900    1300    200     400     800     600     1000    200     400     1300    700     600     0       500     
3269   2017 8700    3700    5100    2100    3500    1900    1400    900     700     1000    1600    900     400     1300    200     700     500     200     300     
3269   2018 6000    2100    3200    800     1400    2000    1500    500     0       600     600     200     800     1000    200     400     600     500     600     
3269   2019 -999999 5000    -999999 2500    3900    -999999 -999999 800     1100    1400    900     1600    100     -999999 -999999 -999999 -999999 -999999 -999999 
