EUROPEAN CLIMATE ASSESSMENT & DATASET (ECA&D), file created on: 20-01-2022
THESE DATA CAN BE USED FOR NON-COMMERCIAL RESEARCH AND EDUCATION PROVIDED THAT THE FOLLOWING SOURCE IS ACKNOWLEDGED: 

Klein Tank, A.M.G. and Coauthors, 2002. Daily dataset of 20th-century surface
air temperature and precipitation series for the European Climate Assessment.
Int. J. of Climatol., 22, 1441-1453.
Data and metadata available at http://www.ecad.eu

FILE FORMAT (MISSING VALUE CODE = -999999):

THIS FILE HOLDS DATA FOR STATION SWEDEN                                   NASSJO                                   (STAID:   5297)
LATITUDE: dd:mm:ss +57:38:24
LONGITUDE: ddd:mm:ss +014:41:24
ELEVATION: m  305

DATA IS FOR INDEX Days with TN > 90th percentile of daily min temp (warm nights) (TN90p) with unit 0.01 No of days

01-06 SOUID: Source identifier
08-11 YEAR : YYYY
13-20 ANNUAL DATA VALUES
21-28 WINTER HALF YEAR DATA VALUES
29-36 SUMMER HALF YEAR DATA VALUES
37-44 WINTER (DJF) DATA VALUES
45-52 SPRING (MAM) DATA VALUES
53-60 SUMMER (JJA) DATA VALUES
61-68 AUTUMN (SON) DATA VALUES
69-76 JANUARY DATA VALUES
etc. 
157-164 DECEMBER DATA VALUES

5297   1961 6000    -999999 1700    -999999 2100    700     2100    100     1000    1500    400     200     400     200     100     400     1500    200     0       
5297   1962 1400    2300    400     600     400     0       400     400     200     0       400     0       0       0       0       0       200     200     0       
5297   1963 3000    400     2500    0       600     1400    900     0       0       0       0       600     100     500     800     500     100     300     100     
5297   1964 4000    600     2900    200     1500    1000    800     100     0       0       1300    200     300     300     400     400     0       400     600     
5297   1965 2500    1600    1800    1000    200     900     1000    400     0       200     0       0       400     100     400     900     100     0       0       
5297   1966 3700    900     2200    700     500     1400    900     100     600     100     100     300     800     400     200     400     400     100     200     
5297   1967 3700    2200    1500    700     1300    700     1100    0       500     1000    100     200     0       300     400     500     500     100     100     
5297   1968 3300    1700    1700    300     1500    600     1000    200     0       800     600     100     100     0       500     400     400     200     0       
5297   1969 2400    600     2000    0       600     800     1000    0       0       0       100     500     200     400     200     600     400     0       0       
5297   1970 2100    400     1100    0       0       600     900     0       0       0       0       0       300     200     100     500     200     200     600     
5297   1971 5300    2100    2200    1700    1100    1000    800     700     400     0       300     800     0       700     300     100     400     300     1300    
5297   1972 4600    2100    2600    1300    800     1800    300     0       0       100     400     300     600     1000    200     100     0       200     1700    
5297   1973 3400    2900    2000    2300    800     1600    100     100     500     400     0       400     700     800     100     0       100     0       300     
5297   1974 3100    1400    1100    1300    500     300     800     400     600     0       400     100     100     0       200     300     0       500     500     
5297   1975 5600    2000    3300    1300    1100    1700    1400    800     0       200     100     800     200     200     1300    700     500     200     600     
5297   1976 2000    1800    1100    1100    200     900     400     300     200     0       100     100     300     500     100     0       0       400     0       
5297   1977 3000    500     1600    0       500     1200    1200    0       0       100     100     300     800     200     200     0       800     400     100     
5297   1978 2700    1700    1000    300     600     600     1300    200     0       200     0       400     400     100     100     0       400     900     0       
5297   1979 2700    1300    1800    0       800     600     700     0       0       0       0       800     500     0       100     400     200     100     600     
5297   1980 2400    900     1300    600     100     900     600     0       0       0       100     0       100     400     400     300     0       300     800     
5297   1981 2600    1500    2200    1100    1000    800     500     100     200     100     100     800     200     100     500     500     0       0       0       
5297   1982 4100    600     2100    200     800     1100    1800    0       200     400     300     100     400     400     300     600     200     1000    200     
5297   1983 5200    3700    2300    1900    1200    1200    900     1700    0       600     500     100     0       800     400     500     300     100     200     
5297   1984 4200    900     2800    500     1400    1400    1000    300     0       0       500     900     400     300     700     0       500     500     100     
5297   1985 2100    1100    1200    100     400     700     600     0       0       0       200     200     0       400     300     100     500     0       400     
5297   1986 -999999 900     -999999 400     300     -999999 1300    0       0       0       100     200     -999999 700     -999999 0       100     1200    600     
5297   1987 1900    2100    1200    700     700     600     200     0       100     100     400     200     -999999 200     300     0       100     100     300     
5297   1988 5000    1900    2900    1700    1000    1500    700     700     700     0       500     500     900     400     200     400     200     100     400     
5297   1989 9400    5300    3100    4000    2300    1500    1400    2000    1600    1000    1000    300     600     400     500     300     800     300     600     
5297   1990 7800    6500    2300    4100    2900    700     500     1400    2100    1300    600     1000    100     100     500     0       100     400     200     
5297   1991 5500    2400    2100    1100    1700    1000    1400    600     300     800     900     0       0       400     600     200     400     800     500     
5297   1992 5700    4300    2400    2300    2200    800     300     800     1000    800     500     900     100     400     300     200     0       100     600     
5297   1993 3600    2100    1600    1400    2000    100     500     700     100     600     800     600     0       0       100     100     400     0       200     
5297   1994 5200    1200    3100    600     800     2100    1000    400     0       200     600     0       0       1200    900     400     100     500     900     
5297   1995 5700    3100    2800    2100    1000    1800    -999999 0       1200    400     300     300     200     800     800     -999999 1200    100     0       
5297   1996 -999999 -999999 -999999 -999999 -999999 -999999 -999999 0       -999999 -999999 -999999 -999999 -999999 -999999 -999999 -999999 -999999 -999999 -999999 
