EUROPEAN CLIMATE ASSESSMENT & DATASET (ECA&D), file created on: 20-01-2022
THESE DATA CAN BE USED FOR NON-COMMERCIAL RESEARCH AND EDUCATION PROVIDED THAT THE FOLLOWING SOURCE IS ACKNOWLEDGED: 

Klein Tank, A.M.G. and Coauthors, 2002. Daily dataset of 20th-century surface
air temperature and precipitation series for the European Climate Assessment.
Int. J. of Climatol., 22, 1441-1453.
Data and metadata available at http://www.ecad.eu

FILE FORMAT (MISSING VALUE CODE = -999999):

THIS FILE HOLDS DATA FOR STATION RUSSIAN FEDERATION                       CHERDY'N'                                (STAID:   2960)
LATITUDE: dd:mm:ss +60:24:00
LONGITUDE: ddd:mm:ss +056:31:00
ELEVATION: m  208

DATA IS FOR INDEX Days with TN > 90th percentile of daily min temp (warm nights) (TN90p) with unit 0.01 No of days

01-06 SOUID: Source identifier
08-11 YEAR : YYYY
13-20 ANNUAL DATA VALUES
21-28 WINTER HALF YEAR DATA VALUES
29-36 SUMMER HALF YEAR DATA VALUES
37-44 WINTER (DJF) DATA VALUES
45-52 SPRING (MAM) DATA VALUES
53-60 SUMMER (JJA) DATA VALUES
61-68 AUTUMN (SON) DATA VALUES
69-76 JANUARY DATA VALUES
etc. 
157-164 DECEMBER DATA VALUES

2960   1891 -999999 -999999 -999999 -999999 -999999 -999999 -999999 -999999 -999999 -999999 -999999 -999999 -999999 -999999 -999999 100     100     -999999 -999999 
2960   1892 -999999 -999999 -999999 -999999 -999999 -999999 200     -999999 -999999 -999999 -999999 -999999 -999999 -999999 200     100     0       100     300     
2960   1893 1100    1100    100     700     300     0       400     0       400     300     0       0       0       0       0       100     100     200     0       
2960   1894 -999999 -999999 -999999 -999999 -999999 -999999 -999999 -999999 -999999 -999999 -999999 -999999 -999999 -999999 -999999 -999999 -999999 -999999 -999999 
2960   1895 -999999 -999999 -999999 -999999 -999999 0       -999999 -999999 -999999 -999999 -999999 -999999 0       0       0       300     400     -999999 -999999 
2960   1896 -999999 -999999 -999999 -999999 200     -999999 600     -999999 -999999 0       0       200     -999999 0       200     300     300     0       -999999 
2960   1897 -999999 -999999 -999999 -999999 -999999 -999999 -999999 -999999 -999999 -999999 -999999 -999999 -999999 -999999 -999999 -999999 -999999 -999999 -999999 
2960   1898 -999999 -999999 -999999 -999999 -999999 -999999 -999999 -999999 200     0       0       -999999 -999999 -999999 -999999 -999999 -999999 -999999 -999999 
2960   1899 -999999 -999999 -999999 -999999 500     -999999 2200    1000    100     0       200     300     0       600     -999999 300     1100    800     100     
2960   1900 2100    2100    1000    100     400     400     1100    0       0       100     0       300     0       0       400     300     800     0       200     
2960   1901 2400    2000    1300    1200    500     600     300     500     500     0       200     300     200     0       400     200     100     0       0       
2960   1902 3200    800     2500    700     300     1900    300     200     500     0       100     200     300     900     700     300     0       0       0       
2960   1903 2500    1200    1100    700     700     500     500     100     600     500     200     0       100     100     300     400     0       100     100     
2960   1904 2600    1200    1100    900     900     200     500     400     400     200     300     400     0       0       200     200     300     0       200     
2960   1905 2800    1400    600     800     800     0       1000    300     300     300     100     400     0       0       0       100     400     500     400     
2960   1906 2900    1700    2100    500     1700    600     400     0       100     300     500     900     200     200     200     100     300     0       100     
2960   1907 1400    800     800     500     100     700     200     0       400     0       100     0       0       400     300     0       200     0       0       
2960   1908 2200    1200    700     1000    300     100     300     400     600     0       100     200     0       100     0       300     0       0       500     
2960   1909 3300    1500    1300    1500    0       500     1500    500     500     0       0       0       500     0       0       800     400     300     300     
2960   1910 3000    2000    1300    1200    800     400     400     600     300     100     400     300     0       300     100     200     0       200     500     
2960   1911 3000    1100    1400    800     500     1000    1000    0       300     100     200     200     300     700     0       0       300     700     200     
2960   1912 1800    1200    1700    200     400     1100    300     0       0       0       200     200     300     100     700     200     0       100     0       
2960   1913 2800    400     1200    0       500     800     900     0       0       300     100     100     100     0       700     200     0       700     600     
2960   1914 3000    2700    400     1500    600     100     800     400     500     500     0       100     0       0       100     200     200     400     600     
2960   1915 3200    3100    1000    2500    700     100     400     900     1000    0       300     400     100     0       0       200     0       200     100     
2960   1916 3500    2000    900     1800    100     600     1000    800     900     0       0       100     500     100     0       200     200     600     100     
2960   1917 3200    1100    1400    300     400     300     2100    200     0       0       400     0       0       200     100     700     1000    400     200     
2960   1918 2300    2100    1100    500     200     1100    700     200     100     200     0       0       300     500     300     0       500     200     0       
2960   1919 -999999 700     1000    0       200     300     -999999 0       0       0       200     0       200     100     0       500     -999999 -999999 -999999 
2960   1920 -999999 -999999 -999999 -999999 3300    -999999 600     400     -999999 600     1300    1400    700     -999999 700     300     0       300     0       
2960   1921 4000    1000    3100    700     1300    1600    400     600     100     0       500     800     1200    0       400     200     0       200     0       
2960   1922 -999999 1100    1300    700     600     500     800     600     100     200     300     100     0       300     200     400     100     300     -999999 
2960   1923 -999999 -999999 -999999 -999999 -999999 -999999 -999999 -999999 -999999 -999999 -999999 -999999 -999999 -999999 -999999 -999999 -999999 -999999 -999999 
2960   1924 3000    -999999 1600    -999999 1400    200     700     200     0       100     800     500     200     0       0       100     400     200     500     
2960   1925 3700    2900    1800    2000    600     1300    200     500     1000    300     200     100     200     100     1000    200     0       0       100     
2960   1926 2700    1200    800     600     600     600     1000    500     0       600     0       0       600     0       0       200     100     700     0       
2960   1927 2700    1400    1800    600     0       1500    600     200     400     0       0       0       500     700     300     300     100     200     0       
2960   1928 2700    1300    600     1000    0       200     1500    500     500     0       0       0       0       0       200     400     600     500     0       
2960   1929 -999999 1100    -999999 0       100     -999999 1300    0       0       0       0       100     200     -999999 100     100     400     800     0       
2960   1930 3100    2500    1300    1200    100     1200    500     1100    100     100     0       0       200     100     900     100     200     200     100     
2960   1931 3400    1100    2400    600     700     1400    800     500     0       100     0       600     300     400     700     400     200     200     0       
2960   1932 4400    1600    1600    1100    500     1100    1000    900     200     100     100     300     100     100     900     100     900     0       700     
2960   1933 2000    2100    1100    900     600     500     700     200     0       300     100     200     300     200     0       300     100     300     0       
2960   1934 4100    1600    1900    1100    500     1500    900     400     700     100     0       400     200     300     1000    0       500     400     100     
2960   1935 3900    2500    1700    1600    400     1000    900     600     900     0       300     100     300     0       700     300     600     0       100     
2960   1936 5100    1500    2200    800     400     1700    1200    400     300     100     100     200     500     700     500     200     0       1000    1100    
2960   1937 3400    3100    1500    2000    300     900     1300    800     100     100     100     100     400     400     100     400     700     200     0       
2960   1938 4900    1500    3100    300     800     1600    1800    100     200     300     100     400     300     200     1100    1000    0       800     400     
2960   1939 2500    2100    800     1200    300     600     200     100     700     100     0       200     300     200     100     0       0       200     600     
2960   1940 2500    1100    2000    700     700     1000    700     0       100     200     500     0       100     300     600     500     0       200     0       
2960   1941 1000    600     600     300     100     400     200     100     200     100     0       0       100     0       300     200     0       0       0       
2960   1942 2500    100     1800    100     400     1400    300     0       100     0       100     300     700     300     400     0       200     100     300     
2960   1943 4000    1400    2400    800     1300    1100    500     100     400     300     300     700     0       400     700     300     100     100     600     
2960   1944 3200    2100    1300    1600    700     500     800     900     100     300     100     300     200     0       300     400     400     0       200     
2960   1945 1200    600     1000    200     0       700     400     0       0       0       0       0       200     0       500     300     100     0       100     
2960   1946 2300    800     1200    600     200     800     600     200     300     100     0       100     400     0       400     300     0       300     200     
2960   1947 2500    700     1600    300     1400    300     600     0       100     100     800     500     300     0       0       0       400     200     100     
2960   1948 4600    1400    2700    700     1000    1200    1700    300     300     100     300     600     800     0       400     600     900     200     100     
2960   1949 3900    3100    1500    1900    500     1000    600     1400    400     100     0       400     300     0       700     100     400     100     0       
2960   1950 2900    1500    1100    700     1100    200     500     100     600     300     700     100     200     0       0       100     200     200     400     
2960   1951 5600    1100    4000    500     1600    1500    1300    0       100     200     1400    0       400     300     800     1100    100     100     1100    
2960   1952 2900    1700    2100    1500    800     1000    400     400     0       0       100     700     200     800     0       300     100     0       300     
2960   1953 4000    800     3500    700     1200    2200    100     400     0       0       800     400     400     300     1500    100     0       0       100     
2960   1954 3400    300     2100    200     200     1400    1400    100     0       100     100     0       500     800     100     600     500     300     300     
2960   1955 2500    2000    900     1200    500     400     700     900     0       0       100     400     300     0       100     0       500     200     0       
2960   1956 1000    900     500     100     300     200     200     100     0       100     0       200     100     0       100     100     100     0       200     
2960   1957 5400    1000    3500    900     800     1200    2200    100     600     0       0       800     500     200     500     1500    100     600     500     
2960   1958 2700    2400    900     1600    100     900     600     600     500     100     0       0       300     0       600     0       600     0       0       
2960   1959 2000    1300    1100    700     700     300     100     600     100     0       100     600     100     0       200     100     0       0       200     
2960   1960 2500    800     800     700     500     300     500     300     200     100     400     0       300     0       0       100     100     300     700     
2960   1961 4700    3200    1100    1900    1000    1000    1100    500     700     900     0       100     600     400     0       0       400     700     400     
2960   1962 5600    3200    2200    2000    1900    400     1100    600     1000    100     400     1400    100     300     0       0       400     700     600     
2960   1963 4400    2000    2800    900     900     1100    1800    0       300     0       400     500     700     100     300     800     500     500     300     
2960   1964 2100    1400    1400    400     0       1100    600     100     0       0       0       0       100     600     400     300     0       300     300     
2960   1965 3100    1500    800     900     400     0       1100    600     0       300     0       100     0       0       0       700     300     100     1000    
2960   1966 -999999 1500    2400    1000    1400    800     -999999 0       0       100     400     900     200     500     100     300     300     -999999 0       
2960   1967 6200    -999999 2500    100     1500    1300    3200    100     0       300     700     500     0       300     1000    0       1600    1600    100     
2960   1968 -999999 -999999 1500    700     -999999 700     -999999 0       600     -999999 300     300     200     0       500     200     200     -999999 100     
2960   1969 -999999 -999999 700     200     0       300     -999999 0       100     0       0       0       0       0       300     400     0       -999999 100     
2960   1970 -999999 -999999 1600    -999999 -999999 600     -999999 100     200     100     400     200     0       500     100     400     600     -999999 0       
2960   1971 2700    -999999 1000    900     200     500     700     900     0       100     100     0       100     400     0       400     100     200     400     
2960   1972 -999999 -999999 -999999 400     -999999 1500    -999999 0       -999999 -999999 -999999 -999999 0       300     1200    -999999 -999999 -999999 -999999 
2960   1973 3400    -999999 2400    -999999 1600    1100    100     0       200     300     600     700     700     100     300     0       0       100     400     
2960   1974 4800    1500    2200    700     1300    1000    1500    0       300     700     400     200     0       900     100     600     900     0       700     
2960   1975 3700    3200    2000    1400    2200    100     700     600     100     900     900     400     0       0       100     600     0       100     0       
2960   1976 3100    900     1700    600     900     500     600     400     200     200     300     400     200     0       300     500     0       100     500     
2960   1977 -999999 -999999 -999999 -999999 -999999 -999999 -999999 -999999 -999999 -999999 -999999 -999999 -999999 -999999 -999999 -999999 -999999 -999999 -999999 
2960   1978 3700    -999999 1100    -999999 1900    300     500     800     100     1400    400     100     300     0       0       300     0       200     100     
2960   1979 3100    1100    1200    400     1100    200     1400    200     100     500     0       600     0       0       200     400     500     500     100     
2960   1980 2900    1600    1600    600     600     100     1100    100     400     0       600     0       100     0       0       900     100     100     600     
2960   1981 7500    3100    3100    2400    600     2700    2000    1100    700     500     0       100     1100    400     1200    300     1300    400     400     
2960   1982 5300    2600    1900    700     600     700     2200    100     200     200     200     200     200     400     100     800     200     1200    1500    
2960   1983 5900    4800    2700    3000    1600    1100    1200    1300    200     400     1200    0       100     600     400     400     500     300     500     
2960   1984 2700    2300    1300    1300    1000    300     600     500     300     200     200     600     200     100     0       200     400     0       0       
2960   1985 2200    600     1800    0       600     800     700     0       0       200     100     300     200     0       600     600     100     0       100     
2960   1986 2100    700     900     200     1100    200     600     100     0       400     700     0       100     100     0       0       300     300     100     
2960   1987 2900    1000    2400    400     700     1700    200     100     200     0       0       700     700     500     500     0       200     0       0       
2960   1988 4800    700     3600    400     600     2800    900     400     0       100     300     200     600     1700    500     300     600     0       100     
2960   1989 5300    1500    3300    800     500     2800    800     400     300     100     100     300     1800    900     100     100     100     600     500     
2960   1990 5700    4400    1900    3000    800     1800    100     800     1700    700     100     0       200     600     1000    0       0       100     500     
2960   1991 8600    2100    5000    2000    2600    2200    2300    1000    500     0       1100    1500    1400    500     300     200     1300    800     0       
2960   1992 4700    3900    1500    1000    1100    300     1400    300     700     800     100     200     100     0       200     900     200     300     900     
2960   1993 4400    3200    1700    2100    1300    1000    300     900     300     600     400     300     200     0       800     0       300     0       600     
2960   1994 3000    1400    1700    1100    800     500     900     400     100     0       700     100     200     100     200     400     500     0       300     
2960   1995 8700    4100    4400    2300    3300    1400    2000    600     1400    1300    1500    500     600     200     600     1000    700     300     0       
2960   1996 4100    1300    1600    200     700     900     1600    100     100     100     100     500     300     500     100     100     500     1000    700     
2960   1997 4800    3800    2400    1300    2100    1000    1100    0       600     1000    600     500     500     200     300     300     800     0       0       
2960   1998 5500    1800    3700    600     1000    2700    800     500     100     400     0       600     900     1200    600     400     400     0       400     
2960   1999 4700    1700    1900    1200    800     800     1500    400     400     100     400     300     400     300     100     400     1100    0       800     
2960   2000 7900    4600    4100    2700    2000    2700    800     700     1200    800     900     300     1100    1600    0       200     500     100     500     
2960   2001 4200    2200    2800    800     1900    1100    900     300     0       800     600     500     0       600     500     600     100     200     0       
2960   2002 5200    3500    1400    2600    700     1000    900     1000    1600    600     0       100     0       1000    0       300     500     100     0       
2960   2003 7000    1700    3300    700     1300    2200    1600    500     200     400     300     600     0       300     1900    200     1200    200     1200    
2960   2004 6400    4500    3300    2500    1200    2100    1500    600     700     600     0       600     400     1300    400     600     400     500     300     
2960   2005 7700    2100    3500    1100    1700    1600    2900    800     0       100     400     1200    100     1000    500     300     1200    1400    700     
2960   2006 5200    3700    3200    1000    300     2100    1300    0       300     100     100     100     900     800     400     900     200     200     1200    
2960   2007 6900    4400    3300    3200    1600    2400    700     1900    100     800     400     400     100     1300    1000    100     500     100     200     
2960   2008 8500    3500    2300    2000    1600    1400    2600    800     1000    900     600     100     100     700     600     200     1400    1000    1100    
2960   2009 4800    4700    2800    1900    1200    1000    1400    400     400     400     100     700     400     300     300     1000    200     200     400     
2960   2010 6600    1000    5000    400     2200    2000    2100    0       0       200     900     1100    300     800     900     1000    400     700     300     
2960   2011 5300    1800    3500    700     1200    1800    1400    400     0       0       700     500     500     700     600     500     900     0       500     
2960   2012 5400    1700    3400    800     1500    1400    2100    300     0       0       900     600     400     600     400     500     1000    600     100     
2960   2013 4800    2900    1500    1200    300     1000    1500    200     900     100     100     100     300     300     400     300     200     1000    900     
2960   2014 5400    4300    1800    2000    1900    900     400     600     500     1100    100     700     100     0       800     100     100     200     1100    
2960   2015 5600    3700    2300    2800    1500    600     900     400     1300    600     100     800     600     0       0       800     0       100     900     
2960   2016 7700    3900    4300    3300    1800    2600    600     500     1900    500     700     600     200     300     2100    400     200     0       300     
2960   2017 5200    2300    1500    1300    1300    700     1300    400     600     800     400     100     0       0       700     300     600     400     900     
2960   2018 3500    2900    1500    1900    0       1200    1000    700     300     0       0       0       200     700     300     300     500     200     300     
2960   2019 -999999 2300    -999999 1100    1700    -999999 -999999 400     400     500     300     900     200     -999999 -999999 -999999 -999999 -999999 -999999 
2960   2020 -999999 -999999 -999999 -999999 -999999 -999999 -999999 -999999 -999999 -999999 -999999 -999999 -999999 -999999 -999999 -999999 -999999 -999999 -999999 
2960   2021 -999999 -999999 -999999 -999999 -999999 -999999 -999999 -999999 -999999 -999999 -999999 -999999 -999999 -999999 -999999 -999999 -999999 -999999 -999999 
