EUROPEAN CLIMATE ASSESSMENT & DATASET (ECA&D), file created on: 20-01-2022
THESE DATA CAN BE USED FOR NON-COMMERCIAL RESEARCH AND EDUCATION PROVIDED THAT THE FOLLOWING SOURCE IS ACKNOWLEDGED: 

Klein Tank, A.M.G. and Coauthors, 2002. Daily dataset of 20th-century surface
air temperature and precipitation series for the European Climate Assessment.
Int. J. of Climatol., 22, 1441-1453.
Data and metadata available at http://www.ecad.eu

FILE FORMAT (MISSING VALUE CODE = -999999):

THIS FILE HOLDS DATA FOR STATION GEORGIA                                  SAMGORI                                  (STAID:  20243)
LATITUDE: dd:mm:ss +41:43:00
LONGITUDE: ddd:mm:ss +044:52:59
ELEVATION: m  549

DATA IS FOR INDEX Days with TN > 90th percentile of daily min temp (warm nights) (TN90p) with unit 0.01 No of days

01-06 SOUID: Source identifier
08-11 YEAR : YYYY
13-20 ANNUAL DATA VALUES
21-28 WINTER HALF YEAR DATA VALUES
29-36 SUMMER HALF YEAR DATA VALUES
37-44 WINTER (DJF) DATA VALUES
45-52 SPRING (MAM) DATA VALUES
53-60 SUMMER (JJA) DATA VALUES
61-68 AUTUMN (SON) DATA VALUES
69-76 JANUARY DATA VALUES
etc. 
157-164 DECEMBER DATA VALUES

20243  1955 3900    -999999 1900    -999999 600     900     1600    300     500     100     200     300     300     300     300     500     800     300     0       
20243  1956 1200    1400    600     300     0       600     300     300     0       0       0       0       100     100     400     0       300     0       0       
20243  1957 5700    1300    3700    500     1400    1600    2100    100     400     500     600     300     500     200     900     1200    500     400     100     
20243  1958 3200    2700    1400    1500    1000    700     100     800     600     300     100     600     300     0       400     0       100     0       0       
20243  1959 1800    600     1200    500     300     800     200     400     100     0       200     100     0       600     200     100     0       100     0       
20243  1960 3300    1300    700     1200    300     300     1300    800     400     0       0       300     300     0       0       100     600     600     200     
20243  1961 3800    1800    2200    500     1100    1200    700     200     100     100     400     600     800     100     300     0       0       700     500     
20243  1962 7000    3100    3500    1300    1500    2400    1600    300     500     1100    100     300     400     1100    900     700     700     200     700     
20243  1963 5000    3600    1300    2600    400     600     1500    900     1000    100     300     0       0       400     200     400     700     400     600     
20243  1964 2200    1800    1400    600     300     800     1100    0       0       100     0       200     800     0       0       400     300     400     0       
20243  1965 3100    1300    1700    0       800     1300    300     0       0       600     0       200     600     400     300     200     0       100     700     
20243  1966 10700   5600    3100    4400    1500    2500    2100    2200    1500    1100    300     100     700     800     1000    200     500     1400    900     
20243  1967 2500    3000    800     1100    600     200     1300    200     0       0       0       600     200     0       0       0       600     700     200     
20243  1968 3500    1700    1700    400     1200    200     1600    100     100     0       100     1100    0       200     0       300     1000    300     300     
20243  1969 3600    1700    2200    400     700     1200    600     100     0       0       200     500     800     0       400     300     200     100     1000    
20243  1970 5300    3800    2100    2700    2200    700     500     800     900     800     800     600     0       500     200     0       0       500     200     
20243  1971 3700    1900    2300    900     1200    500     1100    600     100     500     0       700     100     300     100     1100    0       0       200     
20243  1972 3600    400     1900    300     1500    400     1600    0       100     100     1200    200     100     200     100     100     1300    200     0       
20243  1973 3000    2700    1100    900     500     800     800     100     800     300     100     100     0       200     600     100     400     300     0       
20243  1974 3100    1300    1200    100     700     900     1400    0       100     500     0       200     500     200     200     100     800     500     0       
20243  1975 5200    2000    4300    500     1000    3100    600     500     0       200     600     200     1300    1000    800     400     0       200     0       
20243  1976 2100    200     1400    0       400     900     500     0       0       0       200     200     0       300     600     100     200     200     300     
20243  1977 2900    1800    1700    1200    1200    300     500     0       900     200     600     400     0       0       300     400     0       100     0       
20243  1978 2400    1200    1100    300     900     500     600     100     200     800     100     0       200     300     0       500     100     0       100     
20243  1979 5400    2300    2100    1400    1700    500     1900    400     900     800     700     200     0       200     300     700     600     600     0       
20243  1980 3100    1400    1800    200     500     1200    500     0       200     0       200     300     0       900     300     100     0       400     700     
20243  1981 3400    3000    600     2100    800     200     300     1000    400     500     200     100     0       0       200     100     200     0       700     
20243  1982 2200    1200    1300    900     1300    100     500     100     100     100     800     400     100     0       0       0       400     100     100     
20243  1983 2900    900     2000    400     800     1200    100     300     0       0       300     500     100     900     200     0       0       100     500     
20243  1984 1700    1100    1000    900     500     0       800     400     0       100     400     0       0       0       0       600     200     0       0       
20243  1985 3700    1300    1800    900     1400    300     1100    700     200     200     400     800     300     0       0       300     100     700     0       
20243  1986 4400    1400    2900    500     500     1300    2000    200     300     100     400     0       0       700     600     1200    500     300     100     
20243  1987 2800    1800    1000    1000    100     900     200     500     400     0       0       100     400     200     300     0       100     100     700     
20243  1988 1200    1400    400     1000    300     300     200     0       300     200     100     0       100     100     100     0       200     0       100     
20243  1989 6200    1400    4500    200     2400    2600    600     0       100     1000    1000    400     700     900     1000    500     0       100     500     
20243  1990 5000    1700    2400    900     1100    1400    1500    300     100     700     200     200     900     500     0       600     200     700     600     
20243  1991 5000    2200    3600    1000    800     2700    1100    400     0       300     300     200     1000    900     800     400     500     200     0       
20243  1992 700     800     500     0       200     300     100     0       0       100     0       100     0       100     200     100     0       0       100     
20243  1993 -999999 -999999 -999999 -999999 -999999 -999999 -999999 -999999 -999999 -999999 -999999 -999999 -999999 -999999 -999999 -999999 -999999 -999999 -999999 
20243  1994 -999999 -999999 -999999 -999999 -999999 -999999 -999999 -999999 -999999 -999999 -999999 -999999 -999999 -999999 -999999 -999999 -999999 -999999 -999999 
20243  1995 -999999 -999999 -999999 -999999 -999999 -999999 -999999 -999999 -999999 -999999 -999999 -999999 -999999 -999999 -999999 -999999 -999999 -999999 -999999 
20243  1996 -999999 -999999 -999999 -999999 -999999 -999999 -999999 -999999 -999999 -999999 -999999 -999999 -999999 -999999 -999999 -999999 -999999 -999999 -999999 
20243  1997 -999999 -999999 -999999 -999999 -999999 -999999 -999999 -999999 -999999 -999999 -999999 -999999 -999999 -999999 -999999 -999999 -999999 -999999 -999999 
20243  1998 -999999 -999999 -999999 -999999 -999999 -999999 -999999 -999999 -999999 -999999 -999999 -999999 -999999 -999999 -999999 -999999 -999999 -999999 -999999 
20243  1999 -999999 -999999 -999999 -999999 -999999 -999999 -999999 -999999 -999999 -999999 -999999 -999999 -999999 -999999 -999999 -999999 -999999 -999999 -999999 
20243  2000 -999999 -999999 -999999 -999999 -999999 -999999 -999999 -999999 -999999 -999999 -999999 -999999 -999999 -999999 -999999 -999999 -999999 -999999 -999999 
20243  2001 -999999 -999999 -999999 -999999 -999999 -999999 -999999 -999999 -999999 -999999 -999999 -999999 -999999 -999999 -999999 -999999 -999999 -999999 -999999 
20243  2002 -999999 -999999 -999999 -999999 -999999 -999999 -999999 -999999 -999999 -999999 -999999 -999999 -999999 -999999 -999999 -999999 -999999 -999999 -999999 
20243  2003 -999999 -999999 -999999 -999999 -999999 -999999 -999999 -999999 -999999 -999999 -999999 -999999 -999999 -999999 -999999 -999999 -999999 -999999 -999999 
20243  2004 -999999 -999999 -999999 -999999 -999999 -999999 -999999 -999999 -999999 -999999 -999999 -999999 -999999 -999999 -999999 -999999 -999999 -999999 -999999 
