EUROPEAN CLIMATE ASSESSMENT & DATASET (ECA&D), file created on: 20-01-2022
THESE DATA CAN BE USED FOR NON-COMMERCIAL RESEARCH AND EDUCATION PROVIDED THAT THE FOLLOWING SOURCE IS ACKNOWLEDGED: 

Klein Tank, A.M.G. and Coauthors, 2002. Daily dataset of 20th-century surface
air temperature and precipitation series for the European Climate Assessment.
Int. J. of Climatol., 22, 1441-1453.
Data and metadata available at http://www.ecad.eu

FILE FORMAT (MISSING VALUE CODE = -999999):

THIS FILE HOLDS DATA FOR STATION GERMANY                                  KAHLER ASTEN (WST)                       (STAID:    812)
LATITUDE: dd:mm:ss +51:10:54
LONGITUDE: ddd:mm:ss +008:29:24
ELEVATION: m  839

DATA IS FOR INDEX Days with TN > 90th percentile of daily min temp (warm nights) (TN90p) with unit 0.01 No of days

01-06 SOUID: Source identifier
08-11 YEAR : YYYY
13-20 ANNUAL DATA VALUES
21-28 WINTER HALF YEAR DATA VALUES
29-36 SUMMER HALF YEAR DATA VALUES
37-44 WINTER (DJF) DATA VALUES
45-52 SPRING (MAM) DATA VALUES
53-60 SUMMER (JJA) DATA VALUES
61-68 AUTUMN (SON) DATA VALUES
69-76 JANUARY DATA VALUES
etc. 
157-164 DECEMBER DATA VALUES

812    1887 -999999 -999999 1100    -999999 500     700     100     -999999 -999999 200     300     0       0       500     200     100     0       0       0       
812    1888 2500    400     1200    400     300     700     1000    400     0       0       0       300     400     0       300     200     400     400     100     
812    1889 -999999 1200    -999999 300     -999999 1400    800     0       200     100     100     -999999 1300    0       100     400     0       400     100     
812    1890 3100    1900    1400    1000    1100    600     500     900     0       500     100     500     100     200     300     200     200     100     0       
812    1891 -999999 -999999 1400    -999999 600     500     1300    -999999 500     200     0       400     300     100     100     500     600     200     -999999 
812    1892 -999999 -999999 2200    -999999 1400    900     -999999 -999999 300     300     300     800     100     200     600     200     -999999 400     0       
812    1893 4600    -999999 3200    500     1900    1700    400     0       500     500     800     600     500     400     800     100     300     0       100     
812    1894 3700    1100    2300    700     1500    800     800     400     200     100     1100    300     0       600     200     100     0       700     0       
812    1895 -999999 900     -999999 100     1300    -999999 -999999 100     0       100     700     500     -999999 100     500     1500    -999999 900     0       
812    1896 -999999 -999999 1200    -999999 800     1100    100     -999999 200     700     100     0       800     300     0       0       100     0       -999999 
812    1897 -999999 -999999 -999999 -999999 900     -999999 -999999 100     300     400     300     200     1200    -999999 100     300     -999999 200     400     
812    1898 -999999 -999999 2300    2000    300     1400    1300    1500    100     0       0       300     300     0       1100    600     200     500     -999999 
812    1899 -999999 -999999 2000    -999999 500     1500    -999999 -999999 -999999 300     100     100     300     500     700     300     200     -999999 0       
812    1900 4500    -999999 2500    1200    600     1700    700     700     500     100     200     300     400     1000    300     300     200     200     300     
812    1901 4200    1200    3200    600     1100    1400    1300    300     0       200     300     600     500     600     300     900     300     100     100     
812    1902 3400    1800    2000    1100    1000    900     400     1000    0       300     400     300     600     200     100     400     0       0       100     
812    1903 3600    1900    1400    1400    1000    100     900     800     500     500     0       500     100     0       0       800     100     0       300     
812    1904 2800    500     2100    400     1000    1100    300     0       100     0       400     600     100     700     300     0       300     0       300     
812    1905 -999999 900     -999999 600     500     -999999 200     0       300     0       300     200     700     400     -999999 200     0       0       100     
812    1906 3700    800     2300    500     1100    900     1300    200     200     300     500     300     400     200     300     600     300     400     0       
812    1907 -999999 700     -999999 0       -999999 200     1400    0       0       0       0       -999999 100     0       100     600     500     300     -999999 
812    1908 3100    -999999 1200    -999999 100     900     1300    300     100     0       0       100     500     400     0       200     800     300     400     
812    1909 -999999 -999999 1000    500     -999999 400     400     0       100     -999999 300     200     100     0       300     100     300     0       200     
812    1910 -999999 1600    1600    1100    1100    700     -999999 300     600     200     200     700     700     0       0       0       -999999 100     600     
812    1911 -999999 -999999 -999999 800     1400    -999999 700     0       200     600     700     100     -999999 1100    1300    500     100     100     100     
812    1912 4400    3100    900     2200    1200    400     100     700     1400    700     300     200     0       400     0       0       100     0       600     
812    1913 -999999 2100    -999999 1000    1800    300     -999999 200     200     1000    600     200     200     0       100     -999999 500     500     100     
812    1914 4200    2200    2400    800     1600    900     600     0       700     400     1000    200     0       500     400     300     0       300     400     
812    1915 -999999 1100    -999999 600     -999999 -999999 100     200     0       200     -999999 400     -999999 200     100     100     0       0       600     
812    1916 3100    2600    900     1700    1700    100     100     900     200     900     500     300     0       0       100     0       0       100     100     
812    1917 -999999 700     -999999 500     -999999 -999999 -999999 200     200     100     -999999 900     -999999 -999999 0       400     -999999 -999999 0       
812    1918 5300    -999999 2100    1900    2000    300     600     1200    700     500     600     900     0       100     200     300     0       300     500     
812    1919 2500    1700    1500    1100    600     500     700     300     300     300     100     200     400     0       100     700     0       0       100     
812    1920 -999999 1200    1100    -999999 1300    300     300     100     500     500     300     500     0       200     100     0       100     200     -999999 
812    1921 -999999 -999999 -999999 -999999 2100    -999999 -999999 1700    300     900     600     600     200     900     -999999 -999999 1300    0       100     
812    1922 -999999 2300    -999999 600     1400    400     -999999 100     400     400     200     800     400     0       0       -999999 0       0       0       
812    1923 -999999 -999999 2000    -999999 1300    1200    600     100     -999999 700     200     400     0       1000    200     200     400     0       0       
812    1924 2600    900     1300    100     1500    100     700     100     0       400     200     900     100     0       0       100     200     400     200     
812    1925 3900    1900    2400    1300    1200    1200    200     500     600     0       500     700     300     600     300     0       200     0       200     
812    1926 6000    2700    3100    2400    1300    600     1900    600     1600    100     1000    200     0       400     200     1300    0       600     0       
812    1927 3800    1900    1800    500     1300    900     1000    200     300     800     0       500     100     200     600     400     400     200     100     
812    1928 3100    1100    2000    300     1000    800     1100    0       200     200     600     200     100     600     100     400     300     400     0       
812    1929 4800    1300    3300    0       1300    1300    1800    0       0       600     0       700     200     800     300     1300    0       500     400     
812    1930 5300    1900    3000    1200    1100    2000    1200    800     0       200     700     200     1100    400     500     100     400     700     200     
812    1931 2200    1900    1300    500     1100    500     300     300     0       300     0       800     200     200     100     0       0       300     0       
812    1932 5400    1600    3400    1300    800     2100    500     1200    100     0       200     600     500     400     1200    500     0       0       700     
812    1933 4700    2500    2500    1600    1900    800     1100    400     500     900     600     400     100     400     300     700     200     200     0       
812    1934 4000    600     2500    200     1200    300     1400    100     100     0       600     600     300     0       0       1000    300     100     900     
812    1935 2200    1700    1400    1100    300     1200    300     100     100     200     100     0       600     400     200     100     100     100     200     
812    1936 4200    2500    1800    1500    1400    1000    400     800     500     800     200     400     600     300     100     200     100     100     100     
812    1937 3400    900     2200    700     600     1300    900     200     400     0       100     500     800     200     300     300     500     100     0       
812    1938 4800    2300    1900    700     1200    900     1700    600     100     1000    0       200     100     100     700     800     100     800     300     
812    1939 4100    2500    2200    1300    600     1300    1100    900     100     300     300     0       400     200     700     600     0       500     100     
812    1940 -999999 1200    -999999 300     1100    -999999 300     0       200     400     400     300     0       -999999 0       200     0       100     0       
812    1941 2700    700     1500    400     200     1200    500     200     200     200     0       0       600     600     0       300     200     0       400     
812    1942 -999999 600     -999999 400     -999999 1100    1300    0       0       0       0       -999999 200     100     800     600     700     0       400     
812    1943 3500    2000    2300    1000    1300    1100    500     300     300     300     700     300     0       500     600     200     200     100     0       
812    1944 2400    700     1800    400     500     1300    200     400     0       0       100     400     100     0       1200    0       0       200     0       
812    1945 -999999 -999999 -999999 -999999 -999999 -999999 -999999 -999999 -999999 -999999 -999999 -999999 -999999 -999999 -999999 -999999 -999999 -999999 -999999 
812    1946 -999999 -999999 -999999 -999999 -999999 -999999 -999999 -999999 -999999 -999999 -999999 -999999 -999999 -999999 -999999 -999999 -999999 -999999 -999999 
812    1947 7600    -999999 5800    -999999 2200    2700    2200    300     0       400     500     1300    1000    800     900     1300    500     400     200     
812    1948 7900    3700    3300    1500    2400    1700    1700    600     700     1300    600     500     700     700     300     500     0       1200    800     
812    1949 7600    3600    4600    1900    2000    1500    2700    400     700     500     1300    200     300     300     900     1600    800     300     300     
812    1950 4800    3500    2500    1800    1400    1600    300     700     800     600     0       800     700     300     600     100     200     0       0       
812    1951 3400    900     1800    600     500     500     1400    400     200     100     200     200     200     100     200     900     0       500     400     
812    1952 3900    1500    3300    400     2300    1600    0       0       0       600     1300    400     200     700     700     0       0       0       0       
812    1953 8100    1800    3100    600     2700    1400    2300    200     400     1200    400     1100    700     200     500     200     1400    700     1100    
812    1954 4100    3900    1900    1100    1400    600     1800    0       0       700     100     600     300     0       300     600     600     600     300     
812    1955 2800    2300    1400    900     600     900     500     300     300     200     300     100     100     400     400     100     0       400     200     
812    1956 2500    1100    900     400     900     0       500     200     0       300     0       600     0       0       0       300     200     0       900     
812    1957 4000    3300    1700    2000    1400    1400    100     300     800     1100    300     0       600     800     0       0       0       100     0       
812    1958 2600    700     1500    600     300     800     600     0       600     0       0       300     200     100     500     400     100     100     300     
812    1959 5100    2300    3000    900     2300    1600    500     100     500     1200    700     400     300     600     700     300     100     100     100     
812    1960 3500    2000    1400    1200    1500    500     400     900     200     600     300     600     200     0       300     0       0       400     0       
812    1961 6100    2700    3000    1100    2000    500     2100    100     1000    1200    700     100     100     200     200     1700    300     100     400     
812    1962 2200    1400    1000    1000    800     100     500     600     0       0       600     200     100     0       0       100     400     0       200     
812    1963 1500    700     900     200     300     600     600     0       0       100     0       200     200     200     200     100     0       500     0       
812    1964 4000    900     3100    300     1200    1600    700     0       300     100     400     700     500     700     400     400     0       300     200     
812    1965 1200    600     600     300     400     200     300     100     0       0       300     100     100     0       100     0       200     100     200     
812    1966 5200    2300    2200    2000    800     1300    1300    400     1400    0       300     500     900     0       400     100     1000    200     0       
812    1967 3000    2100    1700    700     600     800     800     400     300     200     0       400     200     600     0       500     300     0       100     
812    1968 3000    1300    1300    500     1200    400     1000    400     0       500     700     0       200     200     0       200     300     500     0       
812    1969 3800    1000    2400    200     800     1200    1600    200     0       0       500     300     100     800     300     400     1000    200     0       
812    1970 2100    1500    1100    300     0       1100    700     300     0       0       0       0       900     0       200     0       100     600     0       
812    1971 2700    1000    1600    300     1100    500     300     200     100     0       300     800     0       400     100     0       300     0       500     
812    1972 3600    1900    1800    800     1100    1200    700     0       300     800     0       300     200     900     100     300     100     300     300     
812    1973 2900    1000    2600    300     600     1700    600     0       0       300     0       300     400     500     800     600     0       0       0       
812    1974 4200    2000    1100    1400    1100    300     600     700     700     600     500     0       0       0       300     300     0       300     800     
812    1975 5300    3000    2900    2200    1000    2000    900     1100    300     500     400     100     400     300     1300    400     500     0       0       
812    1976 4300    1500    2900    1000    700     2000    600     600     400     0       200     500     800     1100    100     200     400     0       0       
812    1977 3400    1600    400     600     700     300     1400    200     400     600     0       100     300     0       0       0       1000    400     400     
812    1978 3900    2700    1300    800     700     1100    1000    0       400     500     100     100     600     400     100     0       500     500     700     
812    1979 3200    1700    1600    700     700     400     1100    0       0       0       100     600     400     0       0       500     300     300     1000    
812    1980 3100    2100    1600    1400    500     900     1100    0       400     100     400     0       300     200     400     300     100     700     200     
812    1981 4700    2400    2800    400     2700    1000    800     0       200     1200    800     700     300     100     600     300     0       500     0       
812    1982 5700    1900    3300    1300    900     1700    1700    1000    300     100     200     600     800     800     100     800     200     700     100     
812    1983 5500    2500    2600    1300    400     2300    1100    1200    0       300     100     0       400     1100    800     200     200     700     500     
812    1984 2500    1500    1400    600     300     1000    1100    100     0       0       300     0       200     400     400     100     200     800     0       
812    1985 2600    1300    900     300     600     300     400     100     200     0       300     300     100     100     100     0       400     0       1000    
812    1986 3600    1500    1900    1100    800     1100    1100    100     0       0       100     700     800     100     200     0       300     800     500     
812    1987 3600    2200    1800    800     900     800     600     100     200     300     500     100     200     100     500     400     0       200     1000    
812    1988 4000    2100    1700    1800    1400    400     700     800     0       100     400     900     0       200     200     0       400     300     700     
812    1989 7300    3700    2800    2100    1800    1500    1600    800     600     900     300     600     400     600     500     400     600     600     1000    
812    1990 6400    5000    2500    2900    1900    1500    1100    600     1300    900     300     700     100     100     1300    0       800     300     0       
812    1991 4300    3300    1500    600     1800    900     800     400     200     1600    200     0       0       400     500     400     0       400     200     
812    1992 4300    2000    2500    1200    1400    1300    500     500     500     400     200     800     300     200     800     200     0       300     100     
812    1993 5100    2300    2900    1300    2900    700     200     800     400     700     1000    1200    400     200     100     0       0       200     100     
812    1994 5700    1100    2900    500     1000    2200    1400    200     200     400     600     0       500     1300    400     100     200     1100    700     
812    1995 5300    3000    3100    1600    1200    2000    1100    0       900     100     500     600     0       1000    1000    0       900     200     100     
812    1996 2700    1800    1500    700     800     700     400     600     0       0       700     100     600     0       100     0       100     300     200     
812    1997 4600    2600    2000    1200    1500    1300    500     400     600     1000    0       500     100     0       1200    200     100     200     300     
812    1998 4800    3300    2000    2500    1700    500     300     1000    1200    500     600     600     200     100     200     300     0       0       100     
812    1999 4500    1700    2700    1100    1700    300     1500    900     100     600     700     400     0       200     100     1300    200     0       0       
812    2000 7400    1500    4400    800     2900    1300    1200    500     300     500     900     1500    800     0       500     700     300     200     1200    
812    2001 5800    3100    2900    2200    1600    1700    1300    300     700     400     300     900     100     900     700     0       1200    100     200     
812    2002 5600    3600    2500    1900    1100    1600    800     900     800     400     300     400     300     500     800     200     100     500     400     
812    2003 6900    2500    4200    1000    2200    2300    1300    400     200     900     800     500     600     400     1300    600     0       700     500     
812    2004 5000    2500    3000    1300    1500    1400    1200    100     700     500     900     100     300     200     900     600     400     200     100     
812    2005 5900    2400    3200    800     2200    1100    1900    600     100     1000    600     600     400     500     200     900     800     200     0       
812    2006 7700    1600    4800    300     1200    2500    3100    100     200     300     300     600     800     1700    0       1400    800     900     600     
812    2007 5800    4600    3100    2700    2000    1300    100     1300    800     200     1100    700     700     400     200     0       0       100     300     
812    2008 5300    2500    2900    2300    1600    1200    500     1100    900     100     100     1400    500     700     0       200     100     200     0       
812    2009 4800    500     3100    100     2100    900     1600    0       100     100     1700    300     100     400     400     200     100     1300    100     
812    2010 3800    1900    2800    100     1000    2100    700     0       0       400     400     200     600     1300    200     100     100     500     0       
812    2011 7500    2200    3900    1000    2900    700     2700    700     300     600     1600    700     400     0       300     900     800     1000    200     
812    2012 6200    4200    2700    1000    2800    1000    1200    300     500     1400    300     1100    0       500     500     300     600     300     400     
812    2013 5000    2000    2500    1000    700     1500    1300    600     0       100     400     200     400     900     200     400     800     100     900     
812    2014 8100    4000    4100    2200    3000    1500    2000    700     600     900     1600    500     400     1000    100     500     500     1000    300     
812    2015 5900    2300    2100    500     700     1600    1700    200     0       300     400     0       0       700     900     100     0       1600    1700    
812    2016 6000    4100    4000    2500    1200    1800    1600    500     300     0       300     900     600     700     500     1000    100     500     600     
812    2017 5900    2800    2800    1400    1900    1600    1100    100     700     800     400     700     700     400     500     100     800     200     500     
812    2018 10200   2700    6600    1500    3400    2800    2400    1000    0       200     1800    1400    800     1100    900     600     1100    700     600     
812    2019 7800    4400    4000    2100    1200    3200    1300    300     1200    500     600     100     1200    800     1200    100     800     400     600     
812    2020 9000    4100    4100    2400    1900    2200    2200    900     900     500     1100    300     500     200     1500    500     500     1200    900     
812    2021 5000    4200    2300    2000    600     1500    1100    0       1100    500     0       100     1400    0       100     700     300     100     700     
