EUROPEAN CLIMATE ASSESSMENT & DATASET (ECA&D), file created on: 20-01-2022
THESE DATA CAN BE USED FOR NON-COMMERCIAL RESEARCH AND EDUCATION PROVIDED THAT THE FOLLOWING SOURCE IS ACKNOWLEDGED: 

Klein Tank, A.M.G. and Coauthors, 2002. Daily dataset of 20th-century surface
air temperature and precipitation series for the European Climate Assessment.
Int. J. of Climatol., 22, 1441-1453.
Data and metadata available at http://www.ecad.eu

FILE FORMAT (MISSING VALUE CODE = -999999):

THIS FILE HOLDS DATA FOR STATION GERMANY                                  SIEGEN (KLARANLAGE)                      (STAID:   4642)
LATITUDE: dd:mm:ss +50:51:16
LONGITUDE: ddd:mm:ss +007:59:51
ELEVATION: m  263

DATA IS FOR INDEX Days with TN > 90th percentile of daily min temp (warm nights) (TN90p) with unit 0.01 No of days

01-06 SOUID: Source identifier
08-11 YEAR : YYYY
13-20 ANNUAL DATA VALUES
21-28 WINTER HALF YEAR DATA VALUES
29-36 SUMMER HALF YEAR DATA VALUES
37-44 WINTER (DJF) DATA VALUES
45-52 SPRING (MAM) DATA VALUES
53-60 SUMMER (JJA) DATA VALUES
61-68 AUTUMN (SON) DATA VALUES
69-76 JANUARY DATA VALUES
etc. 
157-164 DECEMBER DATA VALUES

4642   1937 3600    -999999 2500    -999999 1400    1100    400     300     300     0       900     500     700     200     200     0       200     200     100     
4642   1938 2300    1700    400     800     600     100     900     600     100     500     100     0       0       0       100     200     200     500     0       
4642   1939 3600    1800    1300    1100    500     300     1500    800     300     0       500     0       0       0       300     500     0       1000    200     
4642   1940 1700    1800    600     500     900     0       500     0       300     300     300     300     0       0       0       0       0       500     0       
4642   1941 1700    1200    400     200     600     300     200     0       200     500     100     0       100     200     0       0       200     0       400     
4642   1942 2200    700     1000    400     600     200     1200    0       0       100     200     300     0       100     100     300     800     100     200     
4642   1943 2600    1900    1200    800     400     600     1000    300     300     200     100     100     0       200     400     400     600     0       0       
4642   1944 2500    1300    1600    700     800     800     200     600     100     0       600     200     100     100     600     0       0       200     0       
4642   1945 -999999 -999999 -999999 -999999 -999999 -999999 -999999 -999999 -999999 -999999 -999999 -999999 -999999 -999999 -999999 -999999 -999999 -999999 -999999 
4642   1946 -999999 -999999 -999999 -999999 -999999 -999999 -999999 -999999 -999999 -999999 -999999 -999999 -999999 -999999 -999999 -999999 -999999 -999999 -999999 
4642   1947 -999999 -999999 -999999 -999999 -999999 -999999 -999999 -999999 -999999 -999999 -999999 -999999 -999999 -999999 -999999 -999999 -999999 -999999 -999999 
4642   1948 -999999 -999999 -999999 -999999 -999999 -999999 -999999 -999999 -999999 -999999 -999999 -999999 -999999 -999999 -999999 -999999 -999999 -999999 -999999 
4642   1949 4300    -999999 2400    -999999 900     700     1500    400     200     100     800     0       200     0       500     900     500     100     600     
4642   1950 3500    2500    1800    1600    700     900     800     400     600     300     100     300     400     500     0       500     200     100     100     
4642   1951 1700    900     700     400     300     300     600     200     100     200     100     0       200     0       100     300     0       300     200     
4642   1952 1800    500     1700    200     500     1100    200     0       0       0       400     100     0       800     300     100     100     0       0       
4642   1953 3600    600     1600    400     800     900     1300    200     200     100     100     600     600     100     200     0       1100    200     200     
4642   1954 2100    1600    400     200     300     0       1400    0       0       100     200     0       0       0       0       200     700     500     400     
4642   1955 1600    1700    900     400     600     300     300     0       0       100     400     100     100     0       200     100     0       200     400     
4642   1956 2800    1000    1000    600     900     100     600     100     100     200     300     400     0       100     0       200     400     0       1000    
4642   1957 4200    3700    900     2200    1100    600     1300    200     1000    1100    0       0       0       500     100     300     500     500     0       
4642   1958 3100    1800    1700    800     400     900     900     100     700     0       100     300     0       100     800     400     500     0       100     
4642   1959 2800    1400    1700    300     1400    900     100     200     0       600     600     200     300     400     200     0       0       100     200     
4642   1960 4200    1700    1600    1200    1400    500     1100    700     300     400     500     500     0       100     400     100     200     800     200     
4642   1961 4000    2300    1700    1000    1300    0       1500    200     600     300     800     200     0       0       0       700     700     100     400     
4642   1962 2000    2200    900     1300    500     200     400     700     200     100     300     100     100     0       100     300     100     0       0       
4642   1963 2200    100     1300    0       600     400     1200    0       0       0       500     100     100     100     200     300     0       900     0       
4642   1964 3200    1600    1700    600     800     800     900     0       600     100     400     300     400     200     200     200     0       700     100     
4642   1965 1300    1400    500     200     700     300     0       100     0       500     100     100     200     100     0       0       0       0       200     
4642   1966 -999999 -999999 -999999 -999999 -999999 -999999 -999999 -999999 -999999 -999999 -999999 -999999 -999999 -999999 -999999 -999999 -999999 -999999 -999999 
4642   1967 2800    -999999 800     -999999 500     300     1200    200     600     200     0       300     100     100     100     200     1000    0       0       
4642   1968 3400    1500    1800    500     900     800     1200    300     200     0       800     100     400     100     300     100     800     300     0       
4642   1969 3600    1300    2900    100     1100    1500    900     100     0       100     300     700     100     1000    400     400     100     400     0       
4642   1970 3600    700     1800    0       900     900     1400    0       0       200     500     200     600     0       300     200     500     700     400     
4642   1971 3700    2300    2100    1000    1200    1000    400     200     400     100     100     1000    100     500     400     0       400     0       500     
4642   1972 3600    1500    1800    1100    400     1400    800     0       600     0       200     200     100     900     400     0       200     600     400     
4642   1973 2800    1600    2200    700     500     1300    700     100     200     100     0       400     400     400     500     500     100     100     0       
4642   1974 4000    2200    700     1300    800     300     600     900     400     700     100     0       0       0       300     300     0       300     1000    
4642   1975 4800    3200    2900    2500    800     1900    600     1400    100     400     200     200     500     500     900     600     0       0       0       
4642   1976 3900    1400    1800    1300    300     1200    1100    1200    100     100     0       200     300     800     100     400     400     300     0       
4642   1977 5100    2800    1600    1300    1000    1100    1200    300     1000    800     200     0       700     200     200     300     400     500     500     
4642   1978 2300    2300    900     700     1100    400     400     0       200     700     300     100     200     100     100     100     200     100     200     
4642   1979 3400    700     2000    300     800     900     700     0       100     100     100     600     700     200     0       400     200     100     900     
4642   1980 3700    2300    1600    1700    400     1300    900     100     700     300     100     0       400     200     700     200     100     600     300     
4642   1981 4400    2500    2400    700     2300    1000    700     100     300     1100    600     600     600     100     300     200     0       500     0       
4642   1982 3800    1000    2800    300     900     1900    600     200     100     200     100     600     700     800     400     200     100     300     100     
4642   1983 5600    2200    2900    1100    1200    2200    800     1000    0       700     300     200     700     1000    500     200     300     300     400     
4642   1984 3000    1200    1500    600     100     1100    1500    100     100     0       0       100     100     400     600     300     900     300     100     
4642   1985 3800    1700    2000    200     1700    300     700     0       100     300     700     700     200     100     0       300     300     100     1000    
4642   1986 4100    1900    2000    1400    900     1200    1200    400     0       100     200     600     900     100     200     0       500     700     400     
4642   1987 4800    2300    2500    800     800     1200    1500    100     300     300     400     100     300     400     500     800     300     400     900     
4642   1988 5600    3200    2400    2400    1400    600     1400    1000    500     100     400     900     0       400     200     500     600     300     700     
4642   1989 6600    3300    3200    1800    1400    1900    1300    600     500     600     400     400     300     900     700     500     500     300     900     
4642   1990 4200    3900    1200    2100    1200    1000    800     400     800     1000    0       200     400     100     500     0       400     400     0       
4642   1991 4000    2100    2400    500     1200    1500    600     500     0       800     300     100     100     1000    400     500     0       100     200     
4642   1992 5400    1300    3800    1100    1300    2300    800     400     500     100     200     1000    400     900     1000    300     0       500     100     
4642   1993 4700    1800    2900    1000    2100    800     600     800     100     300     1000    800     500     100     200     300     300     0       300     
4642   1994 8600    2300    4500    900     2100    3100    1900    500     100     1100    500     500     700     1600    800     400     200     1300    900     
4642   1995 6500    4000    3700    2400    1600    2200    1200    200     1300    100     1000    500     200     1200    800     0       1100    100     0       
4642   1996 2200    1200    1500    0       300     1100    700     0       0       0       300     0       500     200     400     100     200     400     100     
4642   1997 6300    2800    3100    1100    2300    1600    1000    0       1000    1100    400     800     500     100     1000    300     300     400     400     
4642   1998 6600    3600    3300    1900    2600    800     1400    700     800     1000    900     700     500     100     200     900     500     0       300     
4642   1999 6800    2300    4400    1100    2100    2000    1600    600     200     700     800     600     500     800     700     1000    400     200     300     
4642   2000 8500    2900    4200    1600    2600    1800    1700    400     900     700     700     1200    900     200     700     500     700     500     1100    
4642   2001 6600    4000    3100    2000    2100    1800    1300    300     600     800     400     900     100     500     1200    0       1200    100     500     
4642   2002 7200    4100    3400    2300    1600    2300    800     800     1000    500     400     700     800     400     1100    0       300     500     700     
4642   2003 7400    3100    4900    1300    2300    3500    900     600     0       1000    500     800     1400    600     1500    100     0       800     100     
4642   2004 5000    2400    2800    1100    1200    1900    800     100     900     500     500     200     300     500     1100    200     400     200     100     
4642   2005 8300    3100    4600    1400    2800    2000    2200    1100    200     1100    900     800     1000    600     400     900     900     400     0       
4642   2006 9000    1900    5300    200     1500    3000    3600    0       200     400     500     600     800     2000    200     1200    1500    900     700     
4642   2007 8700    6400    4500    3600    2600    2300    500     1600    1300    400     1200    1000    1200    500     600     0       300     200     400     
4642   2008 -999999 -999999 2400    -999999 1500    1000    600     -999999 -999999 400     0       1100    300     300     400     300     0       300     0       
4642   2009 4500    800     2700    200     1700    1100    1300    0       200     300     1300    100     300     600     200     200     200     900     200     
4642   2010 3300    2000    1800    500     600     1500    900     0       300     400     200     0       300     900     300     100     100     700     0       
4642   2011 5200    2200    2900    1000    1400    1400    1000    300     700     400     900     100     500     0       900     500     300     200     400     
4642   2012 5500    3200    2600    1700    2500    1100    100     700     600     1000    700     800     400     200     500     0       100     0       500     
4642   2013 4700    1800    2200    1500    800     1300    1400    1000    0       200     500     100     400     600     300     300     800     300     200     
4642   2014 5900    2500    3500    1100    1800    1300    1500    400     500     300     1100    400     300     900     100     700     400     400     400     
4642   2015 5800    1700    2600    800     300     2300    1800    400     0       100     0       200     0       1100    1200    100     200     1500    1000    
4642   2016 5100    3700    3400    1900    1200    1700    900     400     500     100     400     700     600     600     500     600     100     200     400     
4642   2017 4400    1800    2500    1100    1100    1500    900     0       700     400     0       700     400     500     600     300     500     100     200     
4642   2018 -999999 1800    4800    1000    1900    2900    700     800     0       200     600     1100    1000    700     1200    200     200     300     -999999 
