EUROPEAN CLIMATE ASSESSMENT & DATASET (ECA&D), file created on: 20-01-2022
THESE DATA CAN BE USED FOR NON-COMMERCIAL RESEARCH AND EDUCATION PROVIDED THAT THE FOLLOWING SOURCE IS ACKNOWLEDGED: 

Klein Tank, A.M.G. and Coauthors, 2002. Daily dataset of 20th-century surface
air temperature and precipitation series for the European Climate Assessment.
Int. J. of Climatol., 22, 1441-1453.
Data and metadata available at http://www.ecad.eu

FILE FORMAT (MISSING VALUE CODE = -999999):

THIS FILE HOLDS DATA FOR STATION GERMANY                                  GRAINET-REHBERG                          (STAID:   4156)
LATITUDE: dd:mm:ss +48:47:25
LONGITUDE: ddd:mm:ss +013:37:50
ELEVATION: m  628

DATA IS FOR INDEX Days with TN > 90th percentile of daily min temp (warm nights) (TN90p) with unit 0.01 No of days

01-06 SOUID: Source identifier
08-11 YEAR : YYYY
13-20 ANNUAL DATA VALUES
21-28 WINTER HALF YEAR DATA VALUES
29-36 SUMMER HALF YEAR DATA VALUES
37-44 WINTER (DJF) DATA VALUES
45-52 SPRING (MAM) DATA VALUES
53-60 SUMMER (JJA) DATA VALUES
61-68 AUTUMN (SON) DATA VALUES
69-76 JANUARY DATA VALUES
etc. 
157-164 DECEMBER DATA VALUES

4156   1957 -999999 -999999 -999999 -999999 -999999 1800    800     -999999 -999999 -999999 -999999 0       900     900     0       100     100     600     100     
4156   1958 3300    1300    1600    600     1100    300     1400    0       500     0       0       1100    100     200     0       200     500     700     0       
4156   1959 3300    2000    2100    100     2000    700     200     100     0       700     900     400     100     500     100     100     0       100     300     
4156   1960 4300    2200    1400    1400    1300    600     900     700     400     700     200     400     200     0       400     200     300     400     400     
4156   1961 4800    2200    2400    1100    1800    500     1100    200     500     400     1300    100     300     0       200     500     300     300     700     
4156   1962 2300    1800    1000    1200    600     400     800     500     0       0       500     100     300     0       100     0       400     400     0       
4156   1963 3000    800     1900    0       700     900     1400    0       0       0       400     300     300     300     300     300     0       1100    0       
4156   1964 3200    1400    1800    300     500     1000    1400    0       300     0       500     0       400     300     300     300     200     900     0       
4156   1965 1900    1300    1100    200     200     800     300     200     0       0       100     100     300     300     200     100     100     100     400     
4156   1966 6400    3100    2300    2600    1300    1000    1800    200     2000    300     800     200     800     100     100     300     1500    0       100     
4156   1967 3400    2700    1400    800     1100    600     800     400     300     400     400     300     100     500     0       100     700     0       200     
4156   1968 2900    1700    1400    800     1000    500     800     300     300     200     400     400     200     100     200     100     400     300     0       
4156   1969 3400    1300    2300    400     1100    1000    900     400     0       200     300     600     0       800     200     400     200     300     0       
4156   1970 3100    800     1700    300     100     1200    1300    200     100     0       0       100     600     300     300     400     200     700     200     
4156   1971 4300    1900    2600    800     1300    1500    200     600     0       200     200     900     200     700     600     0       100     100     700     
4156   1972 3400    2100    2100    1400    1300    1200    200     100     600     500     600     200     100     600     500     100     0       100     0       
4156   1973 1300    300     1100    0       600     500     200     0       0       200     100     300     200     200     100     200     0       0       0       
4156   1974 5200    2600    1400    1200    1700    1000    200     700     500     1400    200     100     0       0       1000    100     0       100     1100    
4156   1975 4100    3000    2100    2100    1200    600     1300    800     200     800     100     300     500     100     0       1100    200     0       0       
4156   1976 4000    1200    1900    1000    600     900     1300    900     100     0       300     300     200     700     0       400     400     500     200     
4156   1977 5900    3900    1800    1700    1600    900     1500    300     1200    1300    100     200     500     100     300     600     600     300     400     
4156   1978 2200    1800    800     700     600     300     200     100     200     200     200     200     200     0       100     100     100     0       800     
4156   1979 3600    1700    1700    1200    800     1300    300     0       400     400     0       400     1200    0       100     0       200     100     800     
4156   1980 2000    1800    800     1300    200     500     500     100     400     200     0       0       100     0       400     300     100     100     300     
4156   1981 5200    1900    2600    500     2100    1300    1500    0       200     1200    300     600     700     200     400     400     400     700     100     
4156   1982 5400    1800    2700    600     500     1800    1900    500     0       100     100     300     700     600     500     500     600     800     700     
4156   1983 6100    3900    3400    2100    900     2600    1000    1400    0       400     400     100     300     1400    900     300     100     600     200     
4156   1984 2300    1200    1200    500     300     800     900     200     100     0       0       300     200     300     300     100     300     500     0       
4156   1985 2500    1100    1500    200     1200    400     300     100     100     100     0       1100    0       100     300     0       100     200     400     
4156   1986 4000    1000    3300    700     1600    1300    600     300     0       0       600     1000    800     0       500     400     0       200     200     
4156   1987 4800    1100    2400    800     300     1000    1900    200     400     100     100     100     200     600     200     1200    400     300     1000    
4156   1988 4400    3000    2000    2300    900     900     1000    1100    200     0       200     700     0       400     500     200     700     100     300     
4156   1989 5500    2300    2700    1000    1100    1600    1200    200     500     500     400     200     0       800     800     500     500     200     900     
4156   1990 3900    2600    1400    1400    800     1100    1300    300     200     500     0       300     200     300     600     0       800     500     200     
4156   1991 3800    3400    1600    1000    1100    1500    300     700     100     1100    0       0       100     1000    400     100     100     100     100     
4156   1992 5400    1500    3300    900     800     2600    800     300     500     400     100     300     400     700     1500    300     200     300     400     
4156   1993 5300    2400    3000    1500    1700    1400    700     1100    0       400     700     600     800     200     400     300     100     300     400     
4156   1994 10100   3600    4300    2000    1700    2800    3200    1200    400     1200    300     200     600     1000    1200    1000    400     1800    800     
4156   1995 7300    4400    4200    2200    1100    3100    1400    200     1200    0       500     600     200     1700    1200    0       1200    200     300     
4156   1996 4300    1800    2900    400     1400    1400    1300    100     0       0       900     500     800     200     400     100     800     400     100     
4156   1997 6600    2800    3300    700     1600    2000    1700    0       600     900     0       700     800     100     1100    600     400     700     700     
4156   1998 7900    4600    4500    3000    2200    2200    900     1000    1300    500     700     1000    900     600     700     600     200     100     300     
4156   1999 8000    2000    5600    1300    1800    2300    2700    1000    0       400     400     1000    500     1000    800     1900    600     200     200     
4156   2000 9800    2500    5300    1300    3300    1900    2700    200     900     400     1500    1400    1100    200     600     500     1300    900     800     
4156   2001 -999999 5400    -999999 2000    2700    1700    -999999 400     800     1200    300     1200    100     100     1500    -999999 2000    0       300     
4156   2002 11200   5300    5300    2600    2300    3300    2600    700     1600    700     500     1100    1200    1000    1100    400     400     1800    700     
4156   2003 8600    3700    6800    1000    3000    4100    900     300     0       500     700     1800    2000    400     1700    200     100     600     300     
4156   2004 7300    2500    3700    1400    1700    2000    2300    300     800     400     800     500     300     600     1100    400     1400    500     200     
4156   2005 4700    3200    2800    1200    1300    900     1500    900     100     100     500     700     400     200     300     700     700     100     0       
4156   2006 6800    1000    4300    200     600     2800    2700    0       200     0       400     200     1100    1700    0       900     1100    700     500     
4156   2007 7600    5500    3600    3000    2500    1800    200     1400    1100    700     900     900     1100    700     0       0       200     0       600     
4156   2008 6500    2800    3200    2300    1500    1400    1500    900     800     300     200     1000    900     400     100     600     200     700     400     
4156   2009 7200    1600    4800    500     2400    1600    2600    100     0       200     1500    700     400     700     500     1000    500     1100    500     
4156   2010 4300    3000    2600    900     1000    2100    700     100     300     500     200     300     600     1100    400     0       0       700     100     
4156   2011 5900    2200    3600    1200    2000    1300    1300    800     300     300     1200    500     300     300     700     600     400     300     200     
4156   2012 6400    2300    4000    1200    1800    2300    700     800     200     400     600     800     900     900     500     300     0       400     600     
4156   2013 6400    2200    3800    1400    1500    2500    1300    800     0       400     500     600     700     1400    400     200     800     300     300     
4156   2014 7200    3500    2500    1800    1900    1100    1500    900     600     600     800     500     500     600     0       100     600     800     1200    
4156   2015 8100    3200    4800    1600    900     4000    1500    400     0       200     300     400     1100    1400    1500    100     300     1100    1300    
4156   2016 6700    4700    3400    3100    1400    1100    2100    1000    800     200     500     700     300     400     400     1100    400     600     300     
4156   2017 5000    2700    3000    900     1900    1900    500     0       600     800     400     700     800     400     700     0       400     100     100     
4156   2018 10500   1700    7300    900     3700    3300    2000    800     0       300     1500    1900    1400    500     1400    600     900     500     700     
4156   2019 8200    3400    4800    1000    2000    3500    1300    200     100     1000    1000    0       1700    800     1000    300     500     500     1100    
4156   2020 5100    4100    1900    2400    1000    1000    1300    200     1100    700     300     0       100     100     800     600     200     500     500     
4156   2021 4000    2400    2000    1600    300     1400    900     200     900     100     0       200     1000    300     100     400     300     200     300     
