EUROPEAN CLIMATE ASSESSMENT & DATASET (ECA&D), file created on: 20-01-2022
THESE DATA CAN BE USED FOR NON-COMMERCIAL RESEARCH AND EDUCATION PROVIDED THAT THE FOLLOWING SOURCE IS ACKNOWLEDGED: 

Klein Tank, A.M.G. and Coauthors, 2002. Daily dataset of 20th-century surface
air temperature and precipitation series for the European Climate Assessment.
Int. J. of Climatol., 22, 1441-1453.
Data and metadata available at http://www.ecad.eu

FILE FORMAT (MISSING VALUE CODE = -999999):

THIS FILE HOLDS DATA FOR STATION SPAIN                                    GRANADA                                  (STAID:    417)
LATITUDE: dd:mm:ss +37:08:12
LONGITUDE: ddd:mm:ss -003:37:53
ELEVATION: m  687

DATA IS FOR INDEX Days with TN > 90th percentile of daily min temp (warm nights) (TN90p) with unit 0.01 No of days

01-06 SOUID: Source identifier
08-11 YEAR : YYYY
13-20 ANNUAL DATA VALUES
21-28 WINTER HALF YEAR DATA VALUES
29-36 SUMMER HALF YEAR DATA VALUES
37-44 WINTER (DJF) DATA VALUES
45-52 SPRING (MAM) DATA VALUES
53-60 SUMMER (JJA) DATA VALUES
61-68 AUTUMN (SON) DATA VALUES
69-76 JANUARY DATA VALUES
etc. 
157-164 DECEMBER DATA VALUES

417    1893 -999999 -999999 -999999 -999999 -999999 -999999 -999999 -999999 -999999 -999999 -999999 -999999 -999999 -999999 -999999 -999999 -999999 -999999 -999999 
417    1894 -999999 -999999 -999999 -999999 -999999 -999999 -999999 -999999 -999999 -999999 -999999 -999999 600     1500    -999999 -999999 -999999 -999999 -999999 
417    1895 -999999 -999999 -999999 -999999 -999999 -999999 -999999 -999999 -999999 0       -999999 200     -999999 -999999 300     200     -999999 -999999 300     
417    1896 -999999 -999999 -999999 -999999 -999999 -999999 -999999 -999999 100     0       200     -999999 -999999 600     -999999 -999999 -999999 -999999 100     
417    1897 -999999 -999999 -999999 -999999 -999999 -999999 -999999 -999999 -999999 800     -999999 100     500     100     700     0       -999999 0       100     
417    1898 -999999 -999999 -999999 300     700     -999999 -999999 200     0       0       500     200     0       200     500     1500    -999999 0       0       
417    1899 -999999 -999999 -999999 -999999 -999999 -999999 -999999 0       100     -999999 1800    600     -999999 -999999 1200    1100    2000    -999999 -999999 
417    1900 -999999 -999999 -999999 -999999 -999999 -999999 300     0       500     0       400     100     800     500     -999999 100     200     0       0       
417    1901 2800    200     2800    0       700     2000    100     0       0       0       700     0       1900    0       100     100     0       0       0       
417    1902 900     200     700     0       200     700     0       0       0       200     0       0       0       200     500     0       0       -999999 0       
417    1903 3500    300     2100    0       1000    1400    1100    0       0       300     600     100     200     400     800     0       1100    0       0       
417    1904 6800    1200    5500    100     2500    2800    1100    0       100     0       800     1700    1300    600     900     200     600     300     300     
417    1905 2700    2200    1700    400     2300    300     0       100     0       900     1300    100     0       300     0       0       0       0       0       
417    1906 1400    100     1200    0       500     800     100     0       0       100     0       400     600     0       200     0       100     0       0       
417    1907 1000    400     700     0       400     600     0       0       0       300     0       100     200     0       400     0       0       0       0       
417    1908 1600    100     1500    100     1000    500     0       0       100     0       300     700     200     0       300     0       0       0       0       
417    1909 2000    0       300     0       100     200     900     0       0       0       100     0       0       0       200     0       700     200     800     
417    1910 3900    1700    3600    800     700     2900    100     0       0       0       700     0       1100    800     1000    0       100     0       200     
417    1911 1100    300     800     200     200     400     300     0       0       0       200     0       100     100     200     200     100     0       200     
417    1912 1900    1100    1100    500     1300    300     0       0       300     500     100     700     300     0       0       0       0       0       0       
417    1913 1600    300     1100    200     200     1000    200     200     0       100     100     0       300     600     100     0       0       200     0       
417    1914 1000    300     900     100     900     0       0       0       100     0       300     600     0       0       0       0       0       0       0       
417    1915 2000    500     1100    100     500     1000    200     100     0       400     0       100     0       600     400     0       0       200     200     
417    1916 1500    500     600     300     500     100     300     0       100     0       200     300     0       100     0       0       0       300     500     
417    1917 2000    900     1500    500     300     800     900     0       0       100     100     100     0       600     200     500     400     0       0       
417    1918 1500    600     1300    200     100     500     700     200     0       0       0       100     200     200     100     700     0       0       0       
417    1919 2100    500     1500    400     200     1100    400     0       400     100     0       100     300     100     700     300     0       100     0       
417    1920 4000    600     3200    200     1900    1500    200     0       200     300     500     1100    800     100     600     100     100     0       200     
417    1921 2500    500     1200    400     0       1200    1100    0       200     0       0       0       200     400     600     0       1100    0       0       
417    1922 3800    1200    2600    100     1400    1200    1000    100     0       0       500     900     0       300     900     0       700     300     100     
417    1923 -999999 -999999 2600    -999999 700     2000    1400    0       -999999 200     100     400     0       700     1300    100     1000    300     0       
417    1924 -999999 1900    -999999 100     2000    1400    -999999 0       100     500     200     1300    600     600     200     -999999 300     100     200     
417    1925 -999999 -999999 1600    -999999 400     900     600     0       -999999 0       200     200     0       200     700     300     100     200     1300    
417    1926 3800    2400    2300    2000    800     1200    1100    200     500     100     500     200     100     300     800     400     700     0       0       
417    1927 4000    800     2600    0       1400    900     900     0       0       100     800     500     700     0       200     400     400     100     800     
417    1928 2200    1400    2100    900     0       1600    500     0       100     0       0       0       700     400     500     500     0       0       0       
417    1929 1300    300     500     300     100     400     100     200     100     0       100     0       200     100     100     0       0       100     400     
417    1930 3900    1000    2100    600     1100    800     1800    100     100     300     300     500     0       200     600     500     1200    100     0       
417    1931 3100    1800    2200    200     1000    1500    400     200     0       300     300     400     1000    200     300     0       300     100     0       
417    1932 1700    1200    500     200     700     100     600     100     100     600     100     0       0       100     0       300     0       300     100     
417    1933 5700    600     4900    200     2200    2400    1000    0       100     100     700     1400    400     200     1800    400     600     0       0       
417    1934 -999999 600     -999999 0       400     -999999 600     0       0       0       300     100     400     400     -999999 400     200     0       100     
417    1935 -999999 600     -999999 200     400     -999999 -999999 0       100     200     200     0       -999999 -999999 -999999 -999999 -999999 -999999 -999999 
417    1936 -999999 -999999 -999999 -999999 -999999 -999999 -999999 -999999 -999999 -999999 -999999 -999999 -999999 -999999 -999999 -999999 -999999 -999999 -999999 
417    1937 5900    -999999 3700    -999999 1400    2100    1600    500     200     200     800     400     500     700     900     400     300     900     100     
417    1938 -999999 1600    2000    400     200     1700    -999999 200     100     0       100     100     1200    400     100     100     -999999 -999999 0       
417    1939 -999999 -999999 -999999 800     100     -999999 -999999 600     200     0       100     0       0       -999999 0       0       -999999 100     200     
417    1940 3200    -999999 500     1600    1200    500     100     800     600     1200    0       0       0       100     400     0       100     0       0       
417    1941 2500    1300    700     800     700     400     600     500     300     400     300     0       100     0       300     0       200     400     0       
417    1942 2400    900     1100    100     700     500     800     100     0       200     100     400     0       500     0       100     500     200     300     
417    1943 1800    1100    1400    300     700     700     100     0       0       100     400     200     300     200     200     100     0       0       300     
417    1944 1900    600     1400    400     1400    100     300     0       100     200     900     300     0       0       100     100     100     100     0       
417    1945 5100    200     3500    0       1700    1100    1800    0       0       0       1300    400     700     200     200     700     300     800     500     
417    1946 2300    1900    1100    600     600     600     1000    0       100     200     400     0       0       300     300     100     700     200     0       
417    1947 6400    2800    3400    900     2200    1800    1100    200     700     1000    900     300     1200    300     300     400     400     300     400     
417    1948 -999999 -999999 2000    -999999 900     1300    400     700     -999999 400     200     300     500     400     400     200     100     100     300     
417    1949 4600    600     3400    400     1300    1900    800     0       100     0       900     400     500     500     900     200     200     400     500     
417    1950 700     1300    200     700     200     0       200     100     100     0       200     0       0       0       0       0       0       200     100     
417    1951 1900    1100    700     500     400     600     400     100     300     400     0       0       200     300     100     100     100     200     100     
417    1952 3000    1000    1200    200     700     1000    900     0       100     500     200     0       400     400     200     0       500     400     300     
417    1953 3600    1500    2500    600     1200    1200    500     100     200     0       400     800     300     300     600     100     200     200     400     
417    1954 1900    1000    500     500     300     200     1200    0       100     100     100     100     100     0       100     100     300     800     100     
417    1955 7500    3700    3000    2100    1700    1600    1600    1600    400     500     100     1100    600     600     400     200     400     1000    600     
417    1956 700     2400    200     1000    0       100     200     400     0       0       0       0       0       0       100     100     100     0       0       
417    1957 1700    400     1200    200     300     700     500     0       200     100     0       200     0       0       700     300     200     0       0       
417    1958 4200    2200    2000    1400    1300    800     500     400     1000    600     200     500     100     100     600     500     0       0       200     
417    1959 2600    900     800     500     500     600     900     300     0       400     100     0       0       500     100     100     700     100     300     
417    1960 4900    2300    2800    1200    1600    1400    1000    100     800     300     600     700     600     300     500     100     400     500     0       
417    1961 3800    1400    2200    200     1800    600     600     100     100     300     500     1000    100     400     100     100     100     400     600     
417    1962 3000    2000    1100    1000    700     600     1000    400     0       500     200     0       200     100     300     300     700     0       300     
417    1963 3600    1900    1000    900     300     1000    1000    400     200     300     0       0       600     200     200     0       300     700     700     
417    1964 6900    3000    5000    1600    2500    1000    2400    100     800     400     200     1900    800     100     100     1900    200     300     100     
417    1965 4800    2000    2600    900     1500    1700    700     500     300     600     200     700     1400    100     200     0       500     200     100     
417    1966 3800    2100    2300    1400    600     1600    200     900     400     0       200     400     500     400     700     100     100     0       100     
417    1967 3100    900     1500    200     800     1200    1000    100     0       600     100     100     100     700     400     100     600     300     0       
417    1968 3400    1800    1500    400     1300    700     800     0       400     500     800     0       200     500     0       0       500     300     200     
417    1969 3400    2800    1100    1200    1700    200     500     700     300     800     400     500     0       100     100     0       200     300     0       
417    1970 2800    1800    1000    1200    300     200     1100    1200    0       100     0       200     0       0       200     600     0       500     0       
417    1971 1300    700     1000    200     0       800     300     200     0       0       0       0       0       200     600     200     100     0       0       
417    1972 1800    1000    600     500     900     100     300     100     400     400     300     200     100     0       0       0       100     200     0       
417    1973 1900    400     1000    100     600     300     800     100     0       0       100     500     100     100     100     100     200     500     100     
417    1974 1800    1500    900     700     400     500     200     500     100     100     100     200     100     300     100     100     100     0       100     
417    1975 2500    500     1900    300     400     1400    500     200     0       100     300     0       0       500     900     200     200     100     0       
417    1976 1900    800     600     400     200     400     100     0       400     100     0       100     0       0       400     100     0       0       800     
417    1977 3000    2100    600     1900    800     0       500     600     500     200     500     100     0       0       0       0       400     100     600     
417    1978 2800    2500    300     1900    200     200     100     400     900     100     100     0       0       100     100     0       0       100     1000    
417    1979 2800    3200    500     2800    300     400     300     900     900     300     0       0       0       300     100     100     200     0       0       
417    1980 3200    900     1900    500     600     800     1200    0       500     200     300     100     200     0       600     700     400     100     100     
417    1981 5400    1400    2200    200     1600    1200    1300    0       100     700     600     300     1000    100     100     100     1200    0       1200    
417    1982 3000    2900    2100    1600    900     1200    300     300     100     100     100     700     500     400     300     100     100     100     200     
417    1983 5600    1100    2700    200     1200    1200    2900    0       0       700     500     0       1000    0       200     1000    500     1400    300     
417    1984 3500    2900    1700    800     1200    400     1100    400     100     200     1000    0       0       400     0       300     0       800     300     
417    1985 4200    2500    2100    1700    400     1200    1100    400     1000    0       200     200     200     700     300     500     200     400     100     
417    1986 -999999 -999999 2800    -999999 -999999 800     1100    -999999 -999999 -999999 0       1200    100     400     300     800     300     0       0       
417    1987 -999999 1500    3400    600     1700    1600    -999999 400     200     600     900     200     800     200     600     700     -999999 -999999 -999999 
417    1988 -999999 -999999 -999999 -999999 600     -999999 -999999 600     300     0       500     100     300     -999999 -999999 700     700     -999999 -999999 
417    1989 8300    -999999 4200    -999999 800     3500    1800    0       600     300     100     400     500     1600    1400    200     400     1200    1600    
417    1990 3900    3800    2400    1600    1000    1400    1200    0       0       600     100     300     300     900     200     600     500     100     300     
417    1991 4400    1300    4000    300     500     3200    700     0       0       400     100     0       700     1100    1400    700     0       0       0       
417    1992 2400    200     1800    100     800     900     200     0       100     100     300     400     0       0       900     200     0       0       400     
417    1993 2000    600     1500    400     500     1200    300     0       0       200     200     100     200     200     800     0       100     200     0       
417    1994 5600    600     4500    100     1300    3400    600     0       100     200     200     900     600     1400    1400    0       400     200     200     
417    1995 8100    1700    4500    800     2000    2500    1700    300     300     300     300     1400    300     900     1300    300     500     900     1300    
417    1996 4200    4300    1100    2500    900     600     200     900     300     400     300     200     100     500     0       0       100     100     1300    
417    1997 5400    2100    2400    1900    2000    300     2000    400     200     0       1400    600     300     0       0       100     1200    700     500     
417    1998 3300    3300    2200    1100    600     1700    400     200     400     300     200     100     600     700     400     200     0       200     0       
417    1999 4900    300     3400    0       1600    1800    1100    0       0       100     400     1100    300     700     800     100     1000    0       400     
417    2000 2800    1500    1700    500     600     1000    300     0       100     0       100     500     700     0       300     100     0       200     800     
417    2001 4400    2600    2100    1500    1300    1600    800     600     100     900     100     300     600     300     700     100     700     0       0       
417    2002 3500    1400    1600    200     900     1200    500     200     0       500     200     200     1100    100     0       0       400     100     700     
417    2003 5200    1900    3900    800     1300    3100    700     100     0       600     300     400     1600    500     1000    100     600     0       0       
417    2004 5700    1500    3500    800     300     2900    1600    200     600     100     100     100     1100    1000    800     400     1100    100     100     
417    2005 7400    2200    5100    100     2600    3200    1000    0       0       900     600     1100    1500    1000    700     200     800     0       600     
417    2006 8600    1800    5700    600     2700    2700    3200    0       0       400     1000    1300    600     1000    1100    700     1400    1100    0       
417    2007 4600    3400    3400    700     1000    2500    200     0       700     200     500     300     500     1000    1000    100     100     0       200     
417    2008 4200    1100    2700    700     1100    1600    900     200     300     300     400     400     600     400     600     300     600     0       100     
417    2009 6800    1700    3900    800     700     3000    1600    600     100     300     0       400     1300    1100    600     500     600     500     800     
417    2010 7500    3500    4300    1700    1600    2800    1200    100     800     700     800     100     500     1000    1300    600     400     200     1000    
417    2011 4100    2500    2900    1600    1300    1800    400     300     300     300     700     300     800     400     600     100     100     200     0       
417    2012 5500    400     4300    100     1400    2800    800     0       100     0       300     1100    1500    300     1000    100     500     200     400     
417    2013 2900    2200    1000    600     1200    600     900     200     0       900     100     200     0       100     500     100     800     0       0       
417    2014 4500    1500    2500    700     1100    1000    1500    300     400     0       400     700     300     200     500     400     400     700     200     
417    2015 7600    1700    6000    400     1700    4200    1500    100     100     200     600     900     700     1900    1600    300     1100    100     0       
417    2016 7300    2300    4400    1100    500     3100    2100    600     500     0       400     100     900     1300    900     800     900     400     500     
417    2017 7500    2400    5900    1000    1500    4200    1100    0       500     100     500     900     2000    900     1300    300     600     200     200     
417    2018 4100    2100    2800    500     1600    1400    800     100     200     800     700     100     600     100     700     600     200     0       0       
417    2019 3800    400     2100    200     300     1500    1300    200     0       0       100     200     400     800     300     300     300     700     500     
417    2020 3900    2000    3100    600     1500    1900    300     0       100     400     600     500     200     900     800     100     200     0       100     
417    2021 5100    1500    2900    1300    700     1700    1100    700     500     0       400     300     200     300     1200    500     400     200     400     
