EUROPEAN CLIMATE ASSESSMENT & DATASET (ECA&D), file created on: 20-01-2022
THESE DATA CAN BE USED FOR NON-COMMERCIAL RESEARCH AND EDUCATION PROVIDED THAT THE FOLLOWING SOURCE IS ACKNOWLEDGED: 

Klein Tank, A.M.G. and Coauthors, 2002. Daily dataset of 20th-century surface
air temperature and precipitation series for the European Climate Assessment.
Int. J. of Climatol., 22, 1441-1453.
Data and metadata available at http://www.ecad.eu

FILE FORMAT (MISSING VALUE CODE = -999999):

THIS FILE HOLDS DATA FOR STATION GERMANY                                  HANAU                                    (STAID:   4189)
LATITUDE: dd:mm:ss +50:07:18
LONGITUDE: ddd:mm:ss +008:55:31
ELEVATION: m  106

DATA IS FOR INDEX Days with TN > 90th percentile of daily min temp (warm nights) (TN90p) with unit 0.01 No of days

01-06 SOUID: Source identifier
08-11 YEAR : YYYY
13-20 ANNUAL DATA VALUES
21-28 WINTER HALF YEAR DATA VALUES
29-36 SUMMER HALF YEAR DATA VALUES
37-44 WINTER (DJF) DATA VALUES
45-52 SPRING (MAM) DATA VALUES
53-60 SUMMER (JJA) DATA VALUES
61-68 AUTUMN (SON) DATA VALUES
69-76 JANUARY DATA VALUES
etc. 
157-164 DECEMBER DATA VALUES

4189   1947 4100    -999999 2900    -999999 1400    1700    700     0       0       500     400     500     900     500     300     300     0       400     300     
4189   1948 4500    2700    1900    2000    1200    800     700     800     900     300     600     300     400     200     200     200     200     300     100     
4189   1949 4600    1300    2800    700     900     1000    1600    400     200     100     700     100     200     100     700     1000    400     200     500     
4189   1950 3900    2200    2000    1300    800     1100    1000    200     600     300     200     300     100     600     400     400     400     200     200     
4189   1951 3100    1500    1500    600     600     800     1100    300     100     300     200     100     300     200     300     400     0       700     200     
4189   1952 3300    1300    2700    300     1200    1700    300     0       100     300     800     100     400     700     600     100     200     0       0       
4189   1953 3600    700     2300    300     1200    1100    800     100     200     200     200     800     600     300     200     200     600     0       200     
4189   1954 2600    1100    1000    200     600     300     1400    0       0       300     200     100     300     0       0       400     500     500     300     
4189   1955 2000    1700    900     300     500     600     400     0       0       400     100     0       100     300     200     200     100     100     500     
4189   1956 3000    1200    1000    700     1000    300     400     100     100     300     300     400     100     200     0       0       400     0       1100    
4189   1957 4400    4100    1500    2500    1400    1000    600     200     1200    1200    200     0       300     700     0       300     100     200     0       
4189   1958 3600    1500    1900    1000    1000    600     700     100     900     200     100     700     0       200     400     500     200     0       300     
4189   1959 3100    1400    1900    600     1400    1100    0       300     0       600     600     200     300     300     500     0       0       0       300     
4189   1960 4600    1700    1900    1200    1300    1000    1100    500     400     500     300     500     500     0       500     100     300     700     300     
4189   1961 4500    2600    2000    1200    1500    100     1500    200     700     400     1000    100     100     0       0       800     600     100     500     
4189   1962 3200    2400    1700    1600    700     800     600     1000    100     100     400     200     300     200     300     300     200     100     0       
4189   1963 2800    300     1900    0       700     800     1300    0       0       0       600     100     200     400     200     400     0       900     0       
4189   1964 3900    1300    2600    300     900     1400    1200    0       300     100     500     300     800     400     200     400     100     700     100     
4189   1965 1800    1600    600     200     800     400     100     100     0       600     100     100     300     0       100     0       100     0       400     
4189   1966 5500    2300    2600    2100    1400    1100    1300    300     1400    100     900     400     600     100     400     200     1100    0       0       
4189   1967 3700    2200    1300    700     800     700     1400    100     600     400     0       400     200     300     200     200     1200    0       100     
4189   1968 2800    1700    1200    500     400     800     1200    200     200     0       300     100     400     200     200     0       800     400     0       
4189   1969 3100    1300    2600    0       800     1400    900     0       0       100     200     500     0       900     500     500     0       400     0       
4189   1970 3300    700     1300    100     900     400     1700    0       100     200     600     100     100     0       300     200     700     800     200     
4189   1971 3200    2200    1800    700     1000    800     300     300     200     0       100     900     0       300     500     0       200     100     600     
4189   1972 2400    1200    1500    900     700     800     400     0       300     0       500     200     0       500     300     0       200     200     200     
4189   1973 2700    600     2400    200     900     1300    500     0       0       0       200     700     400     500     400     200     100     200     0       
4189   1974 4100    2200    700     1300    700     300     700     900     400     600     100     0       0       0       300     300     0       400     1100    
4189   1975 3900    2700    2700    2100    800     1500    600     1000    0       200     300     300     400     200     900     600     0       0       0       
4189   1976 4400    1200    2800    1200    400     2100    700     1200    0       0       0       400     900     1100    100     300     200     200     0       
4189   1977 4000    2700    700     1300    1100    400     1000    300     1000    1000    100     0       200     100     100     200     400     400     200     
4189   1978 2400    1600    1100    400     700     700     200     0       200     400     200     100     400     200     100     100     0       100     600     
4189   1979 4700    1400    2000    700     900     1300    1500    0       100     600     100     200     1100    100     100     400     700     400     900     
4189   1980 3200    3000    1100    1600    300     900     900     100     600     300     0       0       300     100     500     200     200     500     400     
4189   1981 5500    2700    2900    700     2400    1400    1400    0       300     1300    600     500     500     500     400     400     300     700     0       
4189   1982 3600    1400    2100    400     200     1700    1000    400     0       0       0       200     700     600     400     200     100     700     300     
4189   1983 5200    3000    2300    1600    1200    1600    900     1200    100     600     500     100     200     700     700     100     400     400     200     
4189   1984 2300    1300    1000    500     0       700     1300    200     100     0       0       0       0       400     300     300     700     300     0       
4189   1985 3700    1400    2000    200     1400    600     600     100     100     200     700     500     300     300     0       200     200     200     900     
4189   1986 3500    1900    2300    1300    1500    1000    300     400     0       200     200     1100    700     0       300     0       0       300     300     
4189   1987 4100    1400    2100    700     700     800     1500    200     200     400     300     0       100     500     200     1000    300     200     700     
4189   1988 5500    2700    2400    2100    1000    1000    1300    1000    400     100     100     800     0       300     700     500     500     300     800     
4189   1989 5400    2900    2800    1700    1300    1400    1100    500     400     400     400     500     0       1000    400     500     400     200     700     
4189   1990 4800    3600    1800    2200    1200    1400    600     700     800     800     0       400     500     200     700     0       200     400     100     
4189   1991 4400    1600    2900    500     500     2300    1000    400     0       500     0       0       300     1300    700     600     200     200     200     
4189   1992 8100    2500    4400    1600    2000    2600    1600    500     900     500     500     1000    200     600     1800    300     500     800     500     
4189   1993 5600    3600    3400    1700    2600    1400    200     1100    100     600     900     1100    400     500     500     0       200     0       200     
4189   1994 8400    1900    4500    700     1300    3700    2000    400     100     1000    200     100     500     1800    1400    500     200     1300    900     
4189   1995 8600    4400    5000    2600    1700    3500    1600    400     1300    300     800     600     200     2000    1300    100     1400    100     100     
4189   1996 3500    2000    1900    200     700     1400    1200    0       100     300     200     200     700     100     600     100     300     800     100     
4189   1997 6400    3400    2600    1300    2200    1200    1000    0       1200    1000    400     800     500     0       700     200     500     300     800     
4189   1998 7200    4300    3500    2600    2600    1100    1300    1100    700     900     800     900     700     200     200     700     500     100     400     
4189   1999 5000    2100    2900    1100    1300    1200    1500    600     100     400     300     600     100     700     400     800     500     200     300     
4189   2000 8500    3200    3800    1500    3100    1400    1800    400     800     1000    800     1300    800     100     500     300     800     700     1000    
4189   2001 5700    4400    2500    2000    1700    1600    1200    300     700     900     200     600     100     500     1000    100     900     200     200     
4189   2002 8000    3900    2900    2300    1100    2200    1800    900     1200    500     300     300     800     300     1100    100     700     1000    800     
4189   2003 8600    4100    5900    1400    2900    3900    900     600     0       1000    800     1100    1700    700     1500    100     200     600     300     
4189   2004 5000    2800    2600    1400    1200    1800    800     300     800     600     400     200     200     400     1200    200     200     400     100     
4189   2005 5500    2000    3300    900     1800    1400    1400    600     200     500     700     600     600     400     400     600     500     300     100     
4189   2006 6300    1800    3300    500     1100    1900    2400    0       400     500     200     400     400     1500    0       800     1000    600     500     
4189   2007 6500    5100    2600    3100    1900    1100    400     1500    1100    400     600     900     800     200     100     0       300     100     500     
4189   2008 3800    2400    1700    1600    1200    700     700     700     400     400     0       800     300     200     200     200     0       500     100     
4189   2009 3300    800     1700    200     800     900     1300    0       100     100     500     200     200     300     400     100     100     1100    200     
4189   2010 3300    2400    1600    600     700     1500    700     0       400     600     100     0       300     900     300     0       0       700     0       
4189   2011 4700    2600    2000    1200    1600    600     800     600     600     700     600     300     100     0       500     500     200     100     500     
4189   2012 5300    2500    2400    1600    1800    1200    200     500     600     600     300     900     400     300     500     0       0       200     1000    
4189   2013 4200    2000    2000    1700    1000    900     1300    600     100     100     600     300     200     600     100     200     800     300     300     
4189   2014 6100    2700    3100    1300    1400    1500    1700    500     500     300     600     500     400     900     200     500     600     600     500     
4189   2015 5800    2200    3100    900     300     2900    1200    400     0       100     0       200     200     1300    1400    0       200     1000    1000    
4189   2016 4800    3700    2700    2400    1000    1200    1000    600     800     100     400     500     300     600     300     600     200     200     200     
4189   2017 4600    1800    2500    700     1300    1600    700     0       500     700     0       600     600     500     500     300     300     100     500     
4189   2018 8900    2700    5600    2100    2600    2700    1200    1600    0       200     1100    1300    1100    400     1200    500     200     500     800     
4189   2019 6800    2900    3300    1300    1300    2400    2000    300     200     900     300     100     700     700     1000    500     1000    500     600     
4189   2020 6900    4600    2600    2600    800     1900    1900    600     1400    500     200     100     300     100     1500    400     900     600     300     
4189   2021 3600    2100    2100    600     200     1400    900     200     100     0       0       200     1200    100     100     500     200     200     800     
