EUROPEAN CLIMATE ASSESSMENT & DATASET (ECA&D), file created on: 20-01-2022
THESE DATA CAN BE USED FOR NON-COMMERCIAL RESEARCH AND EDUCATION PROVIDED THAT THE FOLLOWING SOURCE IS ACKNOWLEDGED: 

Klein Tank, A.M.G. and Coauthors, 2002. Daily dataset of 20th-century surface
air temperature and precipitation series for the European Climate Assessment.
Int. J. of Climatol., 22, 1441-1453.
Data and metadata available at http://www.ecad.eu

FILE FORMAT (MISSING VALUE CODE = -999999):

THIS FILE HOLDS DATA FOR STATION GERMANY                                  WITTENBERG                               (STAID:   4776)
LATITUDE: dd:mm:ss +51:53:25
LONGITUDE: ddd:mm:ss +012:38:47
ELEVATION: m  105

DATA IS FOR INDEX Days with TN > 90th percentile of daily min temp (warm nights) (TN90p) with unit 0.01 No of days

01-06 SOUID: Source identifier
08-11 YEAR : YYYY
13-20 ANNUAL DATA VALUES
21-28 WINTER HALF YEAR DATA VALUES
29-36 SUMMER HALF YEAR DATA VALUES
37-44 WINTER (DJF) DATA VALUES
45-52 SPRING (MAM) DATA VALUES
53-60 SUMMER (JJA) DATA VALUES
61-68 AUTUMN (SON) DATA VALUES
69-76 JANUARY DATA VALUES
etc. 
157-164 DECEMBER DATA VALUES

4776   1937 2600    -999999 1600    -999999 1400    400     200     300     300     200     600     600     400     0       0       0       0       200     0       
4776   1938 3100    1600    600     800     700     500     1100    700     100     600     100     0       0       100     400     0       300     800     0       
4776   1939 2500    2400    600     1200    400     100     500     700     500     100     300     0       100     0       0       200     0       300     300     
4776   1940 1100    1000    500     400     700     100     200     0       100     300     200     200     0       100     0       0       0       200     0       
4776   1941 1600    500     800     100     400     600     0       0       100     200     100     100     100     400     100     0       0       0       500     
4776   1942 1200    500     900     500     200     300     600     0       0       0       100     100     0       0       300     400     100     100     100     
4776   1943 2400    700     1600    200     800     800     700     0       100     300     500     0       0       0       800     300     300     100     0       
4776   1944 -999999 1300    -999999 900     -999999 1200    600     800     100     0       -999999 100     100     100     1000    200     200     200     0       
4776   1945 -999999 1500    -999999 600     -999999 -999999 -999999 0       600     500     300     -999999 -999999 -999999 -999999 -999999 -999999 -999999 -999999 
4776   1946 -999999 -999999 -999999 -999999 -999999 -999999 100     -999999 -999999 -999999 -999999 -999999 -999999 -999999 200     100     0       0       0       
4776   1947 3300    100     2800    100     700     1300    1100    100     0       0       300     400     700     300     300     800     0       300     100     
4776   1948 5300    2200    2600    1400    1900    500     1400    700     600     500     900     500     300     100     100     700     200     500     200     
4776   1949 3500    1700    2000    900     1000    800     700     300     400     100     600     300     100     0       700     300     300     100     300     
4776   1950 3300    1700    2100    1100    700     1400    300     200     600     200     0       500     600     100     700     200     0       100     100     
4776   1951 2000    600     1200    300     400     400     700     200     0       200     200     0       100     200     100     600     0       100     300     
4776   1952 3200    1100    2400    900     1500    900     200     100     500     100     1200    200     0       400     500     100     100     0       0       
4776   1953 4900    1000    2400    700     1500    1000    1200    200     500     200     300     1000    700     300     0       100     600     500     500     
4776   1954 2700    1700    1400    600     300     400     1500    100     0       0       100     200     400     0       0       700     700     100     400     
4776   1955 2100    1500    1200    400     700     600     600     0       0       300     200     200     200     0       400     200     100     300     200     
4776   1956 1600    800     400     400     300     100     400     100     100     0       0       300     100     0       0       0       300     100     600     
4776   1957 3700    3000    1300    1800    1000    1000    500     400     800     800     200     0       300     700     0       100     0       400     0       
4776   1958 2100    1000    1100    600     600     300     600     0       600     0       0       600     0       100     200     200     300     100     0       
4776   1959 3300    1400    2000    300     1900    800     0       200     100     700     1000    200     0       400     400     0       0       0       300     
4776   1960 2200    900     800     500     400     800     500     100     100     400     0       0       300     0       500     0       200     300     300     
4776   1961 4900    3000    1900    1600    1800    200     1300    200     1100    900     800     100     0       200     0       800     500     0       300     
4776   1962 2300    1600    1100    1100    700     200     600     600     200     0       600     100     200     0       0       200     100     300     0       
4776   1963 3400    400     2100    0       700     1200    1500    0       0       0       400     300     400     400     400     200     100     1200    0       
4776   1964 3800    1600    2700    300     500     1700    1100    0       300     0       500     0       700     600     400     500     0       600     200     
4776   1965 800     1100    400     400     200     200     100     200     0       100     0       100     100     100     0       100     0       0       100     
4776   1966 4700    1400    2300    1200    1300    1100    900     200     900     200     700     400     800     0       300     100     800     0       300     
4776   1967 3900    2700    1200    1600    600     600     1200    300     1000    300     100     200     100     300     200     300     900     0       200     
4776   1968 3600    1900    1700    500     1200    1000    1100    300     0       500     600     100     400     200     400     0       900     200     0       
4776   1969 3300    1300    2400    200     700     1400    1000    200     0       0       200     500     200     900     300     300     100     600     0       
4776   1970 3000    700     2000    0       600     1300    800     0       0       0       300     300     900     100     300     100     200     500     300     
4776   1971 4000    1600    2000    800     900     1100    600     400     100     100     100     700     100     300     700     100     200     300     900     
4776   1972 3000    1700    2100    1100    600     1500    700     0       200     100     300     200     100     900     500     100     0       600     0       
4776   1973 2200    1400    1400    500     600     800     300     100     400     300     0       300     200     500     100     300     0       0       0       
4776   1974 3500    1600    600     1300    400     300     400     700     600     300     100     0       0       0       300     200     0       200     1100    
4776   1975 4400    2800    2400    2500    500     1300    1000    1300    100     100     100     300     400     200     700     700     200     100     200     
4776   1976 3800    1800    2000    1300    700     1300    700     700     400     200     100     400     400     700     200     200     200     300     0       
4776   1977 4500    2200    1600    500     1800    900     1100    200     300     1200    500     100     800     0       100     100     400     600     200     
4776   1978 2600    1900    1300    300     900     900     600     0       100     600     0       300     300     300     300     100     200     300     100     
4776   1979 3000    700     1700    100     700     600     800     0       0       100     100     500     600     0       0       500     100     200     900     
4776   1980 2900    1600    1200    1100    200     800     1200    0       200     200     0       0       300     200     300     400     200     600     500     
4776   1981 5200    2600    3400    800     2300    1500    1100    0       300     1000    500     800     600     500     400     600     100     400     0       
4776   1982 5300    1200    3300    300     1100    1900    1700    300     0       400     200     500     800     500     600     700     200     800     300     
4776   1983 7400    3800    3700    1900    1800    2400    1100    1500    100     900     700     200     300     1200    900     400     300     400     500     
4776   1984 3100    1900    1300    1100    500     700     1200    300     300     100     0       400     0       200     500     200     600     400     100     
4776   1985 3700    1300    2200    200     1800    300     600     0       100     100     800     900     0       100     200     200     400     0       900     
4776   1986 3300    1700    2100    1200    1100    1100    700     300     0       100     200     800     300     500     300     0       100     600     100     
4776   1987 3700    1000    1900    100     700     800     1200    0       0       200     400     100     200     200     400     600     200     400     1000    
4776   1988 4500    2900    1700    2300    600     700     1200    1000    300     0       100     500     0       300     400     400     600     200     700     
4776   1989 5900    2800    2700    1800    900     1300    1900    700     400     200     400     300     200     500     600     700     1000    200     700     
4776   1990 5100    5100    800     2900    1200    600     1000    1000    1200    1000    100     100     200     100     300     0       600     400     100     
4776   1991 3600    2500    1900    1000    700     1200    800     800     100     500     100     100     0       500     700     500     200     100     0       
4776   1992 4500    1600    2800    1000    1000    2100    400     300     700     300     300     400     700     300     1100    0       0       400     0       
4776   1993 4400    2000    2200    1100    2300    400     300     1100    0       500     900     900     300     100     0       0       300     0       300     
4776   1994 6100    2000    3100    1100    1400    2200    1100    700     100     600     500     300     400     1200    600     100     100     900     600     
4776   1995 5300    3100    2700    2000    1100    1400    1300    300     1100    100     600     400     100     700     600     300     900     100     100     
4776   1996 1800    1100    1300    100     500     700     600     0       0       0       400     100     500     0       200     100     100     400     0       
4776   1997 5000    2100    2500    1000    1300    1400    900     0       1000    600     100     600     300     0       1100    400     300     200     400     
4776   1998 6500    3700    2800    2600    2200    900     800     1000    1200    600     1000    600     600     200     100     300     400     100     400     
4776   1999 5100    2200    2900    1200    1500    600     1700    600     200     500     600     400     0       600     0       1300    300     100     500     
4776   2000 6300    2800    3100    1900    2300    900     1300    500     900     500     900     900     600     0       300     400     600     300     400     
4776   2001 3700    2400    2000    1000    1200    1300    500     200     400     500     200     500     100     100     1100    0       500     0       100     
4776   2002 6100    2800    3000    2100    900     2000    1200    1000    1000    200     100     600     300     400     1300    300     300     600     0       
4776   2003 3000    1200    2200    200     800     1500    500     200     0       100     200     500     500     400     600     0       0       500     0       
4776   2004 3600    2000    1000    800     1100    500     1100    0       800     700     200     200     100     0       400     100     700     300     100     
4776   2005 4200    2600    1900    1000    1700    500     1000    900     0       600     400     700     0       400     100     300     400     300     100     
4776   2006 6400    1200    3400    300     500     2300    2400    0       200     200     300     0       600     1700    0       800     800     800     1000    
4776   2007 7200    6100    3000    3900    2300    1300    200     1800    1100    600     900     800     800     300     200     0       0       200     500     
4776   2008 5200    2700    2300    2200    900     1400    1100    900     800     300     200     400     300     700     400     300     100     700     100     
4776   2009 4300    1300    2500    300     1500    1000    1600    0       200     200     1200    100     200     400     400     200     100     1300    0       
4776   2010 3200    1800    2300    0       900     1800    500     0       0       400     400     100     300     1300    200     0       0       500     0       
4776   2011 4600    1800    2600    1000    1500    900     800     700     300     300     1000    200     300     100     500     500     200     100     400     
4776   2012 5400    2500    2700    1500    2200    1100    700     500     600     700     500     1000    200     600     300     100     300     300     300     
4776   2013 4900    1900    2200    1300    1100    900     1100    1000    0       0       700     400     300     400     200     200     700     200     800     
4776   2014 7700    3200    4300    1600    2500    1600    2400    400     400     700     1300    500     400     1000    200     900     800     700     400     
4776   2015 6500    2700    3100    1000    800     2400    1300    500     100     200     400     200     300     700     1400    100     0       1200    1400    
4776   2016 4500    3400    3200    2200    800     1400    1100    300     500     0       400     400     300     400     700     1000    0       100     400     
4776   2017 4900    2000    2300    1000    1900    1100    900     0       600     900     300     700     300     400     400     200     700     0       400     
4776   2018 8700    2200    6000    1300    2800    2600    1700    900     0       200     1200    1400    600     800     1200    800     600     300     700     
4776   2019 6800    3300    3800    1600    1400    2900    1400    200     700     800     500     100     1200    700     1000    300     900     200     200     
4776   2020 6400    3500    2600    2100    500     2200    1500    500     1400    300     100     100     500     300     1400    200     600     700     300     
4776   2021 3900    2100    2500    700     300     1600    1100    100     300     100     0       200     1100    400     100     700     200     200     500     
