EUROPEAN CLIMATE ASSESSMENT & DATASET (ECA&D), file created on: 20-01-2022
THESE DATA CAN BE USED FOR NON-COMMERCIAL RESEARCH AND EDUCATION PROVIDED THAT THE FOLLOWING SOURCE IS ACKNOWLEDGED: 

Klein Tank, A.M.G. and Coauthors, 2002. Daily dataset of 20th-century surface
air temperature and precipitation series for the European Climate Assessment.
Int. J. of Climatol., 22, 1441-1453.
Data and metadata available at http://www.ecad.eu

FILE FORMAT (MISSING VALUE CODE = -999999):

THIS FILE HOLDS DATA FOR STATION FRANCE                                   AMBERIEU                                 (STAID:  11250)
LATITUDE: dd:mm:ss +45:58:35
LONGITUDE: ddd:mm:ss +005:19:45
ELEVATION: m  250

DATA IS FOR INDEX Days with TN > 90th percentile of daily min temp (warm nights) (TN90p) with unit 0.01 No of days

01-06 SOUID: Source identifier
08-11 YEAR : YYYY
13-20 ANNUAL DATA VALUES
21-28 WINTER HALF YEAR DATA VALUES
29-36 SUMMER HALF YEAR DATA VALUES
37-44 WINTER (DJF) DATA VALUES
45-52 SPRING (MAM) DATA VALUES
53-60 SUMMER (JJA) DATA VALUES
61-68 AUTUMN (SON) DATA VALUES
69-76 JANUARY DATA VALUES
etc. 
157-164 DECEMBER DATA VALUES

11250  1941 -999999 -999999 1200    -999999 500     900     700     -999999 300     300     200     0       300     300     300     100     0       600     0       
11250  1942 5800    1500    3400    100     2000    1600    1600    100     0       800     600     600     400     300     900     600     700     300     500     
11250  1943 4800    3100    2400    1400    1600    800     1400    700     200     700     800     100     100     200     500     700     400     300     100     
11250  1944 -999999 900     -999999 100     1200    1100    -999999 0       0       100     600     500     200     200     700     -999999 100     500     500     
11250  1945 -999999 1300    -999999 500     2000    -999999 400     0       0       200     600     1200    -999999 400     200     300     100     0       600     
11250  1946 3400    2100    1400    1500    1100    700     700     400     500     500     400     200     200     300     200     100     100     500     0       
11250  1947 5600    1500    3900    200     2100    2000    1100    200     0       700     600     800     1000    500     500     500     200     400     200     
11250  1948 3600    1300    2000    600     900     1100    400     300     100     100     400     400     500     300     300     100     100     200     800     
11250  1949 4500    1400    2900    1100    600     1200    2100    300     0       0       500     100     200     200     800     1100    600     400     300     
11250  1950 5000    2500    2900    1300    800     2100    1000    300     700     200     0       600     600     800     700     200     500     300     100     
11250  1951 4700    1900    2900    600     1400    1200    1500    400     100     500     600     300     600     300     300     800     0       700     100     
11250  1952 4300    1700    2400    100     1500    1800    800     0       0       900     500     100     700     400     700     0       400     400     200     
11250  1953 3300    1200    1900    200     1000    900     800     0       0       200     400     400     300     300     300     200     300     300     600     
11250  1954 2600    1900    800     1000    400     400     1200    300     100     300     100     0       0       100     300     300     100     800     200     
11250  1955 3800    2400    1500    1100    1000    900     500     500     400     400     100     500     300     100     500     0       0       500     500     
11250  1956 1900    1400    800     800     700     0       400     300     0       100     300     300     0       0       0       200     200     0       500     
11250  1957 3800    2500    1500    1800    600     1100    600     200     1100    500     0       100     300     500     300     300     100     200     200     
11250  1958 4900    1900    2700    1600    500     1400    1000    300     1100    0       0       500     400     400     600     800     200     0       600     
11250  1959 5300    2500    2800    1300    1900    1400    900     700     0       1000    700     200     300     600     500     500     0       400     400     
11250  1960 4400    2200    2200    1400    1200    1400    500     500     500     400     200     600     600     300     500     0       0       500     300     
11250  1961 5300    1600    3000    900     1500    700     1600    100     500     200     900     400     300     200     200     1000    400     200     900     
11250  1962 2600    2200    1700    1400    300     1000    800     500     0       200     0       100     300     400     300     600     200     0       0       
11250  1963 2700    900     800     300     700     300     1400    300     0       400     300     0       100     0       200     200     100     1100    0       
11250  1964 3800    1800    2800    400     1300    1000    900     0       400     200     400     700     500     300     200     700     0       200     200     
11250  1965 3100    1500    1400    500     1000    1200    400     300     0       800     0       200     700     300     200     0       200     200     200     
11250  1966 5000    2200    2000    1800    500     1200    1600    800     800     0       300     200     400     200     600     300     1200    100     100     
11250  1967 4900    3200    2000    1300    1000    1100    1500    800     400     600     0       400     300     600     200     500     900     100     100     
11250  1968 3100    1400    1900    300     1300    700     800     0       200     100     800     400     100     500     100     0       400     400     100     
11250  1969 3100    1700    1800    400     1300    900     600     300     0       500     400     400     200     300     400     100     100     400     0       
11250  1970 3300    1300    2000    700     300     1500    700     400     300     100     200     0       1000    0       500     300     0       400     100     
11250  1971 3100    1000    2400    600     1000    1400    200     500     0       0       400     600     100     600     700     0       200     0       0       
11250  1972 1900    700     700     500     200     500     500     200     300     0       100     100     200     100     200     0       100     400     200     
11250  1973 2400    700     1600    200     700     600     700     0       0       0       200     500     300     0       300     300     0       400     400     
11250  1974 4200    3300    600     1800    1100    500     600     1100    300     1100    0       0       0       100     400     100     0       500     600     
11250  1975 2900    2500    1200    1500    900     400     700     900     0       500     300     100     100     100     200     400     0       300     0       
11250  1976 3000    500     2200    200     1100    600     900     200     0       0       500     600     100     400     100     500     300     100     200     
11250  1977 3700    2500    800     1400    1500    0       700     400     800     700     600     200     0       0       0       0       500     200     300     
11250  1978 2400    1800    600     600     600     400     100     0       300     500     0       100     400     0       0       100     0       0       1000    
11250  1979 4000    2500    1500    2000    1000    900     700     0       1000    500     0       500     600     300     0       100     400     200     400     
11250  1980 2900    2400    1200    1500    500     700     600     300     800     300     200     0       300     100     300     300     0       300     0       
11250  1981 4100    1300    2000    0       2100    300     1400    0       0       1000    600     500     300     0       0       600     500     300     300     
11250  1982 4000    2300    1900    1300    700     900     1000    600     400     200     200     300     400     400     100     500     0       500     400     
11250  1983 5500    1600    3700    800     1000    2700    900     400     0       300     400     300     500     1000    1200    300     200     400     500     
11250  1984 2600    1400    1100    800     0       1100    1000    200     100     0       0       0       400     500     200     0       300     700     200     
11250  1985 4100    1800    1700    600     600     1100    900     200     200     200     300     100     200     700     200     200     300     400     1100    
11250  1986 3900    1900    2800    1200    800     1600    1100    100     0       0       100     700     600     600     400     400     300     400     300     
11250  1987 4300    1600    2600    600     1000    1300    1400    100     200     300     600     100     0       1000    300     600     500     300     300     
11250  1988 5900    3300    2300    2000    2000    800     1100    1300    400     500     600     900     100     100     600     0       800     300     300     
11250  1989 5800    2700    2500    900     1400    1500    1300    400     200     700     100     600     0       800     700     300     900     100     1000    
11250  1990 4600    3600    2400    2200    1300    1400    600     100     1100    400     100     800     300     300     800     100     300     200     100     
11250  1991 4200    2200    1900    700     1200    1100    1100    600     0       1000    200     0       100     300     700     600     100     400     200     
11250  1992 4800    1700    2900    700     1400    1800    500     100     400     500     400     500     300     300     1200    200     0       300     600     
11250  1993 5100    1800    3400    1200    2000    1400    400     600     0       300     900     800     600     500     300     300     100     0       700     
11250  1994 6700    2400    3500    1700    1200    2700    1200    400     600     600     400     200     600     1200    900     200     200     800     600     
11250  1995 4600    3000    1900    1800    800     1300    1000    500     700     200     200     400     100     800     400     0       700     300     300     
11250  1996 4200    2500    2200    1200    1300    1200    400     800     100     300     600     400     900     100     200     0       200     200     400     
11250  1997 4700    1700    2000    1200    600     1200    1400    100     700     100     200     300     600     0       600     300     700     400     700     
11250  1998 4600    3100    2800    1900    1100    1400    700     1000    200     100     500     500     800     200     400     400     100     200     200     
11250  1999 6300    2200    3800    1200    2600    1500    800     800     200     700     500     1400    200     600     700     400     200     200     400     
11250  2000 5800    1700    3200    1100    1500    1800    1000    100     600     200     500     800     1000    400     400     100     200     700     800     
11250  2001 6300    4800    2300    2500    2300    1400    700     1100    600     1400    400     500     200     600     600     0       700     0       200     
11250  2002 6100    2800    2500    1200    1300    1900    1100    400     600     900     200     200     1100    200     600     200     300     600     800     
11250  2003 7600    2700    5700    1300    1600    4500    800     400     100     500     500     600     2000    700     1800    100     300     400     200     
11250  2004 4800    1800    2600    800     900     1400    1800    600     0       300     400     200     300     400     700     600     900     300     100     
11250  2005 5700    2200    3200    400     1700    1900    1700    200     100     600     400     700     1300    600     0       200     1100    400     100     
11250  2006 8000    2600    4400    500     1900    2300    2800    100     300     600     500     800     1000    1300    0       800     1000    1000    600     
11250  2007 6700    5300    3200    2800    1900    1700    800     1500    700     500     500     900     900     400     400     100     300     400     100     
11250  2008 4300    2400    2100    1300    1500    1000    500     700     500     400     300     800     700     200     100     0       400     100     100     
11250  2009 5500    900     3300    200     1800    1500    1700    100     0       200     500     1100    400     500     600     200     400     1100    400     
11250  2010 4900    2900    2700    900     1300    1900    800     0       500     500     400     400     500     1000    400     0       300     500     400     
11250  2011 5400    2300    3000    1200    1800    1000    1200    700     100     300     500     1000    400     0       600     500     100     600     600     
11250  2012 6100    1800    3600    1000    1400    2200    1500    400     0       100     500     800     1100    200     900     100     800     600     600     
11250  2013 5700    2600    2500    1000    800     1400    2300    400     0       200     400     200     400     600     400     500     1300    500     800     
11250  2014 6700    4200    2400    2300    1300    900     2400    1200    300     100     700     500     600     100     200     300     1100    1000    600     
11250  2015 7700    3500    5200    1100    1700    3600    600     300     200     300     800     600     900     1300    1400    200     100     300     1300    
11250  2016 6400    3800    3300    3100    1700    1200    1700    1200    600     300     900     500     500     300     400     700     300     700     0       
11250  2017 5900    1800    4400    300     1200    3600    600     100     200     500     100     600     1500    900     1200    100     200     300     200     
11250  2018 8900    2900    5000    2000    2400    2500    1300    1600    200     400     800     1200    800     600     1100    500     400     400     900     
11250  2019 4900    2200    2200    1100    500     1900    1500    100     100     300     200     0       900     600     400     100     700     700     800     
11250  2020 5200    3500    2800    2000    1200    1400    1000    400     800     100     700     400     300     200     900     300     300     400     400     
11250  2021 3700    2300    1900    1600    300     1100    700     200     1000    0       200     100     900     0       200     500     200     0       400     
