EUROPEAN CLIMATE ASSESSMENT & DATASET (ECA&D), file created on: 20-01-2022
THESE DATA CAN BE USED FOR NON-COMMERCIAL RESEARCH AND EDUCATION PROVIDED THAT THE FOLLOWING SOURCE IS ACKNOWLEDGED: 

Klein Tank, A.M.G. and Coauthors, 2002. Daily dataset of 20th-century surface
air temperature and precipitation series for the European Climate Assessment.
Int. J. of Climatol., 22, 1441-1453.
Data and metadata available at http://www.ecad.eu

FILE FORMAT (MISSING VALUE CODE = -999999):

THIS FILE HOLDS DATA FOR STATION ITALY                                    ZOLA_PREDOSA                             (STAID:  17850)
LATITUDE: dd:mm:ss +44:29:45
LONGITUDE: ddd:mm:ss +011:12:00
ELEVATION: m   65

DATA IS FOR INDEX Days with TN > 90th percentile of daily min temp (warm nights) (TN90p) with unit 0.01 No of days

01-06 SOUID: Source identifier
08-11 YEAR : YYYY
13-20 ANNUAL DATA VALUES
21-28 WINTER HALF YEAR DATA VALUES
29-36 SUMMER HALF YEAR DATA VALUES
37-44 WINTER (DJF) DATA VALUES
45-52 SPRING (MAM) DATA VALUES
53-60 SUMMER (JJA) DATA VALUES
61-68 AUTUMN (SON) DATA VALUES
69-76 JANUARY DATA VALUES
etc. 
157-164 DECEMBER DATA VALUES

17850  1814 14300   -999999 10400   -999999 3400    6700    2700    400     0       200     2200    1000    2200    2600    1900    500     800     1400    1100    
17850  1815 16400   6100    11000   1800    6000    5000    4700    0       700     2100    1400    2500    1700    1800    1500    2100    2400    200     0       
17850  1816 10800   3000    8600    300     3500    4200    2800    200     100     100     1400    2000    1500    1700    1000    1000    800     1000    0       
17850  1817 13400   3700    10700   1200    2100    6900    3200    900     300     700     0       1400    2200    2200    2500    2400    300     500     0       
17850  1818 17500   3700    12100   1400    5200    6700    3900    300     1100    1500    1600    2100    2200    2700    1800    1700    1400    800     300     
17850  1819 19000   4200    14000   600     5800    7200    5400    0       300     1400    2200    2200    2500    2200    2500    2400    1600    1400    300     
17850  1820 17000   4600    14000   1000    4900    8100    2400    0       700     600     2000    2300    2500    2500    3100    1600    800     0       900     
17850  1821 17500   2700    14200   1300    5900    6300    4000    400     0       600     2200    3100    1500    2100    2700    2600    0       1400    900     
17850  1822 20300   5500    13200   1800    6200    7200    5000    100     800     2300    1600    2300    2900    2400    1900    2100    1200    1700    1000    
17850  1823 13500   4300    11000   1100    3800    6100    2800    0       100     300     1600    1900    1400    2300    2400    1400    1100    300     700     
17850  1824 15200   3900    10900   2100    3300    6100    3600    100     1300    400     700     2200    1500    2200    2400    1900    900     800     800     
17850  1825 14300   3100    10500   1200    3700    5500    2300    300     100     200     1400    2100    1800    1800    1900    1500    200     600     2400    
17850  1826 13600   4800    10000   3100    2500    6500    3100    200     500     900     1400    200     1700    1900    2900    1900    1100    100     800     
17850  1827 13900   3900    10300   1600    4700    6300    1500    500     300     1100    1000    2600    1900    2600    1800    400     1100    0       600     
17850  1828 16900   3900    12200   1100    5500    6700    3600    0       500     1700    1400    2400    2400    2600    1700    1700    1300    600     600     
17850  1829 10900   3300    9500    800     4000    4700    2000    0       200     600     1700    1700    1400    2400    900     1400    600     0       0       
17850  1830 13100   1200    11100   0       4400    6600    1300    0       0       600     2200    1600    2000    2400    2200    700     0       600     800     
17850  1831 15100   3500    10500   1500    4700    6500    2600    400     300     1400    1300    2000    2100    2400    2000    700     1700    200     600     
17850  1832 8700    3200    7300    1200    1600    5100    1400    0       600     100     300     1200    1400    1600    2100    700     400     300     0       
17850  1833 8200    800     7100    0       3400    3500    1000    0       0       100     700     2600    2200    500     800     300     100     600     300     
17850  1834 15700   2300    11900   900     3300    6800    4800    600     0       700     300     2300    2200    2200    2400    2500    1300    1000    200     
17850  1835 10400   3300    8900    900     2600    5400    1600    400     300     100     600     1900    1300    2500    1600    1000    600     0       100     
17850  1836 12300   3000    8200    200     3900    5600    2300    0       100     2200    1000    700     1700    2300    1600    900     1400    0       400     
17850  1837 9300    2100    8300    700     1200    6600    700     200     100     0       300     900     2600    1400    2600    500     200     0       500     
17850  1838 10700   1300    8400    500     2200    5400    2700    0       0       600     200     1400    2400    1800    1200    1400    100     1200    400     
17850  1839 16500   1700    10400   400     1900    7000    5500    0       0       0       400     1500    2800    2300    1900    1500    2100    1900    2100    
17850  1840 12900   6900    9900    2900    2300    6300    3500    100     700     0       700     1600    2000    2000    2300    1300    200     2000    0       
17850  1841 15700   3700    10300   400     5300    4400    4100    0       400     1100    1400    2800    1500    1600    1300    1700    2200    200     1500    
17850  1842 11100   5000    9200    1600    3400    6300    600     100     0       1000    1200    1200    2100    2300    1900    500     0       100     700     
17850  1843 10000   2700    6500    2000    3100    3100    2400    200     1100    600     1300    1200    1000    700     1400    900     600     900     100     
17850  1844 11800   1700    9400    200     1900    5300    4500    0       100     0       1000    900     2200    2200    900     2200    1300    1000    0       
17850  1845 11000   3900    7100    1500    1600    4700    3100    1500    0       100     800     700     2200    1700    800     900     900     1300    100     
17850  1846 16800   4500    13400   1000    4800    8200    2800    500     400     1300    1800    1700    3000    2900    2300    1700    600     500     100     
17850  1847 11200   2700    8400    800     4200    4600    1400    600     100     800     800     2600    800     1900    1900    400     800     200     300     
17850  1848 15800   3100    12300   600     5400    7300    1900    0       300     1500    2300    1600    2700    2000    2600    1100    700     100     900     
17850  1849 13400   3100    10300   2000    2700    6800    2600    300     800     300     400     2000    2900    2000    1900    1100    1400    100     200     
17850  1850 12800   3100    10000   500     3200    7300    1400    0       300     1100    900     1200    2300    2100    2900    600     300     500     600     
17850  1851 10600   4600    6600    2800    3600    2900    1900    1600    600     1000    1700    900     1300    900     700     1100    600     200     0       
17850  1852 5600    900     3700    100     1000    2300    1500    0       100     0       100     900     800     1000    500     400     0       1100    700     
17850  1853 6500    2200    5600    1100    900     4200    1000    300     100     0       100     800     700     1800    1700    500     0       500     0       
17850  1854 4500    600     3400    100     400     2500    1300    100     0       0       300     100     1100    1000    400     500     800     0       200     
17850  1855 6700    1300    4400    200     1400    3100    2200    0       0       300     800     300     1000    800     1300    200     900     1100    0       
17850  1856 6900    4300    4500    2300    1500    2800    200     600     1700    0       800     700     1300    200     1300    200     0       0       100     
17850  1857 3900    100     3100    100     600     2400    900     0       0       0       400     200     700     1100    600     100     800     0       0       
17850  1858 2800    800     2100    0       100     1800    800     0       0       0       0       100     1100    700     0       200     600     0       100     
17850  1859 6700    1400    4800    300     1600    3400    1500    0       200     500     600     500     200     1500    1700    300     1200    0       0       
17850  1860 3500    1200    2700    0       700     1600    700     0       0       0       0       700     900     200     500     400     200     100     500     
17850  1861 6300    1300    5700    900     900     3700    1300    0       400     100     100     700     900     900     1900    1200    100     0       0       
17850  1862 8200    900     6200    200     3800    2800    1400    0       200     600     1700    1500    1200    900     700     200     700     500     0       
17850  1863 7700    1800    6300    300     2100    3700    1500    300     0       300     800     1000    1100    1000    1600    800     300     400     100     
17850  1864 3700    1200    2500    200     700     1500    1100    0       100     300     0       400     500     100     900     600     500     0       300     
17850  1865 7800    800     6600    300     2500    3200    1700    0       0       0       1300    1200    600     1400    1200    900     400     400     400     
17850  1866 9100    1300    8100    500     1100    5800    1600    100     0       0       900     200     2500    2100    1200    1200    400     0       500     
17850  1867 14200   3400    10200   2000    4300    4700    3400    300     1200    1000    1600    1700    1600    1300    1800    2200    600     600     300     
17850  1868 12800   2100    9900    700     3700    5000    2700    0       400     200     800     2700    2100    1300    1600    1400    1200    100     1000    
17850  1869 9700    3000    8300    1700    4300    3200    1000    100     600     0       1600    2700    400     2100    700     800     200     0       500     
17850  1870 7300    1500    5100    800     2400    3000    1200    100     200     500     300     1600    1500    1100    400     200     200     800     400     
17850  1871 7500    2100    6500    400     2200    3600    1700    0       0       700     1100    400     600     2100    900     1400    300     0       0       
17850  1872 9300    1200    5900    400     2500    2500    2400    0       400     500     900     1100    700     1300    500     1400    700     300     1500    
17850  1873 11400   5400    6400    3000    2100    4600    3000    1200    300     1400    700     0       700     2000    1900    1100    1500    400     200     
17850  1874 10400   3000    8600    400     2600    4800    2600    100     100     700     1600    300     1700    2300    800     1900    700     0       200     
17850  1875 8300    900     7500    200     2300    4600    1000    0       0       0       200     2100    1500    1100    2000    600     300     100     400     
17850  1876 9000    2000    6100    500     2200    4000    1900    0       100     1100    900     200     1100    1100    1800    1000    800     100     800     
17850  1877 8200    2800    7000    1500    500     6000    1000    700     0       400     100     0       1300    2500    2200    900     0       100     0       
17850  1878 4200    1000    2600    300     1800    1200    900     0       300     600     200     1000    100     400     700     200     300     400     0       
17850  1879 8200    1900    7000    800     800     5600    1000    0       800     400     400     0       1900    900     2800    1000    0       0       0       
17850  1880 10800   400     6000    100     2200    2700    4300    0       100     300     1000    900     0       1700    1000    1400    1500    1400    1500    
17850  1881 14400   5800    11500   1900    4300    7500    1000    200     200     1000    1700    1600    2000    2800    2700    700     0       300     1200    
17850  1882 9200    3900    5200    2100    3200    2900    1100    600     300     1500    300     1400    600     1600    700     600     400     100     1100    
17850  1883 8900    3000    7000    2500    1500    4600    1400    600     800     0       0       1500    1700    1500    1400    900     200     300     0       
17850  1884 10600   1900    8000    800     3900    3300    1800    100     700     600     1100    2200    100     2000    1200    1400    400     0       800     
17850  1885 11000   3100    8100    1900    2900    4600    2200    200     900     800     900     1200    1700    1800    1100    1400    100     700     200     
17850  1886 7600    1400    5300    200     1900    2300    3000    0       0       400     300     1200    700     700     900     1500    800     700     400     
17850  1887 10400   2700    8900    500     1700    6100    2000    100     0       700     200     800     1800    2300    2000    1800    0       200     500     
17850  1888 9000    1100    7200    500     2100    4200    2100    0       0       400     500     1200    1800    1000    1400    1300    300     500     600     
17850  1889 9500    1600    7400    800     1700    4600    3000    200     0       0       100     1600    1200    1200    2200    1100    1200    700     0       
17850  1890 8500    3100    5900    700     1700    3900    2100    700     0       500     300     900     500     1300    2100    800     1300    0       100     
17850  1891 9500    1700    6200    100     1300    4200    3300    0       0       300     0       1000    1200    1500    1500    1000    1300    1000    700     
17850  1892 9600    3700    7900    1200    2300    4200    2600    0       500     200     800     1300    1700    1300    1200    1600    600     400     0       
17850  1893 6100    1800    3800    100     1500    2300    1300    0       100     700     300     500     400     900     1000    700     400     200     900     
17850  1894 7700    2200    5900    1100    2000    3700    1800    0       200     500     1000    500     900     1700    1100    700     600     500     0       
17850  1895 7400    1300    5600    0       500     3400    3200    0       0       200     300     0       600     1800    1000    1900    400     900     300     
17850  1896 3100    2400    1500    500     700     1100    700     100     100     600     0       100     400     600     100     300     400     0       400     
17850  1897 9700    3600    5400    1900    2400    3500    1700    1100    400     1300    600     500     1300    1400    800     800     500     400     600     
17850  1898 8300    3000    4400    1500    1900    2600    2700    800     100     600     600     700     900     200     1500    500     200     2000    200     
17850  1899 8000    4400    4700    1400    1400    3100    2300    900     300     800     200     400     200     1100    1800    1000    400     900     0       
17850  1900 11700   2200    6400    800     800     4300    4300    500     300     100     300     400     1300    2100    900     1400    1200    1700    1500    
17850  1901 8500    5500    6100    1900    1900    4100    1700    400     0       700     500     700     1900    700     1500    800     600     300     400     
17850  1902 8900    2500    7000    800     3000    3600    1700    200     200     800     1800    400     500     1500    1600    1200    500     0       200     
17850  1903 13100   3100    7100    1500    2300    4600    3600    800     500     1100    100     1100    500     1900    2200    1300    1500    800     1300    
17850  1904 15000   6300    10700   3500    3500    7100    1400    800     1400    500     1000    2000    2100    3000    2000    600     500     300     800     
17850  1905 10900   2900    8400    1100    2400    5400    2100    200     100     1000    900     500     1100    2300    2000    1600    0       500     700     
17850  1906 12900   2500    9200    1000    3700    5600    3300    200     100     1000    1300    1400    1600    1700    2300    900     1100    1300    0       
17850  1907 13800   2500    8900    0       2200    5300    4900    0       0       100     300     1800    2100    1300    1900    1500    2500    900     1400    
17850  1908 10200   5500    8000    2000    2800    4700    1300    400     200     100     500     2200    1900    1300    1500    600     600     100     800     
17850  1909 11700   1500    8100    800     3000    4100    3300    0       0       0       1800    1200    1000    1300    1800    1000    1500    800     1300    
17850  1910 12200   5700    7100    2200    2900    5100    1400    0       900     1200    1000    700     1800    1400    1900    300     800     300     1900    
17850  1911 16500   3800    11500   2200    3100    6900    4800    100     200     500     1400    1200    1500    2300    3100    2000    1100    1700    1400    
17850  1912 14400   8500    8900    3300    4900    6200    500     700     1200    2400    400     2100    2000    2300    1900    200     200     100     900     
17850  1913 13700   3400    7700    1800    4100    3800    4500    800     100     1300    1300    1500    1500    1100    1200    1100    1800    1600    400     
17850  1914 13000   5500    9000    1000    3900    4800    2400    0       600     1100    1600    1200    1200    1500    2100    1400    300     700     1300    
17850  1915 9300    3200    6700    1500    3300    4000    200     200     0       700     500     2100    1400    1800    800     100     100     0       1600    
17850  1916 11900   4600    6100    2800    4000    3600    1400    700     500     1700    900     1400    1200    1300    1100    200     200     1000    1700    
17850  1917 11800   3300    10800   1800    2900    6200    2500    100     0       300     600     2000    2600    1500    2100    2000    500     0       100     
17850  1918 11800   2700    7800    1400    3000    3700    2700    700     600     800     800     1400    700     1600    1400    1900    200     600     1100    
17850  1919 12300   5100    7900    3500    2300    4500    2400    1600    800     800     1100    400     1800    800     1900    1900    500     0       700     
17850  1920 17000   6500    9900    4200    5800    4500    1900    2300    1200    1800    1500    2500    1100    2100    1300    1400    500     0       1300    
17850  1921 15100   5000    9700    3200    4000    5600    3400    1600    300     1300    600     2100    1100    2400    2100    1400    1500    500     200     
17850  1922 13200   5000    9300    800     4800    5900    900     100     500     2200    600     2000    2100    1500    2300    800     100     0       1000    
17850  1923 14900   2900    9000    2000    3800    5200    4000    900     100     800     1000    2000    600     2100    2500    800     1800    1400    900     
17850  1924 13800   6000    8900    1800    4400    4200    2200    600     300     1000    1100    2300    1700    2000    500     1300    300     600     2100    
17850  1925 13000   6200    8300    4700    3300    4800    2000    1100    1500    600     1200    1500    1400    1600    1800    800     600     600     300     
17850  1926 14500   2700    9000    1200    2400    4400    5900    100     800     300     1000    1100    1400    1300    1700    2500    1100    2300    900     
17850  1927 19100   6900    12100   2000    4900    7300    4300    1000    100     1500    1500    1900    2300    2500    2500    1400    1000    1900    1500    
17850  1928 16800   7400    11200   3600    3200    7800    3100    1400    700     900     1700    600     1800    3100    2900    1100    1100    900     600     
17850  1929 15500   3200    11500   600     3400    6600    4400    0       0       600     900     1900    2400    2100    2100    2100    1300    1000    1100    
17850  1930 16500   5800    11100   2300    3600    6800    4000    1200    0       1200    1400    1000    3000    1900    1900    1900    700     1400    900     
17850  1931 13700   4100    10200   1800    2300    7600    2600    900     0       200     400     1700    2900    2400    2300    500     800     1300    300     
17850  1932 14400   3700    10000   1500    2200    4900    5000    1200    0       100     700     1400    800     1300    2800    3000    1000    1000    1100    
17850  1933 12100   5100    7900    2600    2700    4600    3300    700     800     500     900     1300    400     1900    2300    1100    1600    600     0       
17850  1934 17300   4100    12100   300     6000    5900    3100    100     200     1600    1800    2600    1600    2500    1800    1800    700     600     2000    
17850  1935 16800   4700    10800   2800    2500    7000    6100    100     700     600     1000    900     2800    2600    1600    1900    2100    2100    400     
17850  1936 18100   10400   10800   4200    5300    6000    2000    2600    1200    2000    1200    2100    1500    2400    2100    1500    0       500     1000    
17850  1937 15800   3800    11200   2000    4800    6500    3200    0       1000    1300    1200    2300    2200    2500    1800    1200    1000    1000    300     
17850  1938 13000   4600    7600    700     3100    5900    2700    300     100     1900    600     600     2200    2000    1700    500     1200    1000    900     
17850  1939 14700   5500    10600   3000    2400    7200    2600    900     1200    300     1700    400     2100    2300    2800    1300    600     700     400     
17850  1940 12500   2900    9200    600     4200    4100    4000    0       200     1000    1400    1800    1400    1400    1300    1900    900     1200    0       
17850  1941 8800    3200    6500    0       3200    4200    1100    0       0       1100    1500    600     1500    1600    1100    200     400     500     300     
17850  1942 13500   2000    9100    300     3300    4100    4800    0       0       800     400     2100    1100    1700    1300    2500    1600    700     1300    
17850  1943 13900   5000    9600    2100    3300    5100    3500    200     600     600     1200    1500    900     1500    2700    1800    1400    300     1200    
17850  1944 6500    3600    5200    1700    1500    3300    700     200     300     200     600     700     500     900     1900    600     0       100     500     
17850  1945 12900   1900    10400   500     4700    5700    1700    0       0       1300    1400    2000    2100    2200    1400    1300    300     100     800     
17850  1946 11700   2500    10000   1100    3700    5200    2500    100     200     1000    1200    1500    1500    1800    1900    2100    200     200     0       
17850  1947 10600   1100    9500    0       3700    5200    1500    0       0       700     1700    1300    1700    1900    1600    1300    200     0       200     
17850  1948 5500    1800    3700    900     2400    1800    200     400     300     700     500     1200    800     100     900     200     0       0       400     
17850  1949 11800   900     8600    900     3100    3900    3900    100     400     0       1600    1500    1100    1100    1700    1600    1200    1100    400     
17850  1950 12700   4800    10000   1300    3200    7100    1400    100     800     1200    500     1500    2200    2800    2100    900     400     100     100     
17850  1951 3800    1800    1200    800     900     200     1800    300     400     500     300     100     0       0       200     600     200     1000    200     
17850  1952 2000    1700    1600    200     1100    800     100     0       0       300     600     200     200     500     100     0       100     0       0       
17850  1953 3200    100     1100    0       500     200     -999999 0       0       0       200     300     0       100     100     400     1000    0       1100    
17850  1954 3600    -999999 1300    -999999 800     800     1200    0       0       500     200     100     500     100     200     200     400     600     800     
17850  1955 2400    3200    500     2100    100     400     200     900     400     100     0       0       300     0       100     100     0       100     400     
17850  1956 1800    900     800     -999999 400     300     500     300     -999999 100     200     100     0       0       300     200     100     200     300     
17850  1957 2700    1400    1000    700     500     800     500     0       400     400     100     0       300     200     300     100     100     300     500     
17850  1958 4600    1600    1800    1200    500     1000    1900    0       700     0       0       500     200     200     600     300     800     800     500     
17850  1959 3300    2900    1200    600     1100    300     1100    100     0       700     200     200     100     200     0       500     0       600     700     
17850  1960 1700    1400    300     800     100     100     400     100     0       0       0       100     100     0       0       100     100     200     1000    
17850  1961 3300    1500    1400    1100    800     700     1400    100     0       100     500     200     300     200     200     0       700     700     300     
17850  1962 2000    2200    900     800     200     300     900     400     100     0       200     0       0       100     200     400     100     400     100     
17850  1963 4500    1100    1900    600     700     700     2300    500     0       0       600     100     0       200     500     500     300     1500    300     
17850  1964 -999999 -999999 2500    600     1500    1100    -999999 0       300     500     500     500     700     300     100     400     300     -999999 -999999 
17850  1965 3000    -999999 900     -999999 600     600     700     400     100     400     100     100     400     200     0       100     400     200     600     
17850  1966 5600    3200    2200    2300    1300    900     1700    0       1700    300     900     100     800     100     0       300     1300    100     0       
17850  1967 3100    2200    1600    300     700     800     1200    300     0       500     100     100     100     300     400     600     100     500     100     
17850  1968 4300    2200    1800    1400    1100    900     1000    0       1300    200     500     400     200     600     100     0       400     600     0       
17850  1969 3800    2000    2200    0       2400    700     700     0       0       1000    200     1200    100     200     400     100     0       600     0       
17850  1970 800     1400    0       800     0       0       0       700     100     0       0       0       0       0       0       0       0       0       0       
17850  1971 2000    0       1700    0       100     1600    100     0       0       0       0       100     0       300     1300    0       0       100     200     
17850  1972 5800    4000    1000    2900    1300    700     0       1200    1500    1000    200     100     100     100     500     0       0       0       1100    
17850  1973 3800    2200    2500    2100    800     1300    600     800     200     100     100     600     700     300     300     500     100     0       100     
17850  1974 4100    2600    1000    2100    400     900     500     1000    1000    400     0       0       200     100     600     100     0       400     300     
17850  1975 5200    2500    2100    1500    1000    800     1500    1100    100     600     100     300     100     600     100     900     200     400     700     
17850  1976 3900    1400    2400    800     600     1500    1100    0       100     0       200     400     700     800     0       300     600     200     600     
17850  1977 6400    4100    2000    2300    2200    700     1600    900     800     1000    500     700     100     400     200     100     1200    300     200     
17850  1978 4800    3100    3100    900     1700    1400    700     400     300     700     300     700     500     200     700     700     0       0       300     
17850  1979 3000    1800    1000    1300    700     800     300     0       1000    500     0       200     600     100     100     0       300     0       200     
17850  1980 1000    900     500     300     300     500     100     100     0       300     0       0       0       100     400     0       100     0       0       
17850  1981 2600    700     1800    0       1000    900     700     0       0       600     300     100     500     0       400     500     200     0       0       
17850  1982 4000    200     2700    0       200     2000    1300    0       0       0       0       200     1100    800     100     500     200     600     500     
17850  1983 3000    1500    2500    600     1000    1300    300     100     0       100     400     500     300     800     200     300     0       0       300     
17850  1984 2200    600     300     400     200     300     700     0       100     200     0       0       200     100     0       0       300     400     900     
17850  1985 700     1600    0       900     0       0       0       0       0       0       0       0       0       0       0       0       0       0       700     
17850  1986 4700    1100    3600    900     3100    600     800     100     100     200     1900    1000    400     200     0       100     0       700     0       
17850  1987 6100    1000    4100    100     800     1500    3200    0       100     200     500     100     200     600     700     2000    800     400     500     
17850  1988 7600    3600    4500    2400    1300    2900    1400    1500    400     0       500     800     100     1300    1500    300     1000    100     100     
17850  1989 3700    2000    2100    500     1000    1500    500     0       400     400     200     400     200     700     600     0       0       500     300     
17850  1990 4600    1500    2700    600     1600    1200    1400    100     200     400     100     1100    600     400     200     300     900     200     100     
17850  1991 6100    2500    4100    500     1100    3100    1500    400     0       900     100     100     400     1600    1100    800     200     500     0       
17850  1992 6500    800     4900    100     900     3300    1300    100     0       0       200     700     400     800     2100    700     200     400     900     
17850  1993 7100    2300    5200    1400    1500    3500    1500    500     0       300     400     800     1400    700     1400    500     700     300     100     
17850  1994 8000    2700    4700    1200    1400    3400    1200    700     400     500     300     600     800     1100    1500    400     200     600     900     
17850  1995 4000    2400    2100    1500    900     1200    900     100     500     100     300     500     200     700     300     100     400     400     400     
17850  1996 5800    3200    1900    1800    1200    1300    800     1300    100     600     300     300     900     200     200     0       100     700     1100    
17850  1997 5800    3200    2800    2200    700     1400    2400    700     400     200     100     400     900     200     300     900     700     800     200     
17850  1998 3500    2100    3000    600     400     2200    500     200     200     0       200     200     700     600     900     400     100     0       0       
17850  1999 4400    400     3000    200     1400    1100    1700    200     0       100     100     1200    300     300     500     600     700     400     0       
17850  2000 6900    1400    3500    100     2200    1200    2100    0       100     200     800     1200    600     100     500     300     800     1000    1300    
17850  2001 5900    5300    3100    2700    1900    1900    700     1200    200     800     0       1100    400     700     800     100     500     100     0       
17850  2002 7400    1500    3500    600     1700    1800    1900    200     400     300     400     1000    1300    300     200     300     200     1400    1400    
17850  2003 8800    3400    6400    1500    1500    5100    1400    100     0       300     200     1000    2000    800     2300    100     200     1100    700     
17850  2004 4800    2200    1900    900     300     1500    1900    100     100     0       200     100     100     700     700     100     1200    600     900     
17850  2005 5900    3400    3600    1000    1600    1900    2200    100     0       600     300     700     1300    500     100     700     400     1100    100     
17850  2006 3600    1700    1600    200     300     1100    1500    100     0       0       100     200     500     500     100     200     400     900     600     
17850  2007 2400    3000    1100    1400    700     700     200     700     100     300     100     300     300     200     200     0       100     100     0       
17850  2008 4100    1500    1400    1100    300     900     1300    600     500     200     0       100     400     100     400     400     400     500     500     
17850  2009 3800    2000    1600    900     900     700     1700    100     300     200     300     400     0       300     400     200     200     1300    100     
17850  2010 2300    1800    1300    200     300     1000    800     0       100     100     100     100     100     700     200     100     100     600     100     
17850  2011 2400    1800    800     500     1000    200     600     0       400     600     100     300     0       100     100     200     0       400     200     
17850  2012 3500    800     1900    400     200     1500    1500    100     100     0       100     100     300     500     700     200     200     1100    100     
17850  2013 5100    1700    2400    200     1500    800     2100    100     0       200     500     800     200     100     500     300     1000    800     600     
17850  2014 7600    4900    600     2900    400     400     3400    1200    1100    200     200     0       300     0       100     0       1300    2100    1100    
17850  2015 3800    5600    1500    1800    700     1100    900     500     200     400     200     100     100     900     100     100     300     500     400     
17850  2016 3300    2000    1700    1200    600     1100    800     200     600     0       300     300     200     700     200     0       100     700     0       
17850  2017 3800    1500    2900    300     900     2400    100     0       300     400     500     0       1100    600     700     0       0       100     100     
17850  2018 5200    800     2900    700     1000    1700    1700    600     0       0       300     700     600     700     400     200     500     1000    200     
17850  2019 -999999 1800    -999999 200     800     -999999 3400    0       0       100     300     400     -999999 1900    2400    900     1400    1100    -999999 
17850  2020 -999999 -999999 -999999 -999999 -999999 5700    3200    1500    -999999 -999999 -999999 1800    1600    1500    2600    1700    600     900     1800    
17850  2021 14000   6600    8600    4300    1900    6900    2000    700     1800    800     200     900     2400    2600    1900    600     400     1000    700     
