EUROPEAN CLIMATE ASSESSMENT & DATASET (ECA&D), file created on: 20-01-2022
THESE DATA CAN BE USED FOR NON-COMMERCIAL RESEARCH AND EDUCATION PROVIDED THAT THE FOLLOWING SOURCE IS ACKNOWLEDGED: 

Klein Tank, A.M.G. and Coauthors, 2002. Daily dataset of 20th-century surface
air temperature and precipitation series for the European Climate Assessment.
Int. J. of Climatol., 22, 1441-1453.
Data and metadata available at http://www.ecad.eu

FILE FORMAT (MISSING VALUE CODE = -999999):

THIS FILE HOLDS DATA FOR STATION GERMANY                                  DUSSELDORF-SUDFRIEDHOF                   (STAID:   4029)
LATITUDE: dd:mm:ss +51:12:03
LONGITUDE: ddd:mm:ss +006:45:29
ELEVATION: m   37

DATA IS FOR INDEX Days with TN > 90th percentile of daily min temp (warm nights) (TN90p) with unit 0.01 No of days

01-06 SOUID: Source identifier
08-11 YEAR : YYYY
13-20 ANNUAL DATA VALUES
21-28 WINTER HALF YEAR DATA VALUES
29-36 SUMMER HALF YEAR DATA VALUES
37-44 WINTER (DJF) DATA VALUES
45-52 SPRING (MAM) DATA VALUES
53-60 SUMMER (JJA) DATA VALUES
61-68 AUTUMN (SON) DATA VALUES
69-76 JANUARY DATA VALUES
etc. 
157-164 DECEMBER DATA VALUES

4029   1935 2100    -999999 1600    -999999 600     600     500     100     200     0       100     500     400     100     100     400     100     0       100     
4029   1936 2700    1500    900     900     700     700     400     500     300     500     200     0       500     200     0       0       200     200     100     
4029   1937 2700    900     2000    500     1300    600     400     200     200     0       600     700     600     0       0       100     300     0       0       
4029   1938 3700    1100    1900    400     600     1100    1500    300     100     400     0       200     300     0       800     600     100     800     100     
4029   1939 -999999 2500    -999999 1600    500     -999999 -999999 1100    400     0       500     0       200     0       -999999 -999999 -999999 -999999 -999999 
4029   1940 -999999 -999999 -999999 -999999 -999999 -999999 -999999 -999999 -999999 -999999 -999999 -999999 -999999 -999999 -999999 -999999 -999999 -999999 -999999 
4029   1941 -999999 -999999 -999999 -999999 -999999 -999999 -999999 -999999 -999999 -999999 -999999 -999999 -999999 -999999 -999999 -999999 -999999 -999999 -999999 
4029   1942 -999999 -999999 -999999 -999999 -999999 -999999 -999999 -999999 -999999 -999999 -999999 -999999 -999999 -999999 -999999 -999999 -999999 -999999 -999999 
4029   1943 -999999 -999999 -999999 -999999 -999999 -999999 -999999 -999999 -999999 -999999 -999999 -999999 -999999 -999999 -999999 -999999 -999999 -999999 -999999 
4029   1944 -999999 -999999 -999999 -999999 -999999 -999999 -999999 -999999 -999999 -999999 -999999 -999999 -999999 -999999 -999999 -999999 -999999 -999999 -999999 
4029   1945 -999999 -999999 -999999 -999999 -999999 -999999 -999999 -999999 -999999 -999999 -999999 -999999 -999999 -999999 -999999 -999999 -999999 -999999 -999999 
4029   1946 -999999 -999999 -999999 -999999 -999999 -999999 -999999 -999999 -999999 -999999 -999999 -999999 -999999 -999999 -999999 -999999 -999999 -999999 -999999 
4029   1947 -999999 -999999 -999999 -999999 -999999 -999999 -999999 -999999 -999999 -999999 -999999 -999999 -999999 -999999 -999999 -999999 -999999 -999999 -999999 
4029   1948 -999999 -999999 -999999 -999999 500     -999999 -999999 -999999 500     100     100     300     200     400     -999999 -999999 100     200     200     
4029   1949 3200    800     2400    500     800     500     1500    200     100     0       800     0       100     100     300     1100    300     100     100     
4029   1950 2400    1800    900     1000    600     600     200     200     700     400     0       200     500     0       100     100     100     0       100     
4029   1951 1500    600     700     200     300     200     800     100     0       300     0       0       0       100     100     500     0       300     100     
4029   1952 1700    500     1600    200     800     700     100     0       100     0       700     100     100     500     100     100     0       0       0       
4029   1953 3000    400     1600    300     800     900     700     100     200     100     100     600     700     100     100     0       500     200     300     
4029   1954 2700    1400    1100    300     800     400     1100    0       0       400     100     300     200     0       200     300     200     600     400     
4029   1955 1800    1400    1000    400     500     700     300     0       0       200     200     100     200     300     200     0       0       300     300     
4029   1956 2100    1100    500     400     700     0       500     0       100     400     0       300     0       0       0       200     300     0       800     
4029   1957 4100    3200    1300    1700    1300    1200    700     200     700     1200    100     0       400     800     0       0       300     400     0       
4029   1958 2400    1500    1400    600     600     600     500     0       600     200     0       400     0       100     500     400     100     0       100     
4029   1959 3000    900     2200    300     1400    1200    200     200     0       500     700     200     300     400     500     100     0       100     0       
4029   1960 3700    1400    1500    900     1200    600     800     700     200     400     400     400     300     0       300     100     200     500     200     
4029   1961 5400    2100    3000    900     1700    200     2400    100     600     500     1000    200     0       100     100     1600    700     100     400     
4029   1962 1400    1600    800     800     400     200     400     400     0       0       300     100     200     0       0       200     200     0       0       
4029   1963 1000    300     400     0       200     200     600     0       0       100     0       100     0       100     100     100     0       500     0       
4029   1964 3400    900     2300    300     900     1300    700     0       300     100     400     400     600     400     300     200     0       500     200     
4029   1965 1500    1300    700     400     800     100     200     200     0       400     100     300     100     0       0       200     0       0       200     
4029   1966 5600    1900    2800    1900    1100    1600    1200    400     1300    0       700     400     1100    0       500     100     1100    0       0       
4029   1967 4400    2800    1700    1200    1000    1000    1000    600     600     500     0       500     200     500     300     200     800     0       200     
4029   1968 3100    1700    1700    500     1300    800     700     200     100     400     800     100     100     200     500     0       300     400     0       
4029   1969 4800    1000    3700    200     1400    2000    1200    200     0       100     400     900     100     1100    800     400     400     400     0       
4029   1970 2400    1000    1300    100     800     500     900     100     0       100     300     400     500     0       0       100     200     600     100     
4029   1971 3600    1300    2500    300     1700    900     300     100     100     200     300     1200    300     200     400     100     200     0       500     
4029   1972 3000    1000    1900    800     400     1400    600     100     200     0       200     200     200     900     300     100     100     400     300     
4029   1973 2900    1100    2500    500     500     1600    600     100     100     100     100     300     700     300     600     500     0       100     0       
4029   1974 4600    2000    900     1200    900     300     900     900     300     700     200     0       0       0       300     400     0       500     1300    
4029   1975 5100    3600    3200    2600    800     2000    1000    1100    200     500     300     0       700     0       1300    900     0       100     0       
4029   1976 5300    1900    2700    1800    400     2100    1000    1400    400     0       100     300     700     1300    100     200     500     300     0       
4029   1977 4600    3200    900     1400    1300    500     1300    400     1000    1000    200     100     300     100     100     100     500     700     100     
4029   1978 2700    2000    900     500     600     400     700     0       400     300     100     200     200     200     0       200     200     300     600     
4029   1979 3600    1200    1800    600     800     800     900     0       0       100     200     500     500     200     100     300     400     200     1100    
4029   1980 3100    2300    1500    1600    100     1200    1100    0       500     100     0       0       200     200     800     300     100     700     200     
4029   1981 4600    2800    2300    500     2600    1100    600     0       300     1500    700     400     400     300     400     100     0       500     0       
4029   1982 4500    1400    2700    700     900     1700    1000    400     300     200     200     500     800     600     300     300     300     400     200     
4029   1983 5800    2600    3100    1300    1000    2500    800     1100    0       600     300     100     600     1100    800     200     200     400     400     
4029   1984 1800    1300    500     700     0       400     1100    200     100     0       0       0       0       200     200     100     400     600     0       
4029   1985 3100    1400    1100    200     1200    100     400     0       200     200     600     400     100     0       0       0       300     100     1200    
4029   1986 3400    2000    1600    1500    500     1200    1000    300     0       100     0       400     700     400     100     0       300     700     400     
4029   1987 4400    2000    2300    700     800     1100    1200    100     200     300     400     100     300     300     500     700     400     100     1000    
4029   1988 5400    3000    2200    2200    1900    400     1200    900     300     300     500     1100    0       200     200     200     600     400     700     
4029   1989 5600    3100    2500    1500    1300    1200    1400    500     300     600     200     500     100     800     300     600     700     100     900     
4029   1990 4800    4400    1000    2700    1100    800     1100    700     1100    900     0       200     100     100     600     0       700     400     0       
4029   1991 4000    2900    2000    500     1600    1300    400     500     0       1300    200     100     0       700     600     400     0       0       200     
4029   1992 4700    1400    3000    1100    1600    1600    500     300     600     300     100     1200    300     500     800     100     0       400     100     
4029   1993 3700    1700    2200    1000    2100    400     0       900     0       300     1000    800     400     0       0       0       0       0       300     
4029   1994 7300    1700    3600    800     1500    2900    1700    300     200     900     400     200     600     1700    600     100     200     1400    700     
4029   1995 5900    3600    3300    1900    1400    2000    1300    400     800     100     700     600     200     1100    700     0       1100    200     0       
4029   1996 2200    1700    1500    200     1000    600     400     200     0       200     500     300     400     0       200     100     100     200     0       
4029   1997 4600    2000    1600    800     1200    1100    1000    0       800     900     100     200     200     0       900     200     300     500     500     
4029   1998 5500    4500    1800    2700    1800    400     900     1100    1100    1000    300     500     200     0       200     600     200     100     200     
4029   1999 5300    2100    3000    1100    1500    800     1900    800     100     700     500     300     100     300     400     1400    300     200     200     
4029   2000 6600    2300    3100    1200    2200    700     1600    400     600     600     900     700     500     0       200     800     500     300     1100    
4029   2001 4400    2900    1800    1800    900     1100    1400    100     600     300     300     300     100     300     700     100     1200    100     300     
4029   2002 5200    4000    1800    2100    1200    1100    600     800     1000    600     400     200     500     200     400     100     100     400     500     
4029   2003 4800    2000    3000    900     1700    1600    900     400     0       600     600     500     700     300     600     300     0       600     200     
4029   2004 4100    2300    1700    1200    1000    1000    900     100     900     500     300     200     200     0       800     200     400     300     200     
4029   2005 6300    2900    2800    1100    2300    800     2200    700     200     1100    600     600     400     400     0       800     1000    400     100     
4029   2006 7500    2200    4000    400     1100    1900    3300    0       300     400     200     500     400     1400    100     1400    1000    900     900     
4029   2007 5600    5500    2400    3400    1500    1100    100     1400    1100    200     700     600     700     200     200     0       0       100     400     
4029   2008 3900    1900    2200    1500    1200    1100    500     700     400     300     100     800     300     400     400     200     100     200     0       
4029   2009 3400    500     2000    0       1200    800     1300    0       0       200     900     100     400     200     200     200     100     1000    100     
4029   2010 3200    1800    1600    200     700     1400    1000    0       100     500     200     0       200     900     300     0       400     600     0       
4029   2011 3800    2300    1800    1000    1000    600     1100    500     500     300     500     200     300     0       300     500     300     300     100     
4029   2012 4100    1900    2100    800     1500    1000    400     300     400     500     300     700     0       300     700     100     300     0       500     
4029   2013 2800    1600    1200    1200    400     700     900     700     0       100     300     0       400     200     100     200     600     100     100     
4029   2014 5800    2500    2700    1400    1700    1100    1400    700     600     400     800     500     200     800     100     300     600     500     300     
4029   2015 5100    1700    2000    600     400     1600    1400    300     0       0       200     200     0       600     1000    0       100     1300    1400    
4029   2016 4000    3700    2500    2300    900     900     1100    500     400     0       300     600     200     300     400     700     0       400     200     
4029   2017 4500    1500    2100    600     1400    900     1300    0       400     500     100     800     600     0       300     300     700     300     500     
4029   2018 6300    2200    3600    900     2300    1500    1400    400     0       300     1000    1000    600     500     400     100     700     600     700     
4029   2019 4800    2700    2400    1100    500     1800    1700    200     200     300     200     0       800     500     500     400     800     500     400     
4029   2020 5600    3400    2200    1800    500     1700    1700    500     900     300     200     0       400     0       1300    300     700     700     300     
4029   2021 3500    2900    1200    1500    100     800     800     300     900     0       0       100     600     200     0       300     400     100     600     
