EUROPEAN CLIMATE ASSESSMENT & DATASET (ECA&D), file created on: 20-01-2022
THESE DATA CAN BE USED FOR NON-COMMERCIAL RESEARCH AND EDUCATION PROVIDED THAT THE FOLLOWING SOURCE IS ACKNOWLEDGED: 

Klein Tank, A.M.G. and Coauthors, 2002. Daily dataset of 20th-century surface
air temperature and precipitation series for the European Climate Assessment.
Int. J. of Climatol., 22, 1441-1453.
Data and metadata available at http://www.ecad.eu

FILE FORMAT (MISSING VALUE CODE = -999999):

THIS FILE HOLDS DATA FOR STATION UZBEKISTAN                               FERGANA                                  (STAID:   3163)
LATITUDE: dd:mm:ss +40:22:00
LONGITUDE: ddd:mm:ss +071:45:00
ELEVATION: m  577

DATA IS FOR INDEX Days with TN > 90th percentile of daily min temp (warm nights) (TN90p) with unit 0.01 No of days

01-06 SOUID: Source identifier
08-11 YEAR : YYYY
13-20 ANNUAL DATA VALUES
21-28 WINTER HALF YEAR DATA VALUES
29-36 SUMMER HALF YEAR DATA VALUES
37-44 WINTER (DJF) DATA VALUES
45-52 SPRING (MAM) DATA VALUES
53-60 SUMMER (JJA) DATA VALUES
61-68 AUTUMN (SON) DATA VALUES
69-76 JANUARY DATA VALUES
etc. 
157-164 DECEMBER DATA VALUES

3163   1881 -999999 -999999 -999999 -999999 -999999 -999999 -999999 -999999 -999999 -999999 -999999 -999999 -999999 -999999 -999999 -999999 0       100     0       
3163   1882 2000    100     1600    0       500     1000    200     0       0       0       0       500     100     300     600     100     100     0       300     
3163   1883 1800    500     1300    400     300     800     300     100     0       0       100     200     100     300     400     200     0       100     300     
3163   1884 1600    1000    1000    900     100     600     300     600     0       0       100     0       300     100     200     300     0       0       0       
3163   1885 -999999 -999999 -999999 -999999 -999999 -999999 -999999 -999999 -999999 -999999 -999999 -999999 -999999 -999999 -999999 -999999 -999999 -999999 -999999 
3163   1886 -999999 -999999 -999999 -999999 -999999 -999999 -999999 -999999 -999999 -999999 -999999 -999999 -999999 -999999 -999999 -999999 -999999 -999999 -999999 
3163   1887 -999999 -999999 -999999 -999999 -999999 -999999 -999999 -999999 -999999 -999999 -999999 -999999 -999999 -999999 -999999 -999999 -999999 -999999 -999999 
3163   1888 4000    -999999 1400    -999999 1200    1000    1000    300     500     800     200     200     100     500     400     0       200     800     0       
3163   1889 2200    1300    1900    0       700     1200    300     0       0       300     300     100     400     400     400     300     0       0       0       
3163   1890 500     0       500     0       300     200     0       0       0       0       200     100     100     0       100     0       0       0       0       
3163   1891 -999999 0       -999999 0       200     -999999 300     0       0       0       100     100     100     0       -999999 100     0       200     0       
3163   1892 -999999 -999999 -999999 -999999 -999999 -999999 -999999 -999999 -999999 -999999 -999999 -999999 -999999 -999999 -999999 -999999 -999999 -999999 -999999 
3163   1893 -999999 -999999 -999999 -999999 500     -999999 -999999 0       0       0       200     300     -999999 -999999 -999999 -999999 -999999 -999999 -999999 
3163   1894 -999999 -999999 -999999 -999999 -999999 -999999 -999999 -999999 -999999 -999999 -999999 -999999 -999999 -999999 -999999 -999999 -999999 -999999 -999999 
3163   1895 -999999 -999999 -999999 -999999 -999999 -999999 -999999 -999999 -999999 -999999 -999999 -999999 -999999 -999999 -999999 -999999 -999999 -999999 -999999 
3163   1896 -999999 -999999 -999999 -999999 -999999 -999999 -999999 -999999 -999999 -999999 -999999 -999999 -999999 -999999 -999999 -999999 -999999 -999999 -999999 
3163   1897 -999999 -999999 -999999 -999999 -999999 -999999 -999999 -999999 -999999 -999999 -999999 -999999 -999999 -999999 -999999 -999999 -999999 -999999 -999999 
3163   1898 -999999 -999999 -999999 -999999 -999999 -999999 -999999 -999999 -999999 -999999 -999999 -999999 -999999 -999999 -999999 -999999 -999999 -999999 -999999 
3163   1899 -999999 -999999 -999999 -999999 -999999 -999999 -999999 -999999 -999999 -999999 400     200     400     300     -999999 -999999 -999999 -999999 0       
3163   1900 -999999 -999999 -999999 -999999 -999999 -999999 -999999 -999999 -999999 -999999 -999999 -999999 -999999 -999999 -999999 -999999 -999999 -999999 -999999 
3163   1901 -999999 -999999 -999999 -999999 -999999 -999999 -999999 -999999 -999999 -999999 -999999 -999999 -999999 -999999 -999999 -999999 -999999 -999999 -999999 
3163   1902 -999999 -999999 -999999 -999999 -999999 -999999 -999999 -999999 -999999 -999999 -999999 -999999 -999999 -999999 -999999 -999999 -999999 -999999 -999999 
3163   1903 -999999 -999999 -999999 -999999 -999999 -999999 -999999 -999999 -999999 -999999 -999999 -999999 -999999 -999999 -999999 -999999 -999999 -999999 -999999 
3163   1904 -999999 -999999 -999999 -999999 -999999 -999999 -999999 -999999 -999999 -999999 -999999 -999999 -999999 -999999 -999999 -999999 -999999 -999999 -999999 
3163   1905 -999999 -999999 1000    -999999 -999999 800     300     -999999 0       -999999 0       100     100     300     400     100     200     0       100     
3163   1906 1900    600     800     300     300     500     300     0       200     100     0       200     100     100     300     100     0       200     600     
3163   1907 -999999 1100    -999999 800     500     -999999 -999999 200     0       100     400     0       100     -999999 -999999 -999999 200     0       0       
3163   1908 700     200     700     0       0       600     100     0       0       0       0       0       200     200     200     100     0       0       0       
3163   1909 -999999 200     900     200     200     400     -999999 0       200     0       100     100     100     200     100     300     300     -999999 0       
3163   1910 -999999 -999999 -999999 400     -999999 300     100     200     200     0       -999999 400     0       300     0       100     0       0       0       
3163   1911 -999999 0       400     0       100     300     -999999 0       0       0       0       100     0       200     100     0       -999999 0       0       
3163   1912 -999999 -999999 -999999 300     1400    -999999 -999999 200     100     0       1300    -999999 800     600     -999999 -999999 -999999 0       0       
3163   1913 -999999 -999999 -999999 800     -999999 -999999 -999999 700     100     -999999 -999999 -999999 -999999 -999999 -999999 100     -999999 -999999 0       
3163   1914 -999999 -999999 -999999 -999999 -999999 -999999 -999999 300     -999999 -999999 -999999 -999999 -999999 -999999 -999999 -999999 -999999 -999999 -999999 
3163   1915 -999999 -999999 -999999 -999999 -999999 -999999 -999999 -999999 500     -999999 -999999 -999999 -999999 -999999 -999999 -999999 -999999 -999999 -999999 
3163   1916 -999999 -999999 -999999 -999999 -999999 -999999 -999999 300     -999999 -999999 -999999 -999999 -999999 -999999 -999999 -999999 -999999 -999999 -999999 
3163   1917 -999999 -999999 -999999 -999999 -999999 -999999 -999999 -999999 -999999 -999999 -999999 -999999 -999999 -999999 -999999 -999999 -999999 -999999 -999999 
3163   1918 -999999 -999999 -999999 -999999 -999999 300     300     -999999 -999999 -999999 -999999 100     100     100     100     100     200     0       0       
3163   1919 300     200     200     0       100     100     0       0       0       0       0       100     0       100     0       0       0       0       100     
3163   1920 -999999 600     -999999 600     0       -999999 400     500     0       0       0       -999999 -999999 0       0       0       400     0       0       
3163   1921 500     500     100     100     100     0       100     0       100     0       100     0       0       0       0       0       0       100     200     
3163   1922 -999999 900     -999999 700     -999999 0       300     500     0       100     -999999 0       0       0       0       0       0       300     200     
3163   1923 800     1000    300     400     400     200     0       100     100     300     100     0       0       100     100     0       0       0       0       
3163   1924 1400    400     600     300     100     400     200     100     200     100     0       0       0       300     100     200     0       0       400     
3163   1925 1100    500     700     500     300     300     300     100     0       0       100     200     100     200     0       100     200     0       100     
3163   1926 500     500     300     300     100     100     100     100     100     0       0       100     0       100     0       100     0       0       0       
3163   1927 1300    200     700     200     300     400     400     100     100     0       200     100     0       100     300     0       300     100     0       
3163   1928 1300    700     300     200     200     100     700     0       200     100     100     0       0       0       100     100     0       600     100     
3163   1929 1100    1100    600     200     300     400     300     100     0       300     0       0       100     0       300     200     0       100     0       
3163   1930 600     200     400     0       200     300     100     0       0       100     0       100     0       200     100     0       100     0       0       
3163   1931 600     300     400     0       300     200     100     0       0       200     100     0       100     100     0       100     0       0       0       
3163   1932 1400    700     700     100     1000    300     0       0       100     600     300     100     0       300     0       0       0       0       0       
3163   1933 2200    0       1400    0       200     1000    500     0       0       0       0       200     0       500     500     200     100     200     500     
3163   1934 1400    1200    800     800     100     700     100     0       300     100     0       0       400     200     100     100     0       0       200     
3163   1935 1300    200     800     200     400     300     600     0       0       0       100     300     0       0       300     100     300     200     0       
3163   1936 -999999 -999999 1100    -999999 -999999 700     600     0       -999999 -999999 0       100     300     200     200     300     0       300     0       
3163   1937 1400    300     1200    0       100     800     500     0       0       0       0       100     200     300     300     300     200     0       0       
3163   1938 -999999 900     -999999 700     -999999 400     400     200     500     0       300     -999999 200     100     100     400     0       0       0       
3163   1939 3000    200     2100    200     700     1300    600     200     0       0       0       700     500     500     300     100     300     200     200     
3163   1940 4600    1900    2500    1300    700     1500    1200    500     600     100     200     400     800     300     400     400     800     0       100     
3163   1941 4800    2700    2200    1200    1700    1100    800     400     700     700     500     500     500     300     300     100     100     600     100     
3163   1942 3100    1000    1500    200     1000    600     1300    100     0       100     200     700     0       400     200     0       500     800     100     
3163   1943 -999999 1700    -999999 400     -999999 -999999 -999999 0       300     0       100     -999999 -999999 -999999 -999999 -999999 -999999 -999999 0       
3163   1944 3700    -999999 2400    400     1500    1100    700     100     300     200     100     1200    100     700     300     0       200     500     0       
3163   1945 -999999 700     -999999 0       200     -999999 -999999 0       0       0       100     100     -999999 -999999 -999999 -999999 -999999 -999999 -999999 
3163   1946 -999999 -999999 -999999 -999999 -999999 900     400     -999999 -999999 -999999 -999999 500     400     100     400     100     300     0       0       
3163   1947 2600    1500    900     400     1100    500     500     0       400     800     300     0       0       300     200     100     0       400     100     
3163   1948 1300    1200    600     800     100     400     100     400     300     0       0       100     100     100     200     100     0       0       0       
3163   1949 1300    700     600     400     300     400     200     400     0       300     0       0       0       300     100     200     0       0       0       
3163   1950 1800    800     900     200     1000    400     200     200     0       600     100     300     100     200     100     100     100     0       0       
3163   1951 2400    200     1000    100     600     200     1300    100     0       0       0       600     100     0       100     200     600     500     200     
3163   1952 2100    2700    700     1400    400     300     200     300     900     200     200     0       0       100     200     200     0       0       0       
3163   1953 3600    1300    1900    800     700     1400    700     200     600     500     0       200     500     600     300     300     100     300     0       
3163   1954 1200    700     800     100     300     300     500     0       100     200     100     0       100     0       200     400     0       100     0       
3163   1955 1900    800     700     400     500     400     400     0       400     300     0       200     200     0       200     100     0       300     200     
3163   1956 2100    1000    1200    600     600     700     400     100     300     100     200     300     100     400     200     0       100     300     0       
3163   1957 1200    700     800     0       500     500     200     0       0       300     200     0       200     200     100     100     100     0       0       
3163   1958 2500    1300    900     1000    400     500     300     600     400     200     100     100     0       500     0       200     100     0       300     
3163   1959 1600    600     1300    500     400     400     600     200     0       0       100     300     100     100     200     500     100     0       0       
3163   1960 2100    1500    600     1100    400     400     200     200     900     300     0       100     0       300     100     100     100     0       0       
3163   1961 2800    500     2400    400     1000    1100    300     300     100     0       100     900     400     600     100     300     0       0       0       
3163   1962 2800    1400    900     900     600     600     600     400     500     500     0       100     200     200     200     200     200     200     100     
3163   1963 4200    2300    1300    1400    1500    200     1200    200     1100    500     600     400     100     0       100     100     900     200     0       
3163   1964 1200    1700    500     400     200     300     300     100     300     200     0       0       0       200     100     200     0       100     0       
3163   1965 2500    900     700     700     300     500     1000    600     100     100     100     100     200     100     200     0       500     500     0       
3163   1966 3900    3100    1000    1600    700     700     400     500     1100    500     200     0       200     200     300     100     300     0       500     
3163   1967 3100    1200    1800    800     1000    500     800     200     100     100     800     100     300     0       200     400     100     300     500     
3163   1968 3400    2200    1100    700     1400    700     800     100     100     1100    200     100     100     200     400     100     400     300     300     
3163   1969 3400    1300    1200    300     700     500     1100    0       0       300     300     100     300     0       200     300     400     400     1100    
3163   1970 3900    3100    1500    2200    700     900     600     200     900     100     400     200     400     0       500     0       400     200     600     
3163   1971 3600    1700    2000    700     1200    900     1100    0       100     400     300     500     100     400     400     300     100     700     300     
3163   1972 1300    1100    400     300     100     200     700     0       0       0       100     0       0       100     100     100     300     300     300     
3163   1973 1600    1200    1000    500     300     800     200     0       200     100     200     0       500     200     100     0       100     100     100     
3163   1974 2800    1000    1600    100     1200    600     1000    0       0       700     100     400     400     100     100     500     100     400     0       
3163   1975 3100    1100    2300    300     1000    1400    300     100     200     300     400     300     400     500     500     200     100     0       100     
3163   1976 4200    1900    2300    1800    1000    1000    500     800     900     0       500     500     300     300     400     300     200     0       0       
3163   1977 6500    1300    3300    200     2000    1700    2500    200     0       900     700     400     900     300     500     500     900     1100    100     
3163   1978 4200    2200    2100    200     500     1000    1300    100     0       0       400     100     400     400     200     600     600     100     1300    
3163   1979 5100    3600    1900    2400    800     1200    1300    700     400     500     300     0       100     400     700     400     800     100     700     
3163   1980 4100    1700    2100    800     1200    800     1700    0       100     0       700     500     300     400     100     100     200     1400    300     
3163   1981 4900    4600    1600    2200    1800    300     700     1100    800     800     500     500     100     100     100     300     200     200     200     
3163   1982 4000    1700    2700    1100    1700    1000    400     800     100     200     600     900     400     100     500     200     200     0       0       
3163   1983 4900    900     3300    700     900     1700    1400    500     200     0       500     400     200     500     1000    700     0       700     200     
3163   1984 3000    1200    2400    300     500     1800    600     100     0       200     200     100     900     300     600     300     0       300     0       
3163   1985 3300    700     1900    300     600     1200    400     0       300     100     300     200     300     800     100     200     100     100     800     
3163   1986 4600    1700    2700    1500    800     1300    1400    500     200     0       400     400     200     600     500     600     600     200     400     
3163   1987 6600    4500    2000    2500    1700    900     1300    1400    700     1200    0       500     300     300     300     600     600     100     600     
3163   1988 6800    3000    3300    1600    1300    1800    2200    800     200     700     500     100     500     1100    200     900     200     1100    500     
3163   1989 3100    2200    1000    500     500     800     700     0       0       400     0       100     200     300     300     100     500     100     1100    
3163   1990 4900    2600    2600    1600    900     1900    1300    0       500     400     100     400     700     300     900     200     500     600     300     
3163   1991 3400    2200    1700    800     800     700     700     300     200     300     200     300     400     100     200     500     200     0       700     
3163   1992 3700    2000    1400    1800    600     400     1100    700     400     0       300     300     0       200     200     400     0       700     500     
3163   1993 4100    2900    1900    1800    700     1000    600     200     1100    400     200     100     300     500     200     600     0       0       500     
3163   1994 6700    1300    3600    800     1200    2800    1900    200     100     500     300     400     800     1100    900     100     400     1400    500     
3163   1995 4500    3200    2600    900     800     1900    1400    0       400     500     0       300     800     400     700     400     600     400     0       
3163   1996 4400    1800    2300    400     500     1300    1600    300     100     400     100     0       200     500     600     900     400     300     600     
3163   1997 5600    2900    2700    1700    1200    1400    1900    1100    0       500     400     300     200     500     700     600     1200    100     0       
3163   1998 -999999 2400    3600    900     800     2000    -999999 600     300     200     500     100     100     700     1200    -999999 -999999 200     900     
3163   1999 7600    -999999 4000    3000    900     2000    2300    800     1300    500     0       400     100     200     1700    1600    300     400     300     
3163   2000 5800    2000    3900    1200    1800    1500    1200    800     100     100     500     1200    100     600     800     700     200     300     400     
3163   2001 5300    2100    3100    1000    2000    1300    1100    0       600     600     200     1200    500     300     500     400     400     300     300     
3163   2002 6200    3100    2200    1700    1000    900     2900    900     500     700     200     100     0       200     700     1000    1200    700     0       
3163   2003 6400    3800    2600    1700    400     1200    3000    1400    300     200     200     0       100     600     500     1200    900     900     100     
3163   2004 8300    5200    3000    2700    1300    1500    2100    1500    1100    700     200     400     100     700     700     900     100     1100    800     
3163   2005 8000    5000    3500    2000    2400    1600    2400    1000    200     1800    400     200     500     800     300     1300    800     300     400     
3163   2006 7200    2700    3000    900     2000    1200    3500    0       500     700     500     800     300     300     600     500     1900    1100    0       
3163   2007 7500    5300    4200    1800    2500    1200    1600    300     1500    500     1300    700     700     300     200     1000    0       600     400     
3163   2008 8600    3100    5000    600     2600    3100    2400    0       200     1900    200     500     900     400     1800    1200    700     500     300     
3163   2009 -999999 4500    3000    2000    1700    1100    -999999 700     1000    1300    300     100     100     400     600     1500    -999999 -999999 -999999 
