EUROPEAN CLIMATE ASSESSMENT & DATASET (ECA&D), file created on: 20-01-2022
THESE DATA CAN BE USED FOR NON-COMMERCIAL RESEARCH AND EDUCATION PROVIDED THAT THE FOLLOWING SOURCE IS ACKNOWLEDGED: 

Klein Tank, A.M.G. and Coauthors, 2002. Daily dataset of 20th-century surface
air temperature and precipitation series for the European Climate Assessment.
Int. J. of Climatol., 22, 1441-1453.
Data and metadata available at http://www.ecad.eu

FILE FORMAT (MISSING VALUE CODE = -999999):

THIS FILE HOLDS DATA FOR STATION UNITED KINGDOM                           ALDERGROVE                               (STAID:   1640)
LATITUDE: dd:mm:ss +54:39:00
LONGITUDE: ddd:mm:ss -006:13:12
ELEVATION: m   81

DATA IS FOR INDEX Days with TN > 90th percentile of daily min temp (warm nights) (TN90p) with unit 0.01 No of days

01-06 SOUID: Source identifier
08-11 YEAR : YYYY
13-20 ANNUAL DATA VALUES
21-28 WINTER HALF YEAR DATA VALUES
29-36 SUMMER HALF YEAR DATA VALUES
37-44 WINTER (DJF) DATA VALUES
45-52 SPRING (MAM) DATA VALUES
53-60 SUMMER (JJA) DATA VALUES
61-68 AUTUMN (SON) DATA VALUES
69-76 JANUARY DATA VALUES
etc. 
157-164 DECEMBER DATA VALUES

1640   1958 3400    -999999 1600    -999999 400     400     1700    400     400     100     200     100     0       200     200     900     300     500     100     
1640   1959 6500    3000    3300    1300    2400    1600    1300    100     1100    900     800     700     400     600     600     200     900     200     0       
1640   1960 4600    2500    3100    800     2300    1300    200     600     200     600     700     1000    1100    100     100     100     0       100     0       
1640   1961 5100    2600    2000    1400    2200    300     800     0       1400    1100    800     300     200     100     0       600     100     100     400     
1640   1962 1200    900     500     700     300     200     400     200     100     0       100     200     100     100     0       0       0       400     0       
1640   1963 1900    700     800     0       600     400     800     0       0       300     300     0       400     0       0       100     200     500     100     
1640   1964 4000    1700    2400    800     1500    700     1000    100     600     200     500     800     200     200     300     400     200     400     100     
1640   1965 1700    900     1100    200     600     500     500     100     0       100     200     300     100     0       400     100     300     100     0       
1640   1966 3000    1800    1600    900     800     1200    100     500     400     500     200     100     800     100     300     100     0       0       0       
1640   1967 2800    1600    900     900     1100    300     200     600     300     700     400     0       0       100     200     200     0       0       300     
1640   1968 3200    1100    800     800     600     300     1600    400     100     300     100     200     100     100     100     200     1000    400     200     
1640   1969 4200    2200    2300    700     500     1500    1600    500     0       100     100     300     100     600     800     400     1100    100     100     
1640   1970 4200    1700    2700    500     1200    1200    1300    300     100     0       300     900     600     100     500     300     500     500     100     
1640   1971 5300    2200    1600    1000    700     600     2100    500     400     200     200     300     0       600     0       500     800     800     1000    
1640   1972 1700    3000    400     1200    500     100     300     100     100     200     300     0       0       100     0       0       200     100     600     
1640   1973 4000    2200    2200    1700    500     1400    800     600     500     200     0       300     600     100     700     500     0       300     200     
1640   1974 3000    1500    1000    1000    800     300     300     500     300     200     400     200     100     200     0       100     0       200     800     
1640   1975 4800    1800    2900    1500    900     2000    800     600     100     100     800     0       400     800     800     100     600     100     400     
1640   1976 5300    2500    3600    1600    700     2200    1200    800     400     200     200     300     900     1100    200     900     100     200     0       
1640   1977 3300    1000    1200    300     600     900     1100    200     100     400     200     0       0       400     500     100     900     100     400     
1640   1978 4100    2500    1300    900     1200    300     2000    200     300     600     0       600     300     0       0       400     700     900     100     
1640   1979 2500    1700    1500    100     300     1000    1000    0       0       0       100     200     300     600     100     200     400     400     200     
1640   1980 5200    1800    2700    1000    700     1200    2000    100     700     0       100     600     400     200     600     800     300     900     500     
1640   1981 4100    3100    2500    1200    1700    1000    600     400     300     700     400     600     200     200     600     500     0       100     100     
1640   1982 4400    1600    2600    1400    1300    1000    600     800     500     100     500     700     600     100     300     400     0       200     200     
1640   1983 5800    1600    2800    600     1000    2400    1200    400     0       800     0       200     200     1100    1100    200     300     700     800     
1640   1984 3300    2100    2600    1100    300     1800    700     0       300     0       300     0       900     200     700     500     100     100     200     
1640   1985 3100    600     1900    400     900     500     800     0       200     0       600     300     100     400     0       500     300     0       700     
1640   1986 2900    1200    1400    800     300     1000    1100    100     0       100     0       200     700     300     0       200     400     500     400     
1640   1987 4000    2200    1900    1200    900     900     600     500     300     100     800     0       100     300     500     200     0       400     800     
1640   1988 3800    1800    1700    1200    1100    600     800     200     200     200     700     200     400     0       200     200     500     100     900     
1640   1989 5900    3500    3000    2500    1400    1800    1100    1200    400     400     200     800     500     800     500     200     500     400     0       
1640   1990 6700    3100    3400    1000    2200    2300    1100    400     600     1200    300     700     200     1000    1100    100     500     500     100     
1640   1991 4900    1800    3200    100     1600    1900    1200    0       0       700     500     400     100     1000    800     400     300     500     200     
1640   1992 4400    2300    2600    1100    2000    800     500     400     500     400     400     1200    700     100     0       200     0       300     200     
1640   1993 4000    2500    1700    1400    1800    600     300     300     900     800     600     400     400     200     0       100     0       200     100     
1640   1994 3500    700     1400    300     800     600     1400    100     100     200     300     300     200     400     0       200     100     1100    500     
1640   1995 5900    2200    3700    900     1400    2400    1400    200     200     100     600     700     300     1000    1100    0       700     700     300     
1640   1996 4700    3200    2100    1700    700     1200    1300    1200    200     100     600     0       200     400     600     300     600     400     100     
1640   1997 7100    2600    3700    700     2400    2100    1400    500     100     900     900     600     300     700     1100    100     400     900     600     
1640   1998 6900    5500    2500    2800    2500    700     1200    500     1700    1400    600     500     300     100     300     700     200     300     300     
1640   1999 6900    1700    5100    800     2700    1600    2100    200     300     400     1200    1100    300     800     500     1200    500     400     0       
1640   2000 6500    3000    2900    1000    1900    1600    700     500     500     1100    100     700     400     500     700     500     0       200     1300    
1640   2001 5500    2000    3600    1600    1500    1800    1800    100     200     200     300     1000    600     600     600     500     1100    200     100     
1640   2002 6600    3200    3200    1100    2300    1400    1500    500     500     800     800     700     500     200     700     300     500     700     400     
1640   2003 6300    2500    4300    1100    1700    2000    1700    200     500     200     700     800     400     900     700     800     300     600     200     
1640   2004 6800    2300    4400    900     2100    2000    1600    300     400     500     800     800     900     100     1000    800     0       800     400     
1640   2005 6900    3100    3700    1400    2000    1800    1900    800     200     900     500     600     1000    600     200     800     700     400     200     
1640   2006 6800    2600    4500    1000    1500    2300    2000    300     500     500     300     700     800     1300    200     1200    500     300     200     
1640   2007 6600    2400    3400    1400    2100    800     2200    600     600     200     1200    700     600     100     100     700     600     900     300     
1640   2008 4700    2800    3100    1200    1400    1600    500     400     500     100     400     900     300     900     400     200     0       300     300     
1640   2009 6400    2400    3800    1600    2100    1500    1500    300     1000    500     900     700     800     300     400     700     700     100     0       
1640   2010 4800    1300    4000    200     1800    1400    1400    200     0       300     700     800     800     500     100     1100    200     100     0       
1640   2011 6400    1700    2900    900     2700    300     2400    200     700     500     1400    800     200     0       100     400     800     1200    100     
1640   2012 7300    5800    3000    2200    2700    1700    600     500     1600    1600    300     800     500     300     900     200     100     300     200     
1640   2013 5900    1200    3900    800     700     2400    1700    400     200     0       200     500     300     1400    700     800     800     100     500     
1640   2014 8200    2700    5900    1000    3500    2600    1600    100     400     800     1800    900     1200    1400    0       600     400     600     0       
1640   2015 3900    -999999 1900    -999999 1000    1000    1100    0       300     300     300     400     500     300     200     200     200     700     500     
1640   2016 6600    2700    4200    1300    1300    2600    1200    600     200     500     200     600     1200    700     700     800     300     100     700     
1640   2017 7400    3600    4100    2100    3400    1300    1000    700     700     1100    1200    1100    800     300     200     500     400     100     300     
1640   2018 6500    1100    4900    500     2200    2500    1000    100     100     100     1200    900     1100    700     700     300     400     300     600     
1640   2019 7000    3700    3900    2300    2200    1900    900     800     900     700     1200    300     400     1100    400     500     100     300     300     
1640   2020 8600    2700    4400    1800    2400    1800    2400    1000    500     500     800     1100    500     600     700     700     400     1300    500     
1640   2021 9800    4500    4300    1500    1700    2400    3900    300     700     1300    100     300     800     800     800     1500    1100    1300    800     
