EUROPEAN CLIMATE ASSESSMENT & DATASET (ECA&D), file created on: 20-01-2022
THESE DATA CAN BE USED FOR NON-COMMERCIAL RESEARCH AND EDUCATION PROVIDED THAT THE FOLLOWING SOURCE IS ACKNOWLEDGED: 

Klein Tank, A.M.G. and Coauthors, 2002. Daily dataset of 20th-century surface
air temperature and precipitation series for the European Climate Assessment.
Int. J. of Climatol., 22, 1441-1453.
Data and metadata available at http://www.ecad.eu

FILE FORMAT (MISSING VALUE CODE = -999999):

THIS FILE HOLDS DATA FOR STATION FINLAND                                  KAUHAVA AIRPORT                          (STAID:    717)
LATITUDE: dd:mm:ss +63:06:00
LONGITUDE: ddd:mm:ss +023:01:48
ELEVATION: m   42

DATA IS FOR INDEX Days with TN > 90th percentile of daily min temp (warm nights) (TN90p) with unit 0.01 No of days

01-06 SOUID: Source identifier
08-11 YEAR : YYYY
13-20 ANNUAL DATA VALUES
21-28 WINTER HALF YEAR DATA VALUES
29-36 SUMMER HALF YEAR DATA VALUES
37-44 WINTER (DJF) DATA VALUES
45-52 SPRING (MAM) DATA VALUES
53-60 SUMMER (JJA) DATA VALUES
61-68 AUTUMN (SON) DATA VALUES
69-76 JANUARY DATA VALUES
etc. 
157-164 DECEMBER DATA VALUES

717    1959 4000    -999999 2200    -999999 1700    900     800     0       300     400     800     500     300     300     300     0       300     500     300     
717    1960 4500    1900    3200    1100    1000    1900    400     700     100     0       500     500     100     1000    800     300     0       100     400     
717    1961 7300    1900    3500    1300    1200    2500    2400    200     700     500     200     500     1500    700     300     300     1500    600     300     
717    1962 2000    2900    500     800     400     100     1000    300     200     0       300     100     100     0       0       0       300     700     0       
717    1963 3600    1000    3100    0       1200    1100    1100    0       0       0       400     800     100     200     800     800     200     100     200     
717    1964 3800    1300    1700    1000    700     1000    700     800     0       0       300     400     300     100     600     0       600     100     600     
717    1965 3900    2500    2500    1500    800     1200    1000    900     0       300     500     0       300     0       900     800     100     100     0       
717    1966 2400    200     1500    0       900     600     600     0       0       0       500     400     300     300     0       0       100     500     300     
717    1967 5700    2400    2500    1000    1200    1500    2300    200     500     800     200     200     0       300     1200    600     800     900     0       
717    1968 2600    2100    1800    0       900     1000    600     0       0       400     400     100     500     300     200     300     0       300     100     
717    1969 1900    500     1000    200     300     400     1000    0       100     0       200     100     0       100     300     300     200     500     100     
717    1970 1500    800     1000    100     0       600     600     0       0       0       0       0       0       400     200     400     0       200     300     
717    1971 3000    1900    1200    1700    600     600     300     1100    300     0       200     400     100     200     300     0       0       300     100     
717    1972 6300    1000    3800    500     500     3300    400     200     200     200     100     200     1000    1400    900     200     100     100     1700    
717    1973 3600    3800    1400    3100    1200    700     100     800     600     500     300     400     500     200     0       0       100     0       200     
717    1974 3900    1300    1600    1100    200     600     900     0       900     100     100     0       300     100     200     900     0       0       1300    
717    1975 5100    3500    2000    3000    1300    600     1300    1100    600     500     200     600     200     200     200     600     200     500     200     
717    1976 2300    1300    700     600     400     200     600     100     300     0       100     300     0       200     0       100     0       500     700     
717    1977 3900    2400    1400    900     1200    1000    1000    200     0       1000    0       200     100     400     500     200     400     400     500     
717    1978 3400    3000    1300    1200    1300    900     500     600     100     1000    0       300     600     200     100     100     0       400     0       
717    1979 3300    700     2100    100     1100    1200    300     0       100     200     400     500     300     400     500     0       0       300     600     
717    1980 1300    900     1300    600     200     900     200     0       0       0       200     0       700     100     100     200     0       0       0       
717    1981 2900    500     2100    500     700     900     800     400     100     0       200     500     200     600     100     500     300     0       0       
717    1982 2900    1000    1000    100     1000    400     800     0       100     600     300     100     100     200     100     200     100     500     600     
717    1983 4900    2300    3400    1300    2200    600     1100    600     100     400     900     900     200     200     200     1000    100     0       300     
717    1984 4100    800     2000    700     1400    600     900     300     100     0       600     800     100     300     200     0       700     200     800     
717    1985 1900    1800    1400    800     200     1100    500     0       0       100     0       100     200     100     800     200     300     0       100     
717    1986 4300    1500    1700    300     2000    600     1300    200     0       900     400     700     300     200     100     0       300     1000    200     
717    1987 1700    1800    300     200     400     200     1100    0       0       300     0       100     0       100     100     0       900     200     0       
717    1988 5400    2600    3200    1500    600     1800    1500    700     800     0       300     300     700     1000    100     800     500     200     0       
717    1989 8500    4000    4100    2200    2900    1400    1700    1300    900     1100    1500    300     500     300     600     900     200     600     300     
717    1990 5800    3800    1800    2300    1600    900     400     200     1800    700     800     100     200     300     400     0       400     0       900     
717    1991 5800    2400    2600    1700    1500    1400    1400    400     400     300     1100    100     0       600     800     0       700     700     700     
717    1992 5400    4000    2300    1700    1800    1000    400     300     700     900     200     700     400     200     400     400     0       0       1200    
717    1993 4800    2800    2700    2500    2100    900     0       700     600     300     700     1100    100     500     300     0       0       0       500     
717    1994 3400    900     1800    600     1000    1100    400     100     0       300     700     0       100     300     700     0       300     100     800     
717    1995 5600    3100    2800    2300    1400    1600    1100    400     1100    400     700     300     1300    100     200     200     800     100     0       
717    1996 1900    1400    600     500     100     300     700     400     100     0       100     0       100     0       200     200     200     300     300     
717    1997 5100    2300    3100    1000    1100    2200    700     200     500     800     0       300     300     1100    800     600     0       100     400     
717    1998 5300    2000    2800    1800    600     1400    1500    900     500     100     400     100     600     500     300     900     500     100     400     
717    1999 6600    2500    3900    1500    1600    2100    1500    900     200     400     1100    100     1100    800     200     600     200     700     300     
717    2000 9200    2500    3500    1400    1400    2100    3000    400     700     200     400     800     800     900     400     200     1700    1100    1600    
717    2001 5800    5100    3800    2300    1200    1900    1800    500     200     0       1100    100     300     1300    300     700     1000    100     200     
717    2002 6400    3300    4400    1900    1700    2500    500     900     800     300     900     500     500     1500    500     500     0       0       0       
717    2003 6100    900     3900    400     1600    2500    1000    200     200     500     200     900     0       1700    800     300     100     600     600     
717    2004 5900    2000    4000    900     1600    2000    1500    0       300     400     300     900     0       700     1300    800     400     300     500     
717    2005 7200    2700    3300    1800    1100    1600    3100    1000    300     200     400     500     400     300     900     800     1000    1300    100     
717    2006 7500    3000    3100    700     500     1800    2700    500     100     0       100     400     400     500     900     800     600     1300    1900    
717    2007 6300    5000    2700    2600    1600    1300    1500    600     100     500     400     700     0       600     700     300     1000    200     1200    
717    2008 6500    5200    1800    3300    1600    900     1100    1000    1100    700     500     400     100     200     600     0       600     500     800     
717    2009 6000    2700    3400    1300    1100    1800    2300    500     0       300     200     600     500     500     800     800     0       1500    300     
717    2010 5500    2200    4800    400     1800    2800    800     0       100     300     500     1000    200     1600    1000    500     300     0       0       
717    2011 9800    900     6000    400     1500    3300    3200    400     0       200     1000    300     800     1500    1000    1400    600     1200    1400    
717    2012 5800    4200    3500    1800    2000    1500    1800    300     100     600     900     500     0       800     700     600     100     1100    100     
717    2013 9800    2900    5600    1700    2100    2900    1600    800     800     0       600     1500    1300    700     900     600     500     500     1600    
717    2014 9500    6900    3900    4500    2700    2400    800     900     2000    1400    600     700     600     800     1000    200     300     300     700     
717    2015 9500    4700    3100    3500    2100    1000    2400    1500    1300    600     800     700     0       300     700     600     400     1400    1200    
717    2016 6700    4600    4100    2200    1900    2000    1400    200     800     600     600     700     800     800     400     800     100     500     400     
717    2017 5300    3400    1700    2000    1200    1100    500     900     700     800     300     100     400     200     500     200     0       300     900     
717    2018 7600    2100    4800    1700    1100    2900    2600    600     200     100     400     600     300     1400    1200    900     400     1300    200     
717    2019 7200    3600    3600    1100    1800    2100    1100    100     800     800     600     400     800     200     1100    500     200     400     1300    
717    2020 9400    5800    2400    4500    900     1800    2700    1800    1400    700     100     100     900     500     400     400     1000    1300    800     
717    2021 6900    4500    3300    1400    1600    2400    2100    400     200     800     200     600     1000    1000    400     100     1400    600     200     
