EUROPEAN CLIMATE ASSESSMENT & DATASET (ECA&D), file created on: 20-01-2022
THESE DATA CAN BE USED FOR NON-COMMERCIAL RESEARCH AND EDUCATION PROVIDED THAT THE FOLLOWING SOURCE IS ACKNOWLEDGED: 

Klein Tank, A.M.G. and Coauthors, 2002. Daily dataset of 20th-century surface
air temperature and precipitation series for the European Climate Assessment.
Int. J. of Climatol., 22, 1441-1453.
Data and metadata available at http://www.ecad.eu

FILE FORMAT (MISSING VALUE CODE = -999999):

THIS FILE HOLDS DATA FOR STATION SWEDEN                                   KLIMPFJALL                               (STAID:   5753)
LATITUDE: dd:mm:ss +65:03:36
LONGITUDE: ddd:mm:ss +014:47:24
ELEVATION: m  594

DATA IS FOR INDEX Days with TN > 90th percentile of daily min temp (warm nights) (TN90p) with unit 0.01 No of days

01-06 SOUID: Source identifier
08-11 YEAR : YYYY
13-20 ANNUAL DATA VALUES
21-28 WINTER HALF YEAR DATA VALUES
29-36 SUMMER HALF YEAR DATA VALUES
37-44 WINTER (DJF) DATA VALUES
45-52 SPRING (MAM) DATA VALUES
53-60 SUMMER (JJA) DATA VALUES
61-68 AUTUMN (SON) DATA VALUES
69-76 JANUARY DATA VALUES
etc. 
157-164 DECEMBER DATA VALUES

5753   1945 4500    -999999 2600    -999999 1200    1800    1200    0       100     600     500     100     200     800     800     200     100     900     200     
5753   1946 3400    2000    1600    800     500     1100    700     600     0       200     100     200     500     400     200     200     200     300     500     
5753   1947 2100    1400    1500    900     400     1100    0       400     0       0       100     300     600     400     100     0       0       0       200     
5753   1948 3400    1100    1300    200     1900    300     600     0       0       900     700     300     100     200     0       0       0       600     600     
5753   1949 3800    2500    1900    1600    1300    400     1100    400     600     300     500     500     200     0       200     500     100     500     0       
5753   1950 2900    1600    1300    600     900     700     300     500     100     400     200     300     200     0       500     100     200     0       400     
5753   1951 2900    900     1700    400     300     1100    1000    0       0       300     0       0       0       0       1100    600     200     200     500     
5753   1952 1200    1200    800     800     500     300     100     100     200     0       200     300     0       300     0       0       0       100     0       
5753   1953 7600    2200    4300    600     2600    3200    800     400     200     1500    700     400     1900    200     1100    0       700     100     400     
5753   1954 3600    2100    2000    900     1400    900     400     200     300     400     100     900     400     400     100     100     0       300     -999999 
5753   1955 2200    -999999 1100    -999999 300     400     1200    300     0       100     200     0       0       100     300     500     200     500     0       
5753   1956 3100    1500    2000    400     900     1000    500     400     0       400     200     300     400     600     0       500     0       0       300     
5753   1957 5100    1300    2300    900     1100    1500    1100    500     100     400     600     100     0       1500    0       100     0       1000    800     
5753   1958 3800    2300    1500    1300    0       900     2400    200     300     0       0       0       100     300     500     600     600     1200    0       
5753   1959 6000    4300    2300    1300    2300    1200    800     300     1000    1200    700     400     500     200     500     0       400     400     400     
5753   1960 4600    1600    4000    800     900     2100    -999999 100     300     0       200     700     800     900     400     1000    -999999 0       200     
5753   1961 6100    -999999 2100    1400    900     1200    2500    300     900     700     200     0       600     500     100     700     1300    500     300     
5753   1962 2400    2900    100     1100    100     0       900     400     400     0       100     0       0       0       0       0       900     0       600     
5753   1963 4700    2400    3300    1100    2300    800     700     400     100     400     500     1400    200     0       600     600     100     0       400     
5753   1964 5200    2400    1800    2100    1000    1000    900     1500    200     200     500     300     200     200     600     0       600     300     600     
5753   1965 3900    2700    1900    1300    800     600     1800    0       700     500     200     100     200     100     300     1000    800     0       0       
5753   1966 3300    1200    2700    0       1500    1500    100     0       0       400     300     800     900     500     100     100     0       0       200     
5753   1967 3600    1400    1700    800     900     800     1300    300     300     600     200     100     200     100     500     600     100     600     0       
5753   1968 4000    1500    1700    400     1000    700     1100    100     300     400     600     0       200     300     200     400     0       700     800     
5753   1969 2800    1700    1800    900     300     1600    400     100     0       100     200     0       500     400     700     0       400     0       400     
5753   1970 3900    1000    1900    600     500     1200    1000    100     100     0       100     400     700     400     100     200     300     500     1000    
5753   1971 4100    2900    1500    1900    700     900     900     600     300     200     100     400     100     200     600     100     400     400     700     
5753   1972 5800    2300    3100    900     1100    2500    700     100     100     600     300     200     900     1100    500     100     300     300     1300    
5753   1973 4200    4100    1600    2800    700     1600    300     1400    100     700     0       0       300     1100    200     0       100     200     100     
5753   1974 3900    1200    2800    600     1400    1000    700     300     200     300     700     400     200     400     400     700     0       0       300     
5753   1975 4200    2400    1300    2100    500     800     1100    600     1200    300     0       200     0       500     300     300     300     500     0       
5753   1976 2100    1200    1300    300     1000    400     300     100     200     100     300     600     100     100     200     0       0       300     100     
5753   1977 3300    1600    700     200     1300    300     1200    100     0       1100    0       200     100     0       200     200     500     500     400     
5753   1978 2800    2200    1500    1100    600     800     700     600     100     100     300     200     100     500     200     200     0       500     0       
5753   1979 2000    1000    1400    0       600     1200    200     0       0       500     100     0       300     300     600     100     0       100     0       
5753   1980 4900    400     4400    200     1100    2700    900     100     100     100     400     600     1300    500     900     700     0       200     0       
5753   1981 2900    700     2000    500     900     700     700     400     100     0       500     400     200     400     100     400     300     0       100     
5753   1982 3900    1900    1300    700     1300    500     800     300     300     900     400     0       0       400     100     400     300     100     700     
5753   1983 5100    2200    3600    1600    2100    600     1300    400     500     200     900     1000    100     300     200     1100    100     100     200     
5753   1984 4900    800     3400    600     1900    1200    1300    0       400     0       700     1200    300     100     800     300     700     300     100     
5753   1985 1700    1400    1200    400     100     1100    200     200     100     0       0       100     400     100     600     0       200     0       0       
5753   1986 3400    700     1800    200     700     1400    1000    0       200     300     100     300     1100    300     0       0       200     800     100     
5753   1987 1900    1300    400     200     500     0       1100    0       100     100     400     0       0       0       0       0       600     500     200     
5753   1988 3000    1800    1600    600     400     1000    1000    100     300     100     300     0       0       900     100     300     200     500     200     
5753   1989 3800    2200    1300    1500    700     200     1000    900     400     0       400     300     0       100     100     400     0       600     600     
5753   1990 5300    3000    2000    1700    1600    900     1000    0       1100    700     500     400     0       100     800     200     400     400     700     
5753   1991 4000    2500    1900    1200    1400    900     700     500     0       500     900     0       0       400     500     100     200     400     500     
5753   1992 3800    3300    1200    1800    1200    500     400     1000    300     900     0       300     400     100     0       400     0       0       400     
5753   1993 2300    1600    700     1100    1200    0       400     200     500     500     400     300     0       0       0       0       100     300     0       
5753   1994 2300    500     1200    0       800     500     500     0       0       100     600     100     0       300     200     0       0       500     500     
5753   1995 -999999 1800    1100    1000    500     600     -999999 100     400     300     100     100     100     200     300     300     500     -999999 -999999 
