EUROPEAN CLIMATE ASSESSMENT & DATASET (ECA&D), file created on: 20-01-2022
THESE DATA CAN BE USED FOR NON-COMMERCIAL RESEARCH AND EDUCATION PROVIDED THAT THE FOLLOWING SOURCE IS ACKNOWLEDGED: 

Klein Tank, A.M.G. and Coauthors, 2002. Daily dataset of 20th-century surface
air temperature and precipitation series for the European Climate Assessment.
Int. J. of Climatol., 22, 1441-1453.
Data and metadata available at http://www.ecad.eu

FILE FORMAT (MISSING VALUE CODE = -999999):

THIS FILE HOLDS DATA FOR STATION RUSSIAN FEDERATION                       SIDOROVSK                                (STAID:   8073)
LATITUDE: dd:mm:ss +66:35:59
LONGITUDE: ddd:mm:ss +082:18:00
ELEVATION: m   34

DATA IS FOR INDEX Days with TN > 90th percentile of daily min temp (warm nights) (TN90p) with unit 0.01 No of days

01-06 SOUID: Source identifier
08-11 YEAR : YYYY
13-20 ANNUAL DATA VALUES
21-28 WINTER HALF YEAR DATA VALUES
29-36 SUMMER HALF YEAR DATA VALUES
37-44 WINTER (DJF) DATA VALUES
45-52 SPRING (MAM) DATA VALUES
53-60 SUMMER (JJA) DATA VALUES
61-68 AUTUMN (SON) DATA VALUES
69-76 JANUARY DATA VALUES
etc. 
157-164 DECEMBER DATA VALUES

8073   1959 3700    -999999 1700    -999999 800     900     1400    300     200     600     0       200     500     100     300     600     0       800     100     
8073   1960 2600    900     2100    100     900     600     700     0       0       0       100     800     600     0       0       600     100     0       400     
8073   1961 3400    2700    1000    800     2200    200     600     100     300     1800    200     200     0       0       200     400     100     100     0       
8073   1962 6800    2500    3600    1700    1800    2100    900     1000    700     600     600     600     700     900     500     300     200     400     300     
8073   1963 3500    1500    1900    800     600     1100    1300    300     200     100     300     200     200     300     600     300     600     400     0       
8073   1964 4200    1400    3000    400     900     800     1900    100     300     0       300     600     100     500     200     1300    600     0       200     
8073   1965 3400    1700    2100    900     800     1000    800     600     100     200     400     200     0       600     400     500     300     0       100     
8073   1966 1100    500     700     200     100     400     300     100     0       0       0       100     300     0       100     200     0       100     200     
8073   1967 6500    1400    3400    700     1600    2100    1700    400     100     600     800     200     400     1200    500     300     1200    200     600     
8073   1968 2700    3700    800     1400    1300    400     200     100     700     900     100     300     0       200     200     0       200     0       0       
8073   1969 3400    300     1800    0       700     1200    1100    0       0       100     0       600     400     800     0       0       0       1100    400     
8073   1970 2800    2400    1100    1200    400     500     1100    600     200     100     300     0       100     400     0       300     600     200     0       
8073   1971 4300    1200    1900    400     600     1000    1700    400     0       0       0       600     200     100     700     300     200     1200    600     
8073   1972 3100    2700    1800    1200    500     1400    400     100     500     100     400     0       900     300     200     0       300     100     200     
8073   1973 3900    1600    1700    800     1000    1000    1000    0       600     400     400     200     100     200     700     100     400     500     300     
8073   1974 1600    1200    500     300     500     0       100     0       0       0       400     100     0       0       0       0       100     0       1000    
8073   1975 4600    2000    2800    1900    1200    800     1300    700     200     0       600     600     100     500     200     800     100     400     400     
8073   1976 2700    1600    1300    1000    600     700     700     300     300     100     300     200     400     100     200     100     0       600     100     
8073   1977 -999999 -999999 -999999 -999999 -999999 -999999 -999999 -999999 -999999 -999999 -999999 -999999 -999999 -999999 -999999 -999999 -999999 -999999 -999999 
8073   1978 2800    -999999 500     -999999 700     200     1500    200     0       400     100     200     100     100     0       0       900     600     200     
8073   1979 2600    1700    2300    200     200     1500    800     0       0       0       100     100     400     500     600     600     0       200     100     
8073   1980 3500    700     2500    400     1200    1000    800     0       300     100     700     400     300     100     600     400     300     100     200     
8073   1981 5900    2500    2500    1800    900     1200    1300    1300    300     300     400     200     300     0       900     700     100     500     900     
8073   1982 3800    2200    2400    1600    1400    900     100     500     200     0       900     500     500     300     100     100     0       0       700     
8073   1983 5000    2400    1300    2200    300     900     1700    900     600     200     0       100     700     0       200     300     1000    400     600     
8073   1984 5800    3600    3400    1900    900     2000    1100    1100    200     300     200     400     800     1000    200     800     300     0       500     
8073   1985 4500    1000    3100    700     900     1600    1400    100     100     0       600     300     1300    0       300     600     400     400     400     
8073   1986 5500    1900    2300    800     1100    1300    2200    0       400     300     200     600     300     500     500     200     300     1700    500     
8073   1987 2400    3100    1200    1100    700     300     700     400     200     0       100     600     0       100     200     200     500     0       100     
8073   1988 4000    1100    1700    400     500     900     1300    0       300     200     0       300     400     100     400     500     400     400     1000    
8073   1989 4300    3600    1500    2000    1400    900     700     300     700     800     0       600     0       500     400     0       500     200     300     
8073   1990 3800    2400    2300    900     1900    1200    0       0       600     800     900     200     500     600     100     0       0       0       100     
8073   1991 5400    700     2800    700     1000    1100    2300    400     200     0       400     600     500     400     200     700     600     1000    400     
8073   1992 4600    3500    2600    1400    1400    1700    0       0       1000    500     0       900     100     500     1100    0       0       0       500     
8073   1993 -999999 -999999 -999999 2400    -999999 1500    -999999 1300    600     -999999 100     400     800     200     500     -999999 -999999 500     500     
8073   1994 5300    -999999 2700    800     1500    2000    1100    300     0       1000    400     100     900     600     500     200     600     300     400     
8073   1995 6000    4900    2100    2900    2600    600     300     1100    1400    1100    1200    300     0       0       600     0       200     100     0       
8073   1996 -999999 1100    800     700     400     500     -999999 100     600     100     0       300     100     400     0       0       400     -999999 -999999 
