EUROPEAN CLIMATE ASSESSMENT & DATASET (ECA&D), file created on: 20-01-2022
THESE DATA CAN BE USED FOR NON-COMMERCIAL RESEARCH AND EDUCATION PROVIDED THAT THE FOLLOWING SOURCE IS ACKNOWLEDGED: 

Klein Tank, A.M.G. and Coauthors, 2002. Daily dataset of 20th-century surface
air temperature and precipitation series for the European Climate Assessment.
Int. J. of Climatol., 22, 1441-1453.
Data and metadata available at http://www.ecad.eu

FILE FORMAT (MISSING VALUE CODE = -999999):

THIS FILE HOLDS DATA FOR STATION GERMANY                                  ALDERSBACH-KRIESTORF                     (STAID:   4926)
LATITUDE: dd:mm:ss +48:37:00
LONGITUDE: ddd:mm:ss +013:03:07
ELEVATION: m  340

DATA IS FOR INDEX Days with TN > 90th percentile of daily min temp (warm nights) (TN90p) with unit 0.01 No of days

01-06 SOUID: Source identifier
08-11 YEAR : YYYY
13-20 ANNUAL DATA VALUES
21-28 WINTER HALF YEAR DATA VALUES
29-36 SUMMER HALF YEAR DATA VALUES
37-44 WINTER (DJF) DATA VALUES
45-52 SPRING (MAM) DATA VALUES
53-60 SUMMER (JJA) DATA VALUES
61-68 AUTUMN (SON) DATA VALUES
69-76 JANUARY DATA VALUES
etc. 
157-164 DECEMBER DATA VALUES

4926   1959 -999999 -999999 1300    -999999 1200    500     100     -999999 -999999 500     500     200     100     400     0       100     0       0       300     
4926   1960 2900    1300    1200    800     1000    700     500     300     200     500     300     200     200     0       500     0       200     300     200     
4926   1961 4000    2000    1700    900     1600    500     500     100     600     600     900     100     300     0       200     200     300     0       700     
4926   1962 1600    1500    700     1100    700     100     400     300     100     100     300     300     0       0       100     0       100     300     0       
4926   1963 2300    400     1600    0       1000    400     900     0       0       0       600     400     300     0       100     200     0       700     0       
4926   1964 3600    1000    1900    300     700     1000    1600    0       300     0       500     200     700     200     100     200     200     1200    0       
4926   1965 1700    1900    700     300     400     500     200     300     0       200     0       200     200     300     0       0       100     100     300     
4926   1966 4500    2000    1500    1400    1200    300     1700    200     900     400     800     0       100     100     100     400     1200    100     200     
4926   1967 3500    3000    1300    1100    700     1100    600     500     400     600     100     0       200     700     200     100     500     0       200     
4926   1968 2600    1200    1100    600     400     700     1100    100     300     100     0       300     400     300     0       100     500     500     0       
4926   1969 2300    1500    1200    200     900     400     800     200     0       300     200     400     100     200     100     200     200     400     0       
4926   1970 3000    1100    1400    300     500     700     1200    0       300     200     200     100     600     0       100     400     400     400     300     
4926   1971 2200    1300    1000    400     700     400     300     100     0       100     100     500     200     0       200     0       100     200     700     
4926   1972 2500    1800    1500    1300    1100    600     200     100     500     200     700     200     200     200     200     0       100     100     0       
4926   1973 1000    200     1000    0       400     500     100     0       0       0       100     300     200     200     100     100     0       0       0       
4926   1974 4400    2200    700     1600    700     500     400     700     900     600     100     0       0       0       500     100     0       300     1200    
4926   1975 3100    2500    1700    2000    800     500     1000    600     200     200     400     200     200     200     100     600     200     200     0       
4926   1976 3100    1800    900     1400    100     500     1000    1400    0       0       0       100     100     400     0       300     500     200     100     
4926   1977 4400    2300    2100    1000    1400    700     1100    200     700     600     500     300     300     0       400     600     300     200     300     
4926   1978 1000    1100    400     400     300     100     200     100     0       200     0       100     100     0       0       200     0       0       300     
4926   1979 -999999 900     -999999 500     -999999 -999999 300     0       200     400     0       -999999 -999999 -999999 -999999 100     100     100     600     
4926   1980 3300    1700    2000    1000    600     1500    500     100     300     500     100     0       600     100     800     400     100     0       300     
4926   1981 5700    2300    2700    800     2100    1400    1600    300     200     1400    400     300     800     200     400     600     500     500     100     
4926   1982 5900    1400    3400    200     900     2100    2200    100     0       200     100     600     500     900     700     600     600     1000    600     
4926   1983 4800    3800    2800    1800    1300    1800    500     1200    0       400     500     400     200     1300    300     100     100     300     0       
4926   1984 2500    800     1000    300     300     600     1200    300     0       100     0       200     100     200     300     200     400     600     100     
4926   1985 3700    1300    2400    300     1100    1100    800     0       200     0       100     1000    200     600     300     200     400     200     500     
4926   1986 6200    2100    4100    1500    1500    2100    1200    900     100     0       400     1100    1000    200     900     500     300     400     400     
4926   1987 6500    1700    4200    700     800     1900    2800    200     100     300     300     200     300     1100    500     1800    500     500     700     
4926   1988 7600    3000    3600    1700    1700    1700    2100    800     200     300     700     700     300     500     900     500     1300    300     1100    
4926   1989 8600    5400    4400    2600    2400    2500    1400    500     1000    1200    700     500     0       1200    1300    700     300     400     800     
4926   1990 4300    3000    1800    1500    1500    900     1200    300     400     800     0       700     300     200     400     200     500     500     0       
4926   1991 5000    2700    3000    500     1500    2400    500     500     0       1200    100     200     600     1000    800     300     100     100     100     
4926   1992 6800    2400    3800    1700    1100    2900    1000    1000    600     500     300     300     800     600     1500    300     300     400     200     
4926   1993 5800    2400    3500    1100    2400    1500    500     900     0       600     1000    800     900     300     300     200     0       300     500     
4926   1994 12000   4600    5200    2600    2700    3100    3200    1500    600     1700    500     500     800     1200    1100    1100    300     1800    900     
4926   1995 7500    4800    3600    2500    1400    2300    2000    500     1100    200     900     300     200     1600    500     100     1600    300     200     
4926   1996 4400    2500    2900    500     1100    1700    1200    100     200     100     500     500     1000    300     400     200     600     400     100     
4926   1997 5100    2500    2200    800     1500    1000    1300    0       700     700     200     600     600     100     300     400     500     400     600     
4926   1998 7800    4100    4300    2300    2200    2300    1400    600     1100    900     900     400     900     900     500     700     600     100     200     
4926   1999 7700    2400    5100    800     2600    2500    1800    400     200     900     300     1400    1000    900     600     900     500     400     200     
4926   2000 9600    2800    4800    1200    2900    2300    2000    300     700     700     1000    1200    1100    500     700     300     1400    300     1400    
4926   2001 6700    5200    2800    2100    2400    1600    1800    300     400     1400    200     800     200     400     1000    200     1100    500     200     
4926   2002 9100    4400    4700    2100    2200    2700    1700    500     1400    700     500     1000    1100    600     1000    500     300     900     600     
4926   2003 8500    2500    6400    1000    2400    4100    1200    400     0       300     400     1700    2000    600     1500    200     200     800     400     
4926   2004 5000    2500    2300    1200    1000    1300    1800    300     500     300     500     200     600     500     200     300     1000    500     100     
4926   2005 8100    3300    5500    1300    2400    2600    1900    900     300     500     1000    900     1100    900     600     1000    600     300     0       
4926   2006 9200    1300    6200    100     2100    3700    2700    0       100     300     1100    700     1400    1900    400     700     900     1100    600     
4926   2007 7300    6500    2300    3700    1700    1400    300     1700    1400    800     200     700     800     500     100     0       200     100     800     
4926   2008 5400    2900    2700    2100    1500    1200    1200    600     700     500     200     800     1100    0       100     500     200     500     200     
4926   2009 4800    1300    3100    300     1700    1200    1500    0       100     300     500     900     200     700     300     500     500     500     300     
4926   2010 4200    2200    2700    500     1300    2100    600     0       200     700     0       600     800     900     400     0       100     500     0       
4926   2011 4800    1600    2700    700     900     1800    1000    600     100     300     500     100     700     200     900     300     400     300     400     
4926   2012 7400    3200    4200    1900    2100    2500    1200    1200    300     600     600     900     900     1000    600     200     400     600     100     
4926   2013 6100    2400    3600    1100    1800    2000    1000    900     100     300     600     900     700     800     500     100     500     400     300     
4926   2014 6400    2400    2200    1100    1300    1000    2200    500     300     400     200     700     300     500     200     300     1000    900     1100    
4926   2015 6500    3700    4200    1700    900     3200    1100    400     200     100     200     600     1000    1200    1000    200     200     700     700     
4926   2016 4900    3400    2400    2300    700     1300    1100    700     900     200     100     400     500     700     100     600     200     300     200     
4926   2017 5700    2200    2900    700     1400    2500    900     100     400     1000    100     300     800     600     1100    0       600     300     400     
4926   2018 8600    2500    5800    1500    2600    2700    1500    1100    0       100     1000    1500    1300    400     1000    600     200     700     700     
4926   2019 5800    2500    3400    800     900     3000    900     100     0       800     100     0       900     800     1300    300     600     0       900     
4926   2020 5600    3500    2000    2500    800     1500    1300    200     1400    400     300     100     500     100     900     100     500     700     400     
4926   2021 4200    2300    2500    1100    200     1900    800     100     600     0       100     100     1300    300     300     400     100     300     600     
