EUROPEAN CLIMATE ASSESSMENT & DATASET (ECA&D), file created on: 20-01-2022
THESE DATA CAN BE USED FOR NON-COMMERCIAL RESEARCH AND EDUCATION PROVIDED THAT THE FOLLOWING SOURCE IS ACKNOWLEDGED: 

Klein Tank, A.M.G. and Coauthors, 2002. Daily dataset of 20th-century surface
air temperature and precipitation series for the European Climate Assessment.
Int. J. of Climatol., 22, 1441-1453.
Data and metadata available at http://www.ecad.eu

FILE FORMAT (MISSING VALUE CODE = -999999):

THIS FILE HOLDS DATA FOR STATION ITALY                                    MILANO/LINATE                            (STAID:    936)
LATITUDE: dd:mm:ss +45:25:59
LONGITUDE: ddd:mm:ss +009:16:59
ELEVATION: m  102

DATA IS FOR INDEX Days with TN > 90th percentile of daily min temp (warm nights) (TN90p) with unit 0.01 No of days

01-06 SOUID: Source identifier
08-11 YEAR : YYYY
13-20 ANNUAL DATA VALUES
21-28 WINTER HALF YEAR DATA VALUES
29-36 SUMMER HALF YEAR DATA VALUES
37-44 WINTER (DJF) DATA VALUES
45-52 SPRING (MAM) DATA VALUES
53-60 SUMMER (JJA) DATA VALUES
61-68 AUTUMN (SON) DATA VALUES
69-76 JANUARY DATA VALUES
etc. 
157-164 DECEMBER DATA VALUES

936    1951 4200    -999999 1600    -999999 600     600     1200    1200    600     200     100     300     500     0       100     600     100     500     0       
936    1952 4800    600     4300    0       1900    2200    600     0       0       0       1300    600     900     1000    300     200     200     200     100     
936    1953 5200    500     2100    100     1400    500     1200    0       0       0       700     700     100     400     0       200     900     100     2100    
936    1954 3600    3800    2100    2200    1400    800     800     100     0       600     600     200     500     300     0       500     100     200     500     
936    1955 3500    2500    1100    2100    600     500     500     1200    400     100     200     300     400     100     0       100     0       400     300     
936    1956 2600    1200    1400    700     900     600     200     300     100     100     300     500     100     200     300     0       100     100     500     
936    1957 3100    2200    900     1100    1100    700     400     0       600     900     200     0       400     300     0       0       100     300     300     
936    1958 4900    1500    2500    1100    700     1300    1500    0       800     0       0       700     200     200     900     500     200     800     600     
936    1959 4700    3100    2000    1100    1600    1000    1100    300     200     1000    500     100     400     500     100     400     0       700     500     
936    1960 4400    2100    2000    700     2000    700     400     100     100     700     300     1000    500     0       200     0       0       400     1100    
936    1961 4000    1700    2100    1100    1700    500     1300    0       0       200     1400    100     300     100     100     100     500     700     500     
936    1962 2700    2200    1800    1000    100     1200    900     500     0       0       0       100     600     0       600     500     0       400     0       
936    1963 2200    600     700     200     400     300     1100    200     0       0       300     100     300     0       0       0       0       1100    200     
936    1964 3600    1700    2000    400     1100    900     500     0       200     200     600     300     600     300     0       200     200     100     900     
936    1965 1300    1700    200     1200    300     100     200     200     100     200     0       100     100     0       0       0       0       200     400     
936    1966 4200    2300    1600    2000    800     500     1300    0       1600    100     300     400     400     0       100     400     900     0       0       
936    1967 3300    1800    1400    200     1300    700     1000    0       200     700     100     500     0       500     200     100     500     400     100     
936    1968 2600    1400    1200    400     700     600     800     100     200     100     300     300     100     500     0       0       200     600     200     
936    1969 1900    1400    1100    200     1100    400     400     0       0       400     400     300     0       300     100     0       0       400     0       
936    1970 2300    900     1200    200     500     500     1000    200     0       300     200     0       300     100     100     500     300     200     100     
936    1971 2300    800     1500    300     600     900     500     100     100     0       100     500     0       400     500     0       0       500     100     
936    1972 3500    3200    500     2200    600     400     100     700     1400    500     100     0       0       100     300     0       0       100     300     
936    1973 3100    1100    2000    900     800     1100    200     500     100     100     0       700     300     200     600     200     0       0       400     
936    1974 6400    4200    1600    3400    1100    1100    800     1600    1400    800     100     200     200     300     600     200     0       600     400     
936    1975 4100    3100    1400    1900    900     400     1000    1300    200     600     100     200     100     200     100     700     100     200     300     
936    1976 2000    900     1200    600     100     700     800     0       300     0       0       100     600     100     0       400     400     0       100     
936    1977 4200    2100    400     1200    800     100     1900    300     800     500     200     100     0       100     0       0       1400    500     300     
936    1978 1900    3400    300     800     700     300     0       500     0       700     0       0       200     0       100     0       0       0       400     
936    1979 3300    1500    1300    1100    700     1000    400     0       700     400     0       300     600     200     200     0       300     100     500     
936    1980 1300    1200    700     700     100     700     200     200     0       100     0       0       0       0       700     0       0       200     100     
936    1981 4200    1000    2800    100     1500    1200    1500    0       0       700     800     0       1100    0       100     800     600     100     0       
936    1982 5400    1000    3200    300     400     2300    1600    200     100     0       0       400     1100    1000    200     500     100     1000    800     
936    1983 4400    2700    3200    1400    700     2200    800     600     0       200     500     0       400     1500    300     500     200     100     100     
936    1984 1900    700     300     400     100     100     800     100     200     0       100     0       0       100     0       100     300     400     600     
936    1985 4200    2000    2400    700     900     1900    400     0       100     600     100     200     600     900     400     200     200     0       900     
936    1986 6100    1500    4600    1100    2800    1700    1300    200     0       200     800     1800    700     200     800     300     200     800     100     
936    1987 6300    1400    4200    100     700     1900    3000    0       0       300     300     100     200     1000    700     1900    900     200     700     
936    1988 6800    3800    3300    2400    1800    1600    1500    1500    200     300     500     1000    100     500     1000    200     1300    0       200     
936    1989 4600    -999999 1600    1400    1700    600     400     500     700     700     400     600     0       200     400     0       0       400     700     
936    1990 10200   3300    6300    2200    2500    2600    3600    500     1000    700     200     1600    500     1000    1100    1900    1400    300     0       
936    1991 7000    3800    4500    600     1700    3300    1400    600     0       1500    200     0       800     900     1600    1000    200     200     0       
936    1992 8100    1200    5800    600     2200    3100    1400    300     300     200     700     1300    600     900     1600    700     100     600     800     
936    1993 5300    2800    2700    1700    1200    1700    900     800     100     400     200     600     1000    100     600     200     200     500     600     
936    1994 9900    4200    4200    2500    2400    2300    2300    1100    800     1000    400     1000    500     1000    800     500     200     1600    1000    
936    1995 7100    3800    3900    1800    1400    2700    1200    200     600     200     600     600     600     1700    400     0       700     500     1000    
936    1996 7400    4300    3200    2600    1600    2100    800     1500    100     500     500     600     1300    200     600     0       0       800     1300    
936    1997 10300   4600    5400    3100    1800    3200    2800    1200    600     700     300     800     1100    400     1700    1100    800     900     700     
936    1998 10100   5000    7000    2800    2400    4100    1200    1300    800     500     800     1100    1500    900     1700    1000    200     0       300     
936    1999 9400    1700    6400    1100    3000    3100    1900    700     100     400     500     2100    700     1000    1400    700     700     500     600     
936    2000 14200   4200    8800    2300    4900    3900    2200    1000    700     700     1500    2700    2100    600     1200    700     900     600     1500    
936    2001 15200   8000    7900    4600    4900    4900    2100    1600    1500    1900    800     2200    1500    1200    2200    0       1800    300     200     
936    2002 14700   6200    6900    1900    4500    4300    2300    500     1200    2200    1100    1200    2000    1100    1200    300     500     1500    1900    
936    2003 17400   6300    12300   2600    5500    7900    1900    500     200     1700    1400    2400    2700    2200    3000    600     400     900     1400    
936    2004 16200   5400    8900    3100    3000    5800    3700    900     800     1000    1400    600     1700    1600    2500    1100    1900    700     2000    
936    2005 12000   7600    7200    3100    4400    3800    2500    900     200     1900    800     1700    1700    1700    400     900     600     1000    200     
936    2006 16600   3200    10300   900     4100    5100    4900    300     400     700     1700    1700    1800    2800    500     1800    1500    1600    1800    
936    2007 14300   10900   6900    6000    6400    1500    1800    2300    1900    1800    2800    1800    1000    400     100     800     600     400     400     
936    2008 17200   5500    9700    3400    4400    5200    4200    1800    1200    1100    800     2500    1500    1300    2400    1200    1600    1400    400     
936    2009 17100   6700    11900   1900    6300    5500    3800    600     900     1800    2100    2400    1900    1100    2500    1900    900     1000    0       
936    2010 12400   4200    8100    1200    3600    5100    2100    600     600     1100    1500    1000    1600    2100    1400    500     200     1400    400     
936    2011 18000   5500    11800   2400    6400    4500    3900    600     1400    1500    2800    2100    1300    1000    2200    2400    800     700     1200    
936    2012 14100   6700    7200    2900    3900    4700    3400    1300    400     2300    600     1000    1600    800     2300    900     1000    1500    400     
936    2013 16700   4700    10100   1700    3000    5800    5100    1200    100     500     1400    1100    1100    2200    2500    1800    1400    1900    1500    
936    2014 20800   12200   7500    6400    6200    3000    5200    2500    2400    2500    2300    1400    1200    600     1200    800     1700    2700    1500    
936    2015 19000   10500   10800   4300    5400    6600    2500    2000    800     1800    1900    1700    2000    2900    1700    600     500     1400    1700    
936    2016 18400   8700    10300   5100    4800    5100    3800    1600    1800    1700    2300    800     1000    2100    2000    2100    600     1100    1300    
936    2017 17100   7600    10900   3000    6300    7100    1600    200     1500    2900    1800    1600    2200    2400    2500    400     400     800     400     
936    2018 14700   4000    9100    2200    4000    4500    4200    1300    500     600     1600    1800    1900    1000    1600    1200    900     2100    200     
936    2019 -999999 4200    6800    600     1500    5300    -999999 200     200     600     700     200     1600    1600    2100    600     -999999 1100    1200    
936    2020 10600   -999999 6300    2600    2900    3300    1700    300     1100    500     900     1500    600     700     2000    600     500     600     1300    
936    2021 -999999 4700    -999999 -999999 1200    -999999 -999999 800     -999999 300     600     300     1500    400     -999999 -999999 -999999 900     600     
