EUROPEAN CLIMATE ASSESSMENT & DATASET (ECA&D), file created on: 20-01-2022
THESE DATA CAN BE USED FOR NON-COMMERCIAL RESEARCH AND EDUCATION PROVIDED THAT THE FOLLOWING SOURCE IS ACKNOWLEDGED: 

Klein Tank, A.M.G. and Coauthors, 2002. Daily dataset of 20th-century surface
air temperature and precipitation series for the European Climate Assessment.
Int. J. of Climatol., 22, 1441-1453.
Data and metadata available at http://www.ecad.eu

FILE FORMAT (MISSING VALUE CODE = -999999):

THIS FILE HOLDS DATA FOR STATION UNITED KINGDOM                           CET CENTRAL ENGLAND                      (STAID:    257)
LATITUDE: dd:mm:ss +52:25:12
LONGITUDE: ddd:mm:ss -001:49:48
ELEVATION: m   78

DATA IS FOR INDEX Days with TN > 90th percentile of daily min temp (warm nights) (TN90p) with unit 0.01 No of days

01-06 SOUID: Source identifier
08-11 YEAR : YYYY
13-20 ANNUAL DATA VALUES
21-28 WINTER HALF YEAR DATA VALUES
29-36 SUMMER HALF YEAR DATA VALUES
37-44 WINTER (DJF) DATA VALUES
45-52 SPRING (MAM) DATA VALUES
53-60 SUMMER (JJA) DATA VALUES
61-68 AUTUMN (SON) DATA VALUES
69-76 JANUARY DATA VALUES
etc. 
157-164 DECEMBER DATA VALUES

257    1881 3100    -999999 1800    -999999 1500    700     800     0       100     400     600     500     400     300     0       0       0       800     0       
257    1882 2600    2100    900     800     1100    200     200     100     700     500     500     100     0       0       200     100     0       100     300     
257    1883 1100    900     500     800     200     300     0       200     300     0       0       200     200     0       100     0       0       0       100     
257    1884 4000    1700    2000    1100    1300    800     700     700     300     600     500     200     0       300     500     500     200     0       200     
257    1885 1900    1400    800     1200    500     200     200     200     800     0       400     100     0       200     0       100     0       100     0       
257    1886 2400    1100    800     200     1000    300     900     200     0       800     100     100     0       100     200     300     400     200     0       
257    1887 1100    1000    700     400     0       700     0       100     300     0       0       0       0       500     200     0       0       0       0       
257    1888 2600    500     600     200     600     200     1200    200     0       300     0       300     0       0       200     100     200     900     400     
257    1889 3000    2200    1600    800     1100    300     1000    100     300     300     0       800     300     0       0       500     0       500     200     
257    1890 2100    1800    500     800     600     200     700     600     0       500     100     0       100     100     0       200     100     400     0       
257    1891 1200    800     700     100     300     400     300     100     0       200     0       100     400     0       0       200     0       100     100     
257    1892 2300    900     1300    600     1000    300     500     200     300     200     100     700     100     0       200     200     0       300     0       
257    1893 3900    1000    2900    300     1300    1900    400     200     100     400     200     700     300     400     1200    100     200     100     0       
257    1894 2500    1500    700     1000    700     200     500     400     600     200     400     100     100     100     0       0       100     400     100     
257    1895 3600    900     2700    100     1200    1400    800     0       0       300     500     400     700     300     400     400     0       400     200     
257    1896 3600    1800    2300    1000    1400    1000    300     600     200     400     700     300     700     200     100     300     0       0       100     
257    1897 4100    1900    1400    1100    800     1300    800     0       1000    800     0       0       800     100     400     100     300     400     200     
257    1898 5700    2500    2100    1500    700     800     2300    900     400     300     400     0       200     0       600     900     900     500     600     
257    1899 4800    3600    2100    1900    1100    1100    1200    400     900     300     700     100     200     800     100     200     100     900     100     
257    1900 3400    1500    1800    500     600     900     800     200     200     0       300     300     200     700     0       300     200     300     700     
257    1901 2700    1300    2200    800     600     1300    700     100     0       0       300     300     400     600     300     300     100     300     0       
257    1902 3400    1600    1300    900     700     600     800     700     200     300     200     200     500     100     0       300     100     400     400     
257    1903 4100    3200    1500    2100    1100    400     900     700     1000    600     200     300     200     200     0       600     0       300     0       
257    1904 2600    900     1600    400     1400    400     400     300     100     200     600     600     0       300     100     0       400     0       0       
257    1905 3000    1700    1600    1100    700     800     300     400     700     200     300     200     200     600     0       300     0       0       100     
257    1906 4400    1100    2000    600     1000    1100    1600    500     0       500     0       500     400     300     400     400     700     500     200     
257    1907 2200    2000    1200    700     1000    100     400     200     300     100     300     600     0       0       100     200     100     100     200     
257    1908 2600    900     1300    700     700     400     900     200     300     0       0       700     300     100     0       200     600     100     100     
257    1909 2500    1600    700     500     900     100     1000    400     0       400     100     400     0       0       100     100     700     200     100     
257    1910 3300    1900    1700    700     1200    800     0       200     400     300     300     600     600     0       200     0       0       0       700     
257    1911 5000    1500    3100    1200    1300    1900    800     200     300     300     400     600     300     500     1100    200     200     400     500     
257    1912 4700    3200    1700    1900    2000    400     600     400     1000    700     400     900     100     300     0       0       100     500     300     
257    1913 3300    1900    1200    800     1100    300     1100    300     200     500     200     400     100     0       200     300     300     500     300     
257    1914 3600    2600    1600    1300    1100    700     800     300     700     500     300     300     0       400     300     300     100     400     0       
257    1915 2300    1600    1100    600     900     400     300     200     400     500     200     200     100     100     200     300     0       0       100     
257    1916 3900    1400    1300    1400    500     700     1100    1200    100     0       100     400     0       0       700     100     700     300     300     
257    1917 3200    1600    2000    600     1200    800     900     300     0       0       0       1200    300     500     0       0       0       900     0       
257    1918 4300    2900    1200    2000    700     400     300     700     1300    0       0       700     0       100     300     100     200     0       900     
257    1919 2400    1400    1900    1200    1200    400     400     100     200     0       400     800     200     0       200     300     0       100     100     
257    1920 4100    1900    1100    1200    1500    200     700     400     700     600     300     600     100     100     0       0       400     300     600     
257    1921 5800    3500    2100    2300    900     1400    1100    1500    200     500     0       400     200     900     300     300     800     0       700     
257    1922 2100    2200    1000    1200    1000    200     300     100     400     200     0       800     200     0       0       0       100     200     100     
257    1923 3600    1800    2000    1100    900     1400    300     700     300     400     200     300     200     1200    0       100     200     0       0       
257    1924 3100    700     1600    300     1000    300     1100    200     100     200     200     600     200     0       100     500     100     500     400     
257    1925 2900    1600    1700    800     800     1000    500     100     300     200     100     500     200     500     300     100     400     0       200     
257    1926 7100    2900    4400    2000    2000    1800    1400    500     1300    500     800     700     100     900     800     1100    200     100     100     
257    1927 5100    2000    2800    800     1800    1300    1300    200     500     900     500     400     100     600     600     600     500     200     0       
257    1928 4500    1700    2500    300     2300    800     1100    0       300     700     800     800     100     400     300     100     200     800     0       
257    1929 3100    1400    1900    -999999 900     1000    1000    100     -999999 200     200     500     300     400     300     200     100     700     0       
257    1930 3900    1700    2500    500     1200    1400    800     500     0       400     700     100     500     300     600     300     300     200     0       
257    1931 2900    1100    1400    300     1000    700     400     200     100     300     300     400     500     100     100     0       100     300     500     
257    1932 4400    2000    2700    1400    900     1700    500     800     100     200     100     600     100     700     900     300     0       200     400     
257    1933 5100    1600    3700    1100    1200    2400    800     200     500     300     500     400     700     900     800     400     300     100     0       
257    1934 4400    400     2500    0       700     1300    1400    0       0       0       500     200     500     600     200     500     400     500     1000    
257    1935 4400    3700    1900    2300    700     1400    900     400     900     500     200     0       800     500     100     300     300     300     100     
257    1936 4500    2100    2600    500     1600    1200    1100    100     300     1000    200     400     700     400     100     800     200     100     200     
257    1937 4600    1700    3200    -999999 1500    1700    300     600     400     200     600     700     300     800     600     200     100     0       100     
257    1938 6500    2300    2700    800     2200    1300    2000    400     300     1400    200     600     400     100     800     600     300     1100    300     
257    1939 5000    3000    2800    1200    1300    1300    1400    600     300     400     600     300     100     400     800     600     0       800     100     
257    1940 2900    1600    2000    300     1600    900     200     0       200     500     700     400     600     200     100     0       0       200     0       
257    1941 3500    400     1700    200     200     900     1700    0       200     0       100     100     500     400     0       600     600     500     500     
257    1942 4400    2300    2700    600     1500    1500    600     100     0       600     600     300     300     300     900     300     300     0       700     
257    1943 4800    2400    3000    1700    1900    1000    900     600     400     400     1000    500     400     200     400     500     200     200     0       
257    1944 3300    900     2500    500     1300    1100    300     400     100     0       700     600     100     500     500     100     0       200     100     
257    1945 6300    2000    3700    1100    2500    1200    1300    0       1000    700     900     900     500     400     300     700     300     300     300     
257    1946 4000    2400    1500    1400    900     600     1400    200     900     400     400     100     200     400     0       400     300     700     0       
257    1947 6000    1700    4500    300     1600    2500    1500    300     0       400     200     1000    900     900     700     800     200     500     100     
257    1948 5700    2600    2200    1200    1000    1400    1700    300     800     700     100     200     200     800     400     500     400     800     500     
257    1949 6000    2900    3700    1500    1100    1400    2100    400     600     200     900     0       300     600     500     1400    700     0       400     
257    1950 3500    2900    1700    1400    1000    1500    0       700     300     800     200     0       800     300     400     0       0       0       0       
257    1951 2800    300     1500    300     200     400     1700    300     0       0       0       200     300     100     0       900     100     700     200     
257    1952 3900    1900    2800    200     2200    1500    200     0       0       900     400     900     600     600     300     0       200     0       0       
257    1953 4700    1300    2100    900     1100    1100    1000    300     600     200     0       900     700     100     300     100     200     700     600     
257    1954 3700    2300    1300    900     1300    300     1200    200     100     500     300     500     200     100     0       200     900     100     600     
257    1955 4600    2100    3000    900     1300    1600    1100    300     0       200     1000    100     200     400     1000    300     0       800     300     
257    1956 2600    -999999 1100    -999999 600     400     900     0       100     400     0       200     200     200     0       500     200     200     600     
257    1957 5100    3300    2300    1300    2000    1700    700     300     400     1600    300     100     300     800     600     200     300     200     0       
257    1958 3400    -999999 2000    -999999 900     400     1500    200     -999999 300     100     500     0       100     300     1000    400     100     100     
257    1959 5000    1300    3300    500     1600    2000    900     200     200     300     700     600     600     400     1000    0       300     600     100     
257    1960 3800    2000    2400    700     1800    900     400     300     300     400     600     800     900     0       0       100     0       300     100     
257    1961 4900    2200    2600    1100    2000    500     1200    0       1000    800     1000    200     200     200     100     900     300     0       200     
257    1962 1100    700     900     400     300     400     200     200     0       0       0       300     300     0       100     200     0       0       0       
257    1963 2000    500     800     0       700     500     800     0       0       500     200     0       300     100     100     100     400     300     0       
257    1964 4400    1700    2500    700     1800    700     900     0       700     300     600     900     300     200     200     300     0       600     300     
257    1965 2200    1300    1500    400     900     700     400     100     0       300     200     400     700     0       0       200     200     0       100     
257    1966 4000    1700    2200    1300    1100    700     800     300     900     200     600     300     600     0       100     600     200     0       200     
257    1967 3800    1700    1600    1100    800     1000    700     600     300     400     200     200     200     500     300     200     400     100     400     
257    1968 3800    1900    1100    1100    800     400     1900    700     0       300     400     100     0       200     200     200     1300    400     0       
257    1969 3800    2300    2400    600     800     1500    900     600     0       0       200     600     100     700     700     100     800     0       0       
257    1970 4300    1100    2900    200     1100    1300    1600    100     100     100     400     600     600     300     400     600     400     600     100     
257    1971 2400    1500    1200    400     400     800     500     300     0       100     0       300     0       600     200     100     300     100     400     
257    1972 1500    1000    700     500     700     100     400     0       100     100     400     200     0       100     0       0       200     200     200     
257    1973 3300    1700    1800    1200    600     700     800     600     400     100     0       500     300     200     200     600     0       200     200     
257    1974 3400    1600    1000    1200    300     800     100     400     600     200     0       100     200     300     300     100     0       0       1200    
257    1975 4000    2200    2600    2200    600     1900    100     1000    0       0       500     100     300     200     1400    100     0       0       400     
257    1976 5600    2500    3200    2300    900     2200    600     1400    500     200     300     400     1000    1200    0       300     100     200     0       
257    1977 3400    1100    1200    200     1000    400     1300    0       200     600     400     0       0       200     200     400     700     200     500     
257    1978 4100    2500    1300    1000    700     600     2000    100     400     600     0       100     400     200     0       600     500     900     300     
257    1979 4000    1800    2200    300     800     1000    1400    0       0       100     200     500     300     300     400     500     400     500     800     
257    1980 3300    2100    1700    1200    300     1000    1100    0       400     0       200     100     300     200     500     400     0       700     500     
257    1981 4100    -999999 2000    900     2200    600     900     300     100     1300    400     500     300     100     200     500     0       400     0       
257    1982 5100    1600    2500    1000    1000    1500    1600    400     600     200     300     500     800     100     600     200     200     1200    0       
257    1983 5700    2500    3200    -999999 500     2500    1700    800     0       300     0       200     100     1900    500     500     400     800     200     
257    1984 3400    1600    1800    400     100     1400    1500    100     100     0       100     0       500     200     700     300     500     700     200     
257    1985 3300    1800    1400    500     900     400     700     0       300     100     600     200     0       300     100     200     500     0       1000    
257    1986 2200    1500    1200    1000    300     900     500     0       0       0       0       300     600     300     0       0       300     200     500     
257    1987 4200    1600    2200    800     1200    1000    800     100     200     300     700     200     200     200     600     300     100     400     900     
257    1988 4000    2200    1400    1400    1000    500     1000    300     200     300     400     300     300     100     100     200     700     100     1000    
257    1989 4800    3500    2700    2100    1600    1300    800     600     500     600     100     900     300     700     300     400     200     200     0       
257    1990 6600    3300    2300    1700    2000    1500    1400    600     1100    1200    200     600     300     200     1000    0       800     600     0       
257    1991 4300    2900    2300    100     2300    1100    700     0       100     1400    500     400     0       700     400     300     200     200     100     
257    1992 4300    2200    2200    1100    2200    500     400     600     400     700     400     1100    100     300     100     200     0       200     200     
257    1993 4100    1900    2300    1000    2100    800     200     500     300     700     800     600     300     500     0       100     0       100     200     
257    1994 5800    1700    2000    700     1500    1400    1900    300     200     900     400     200     100     900     400     0       200     1700    500     
257    1995 6000    3500    3200    1400    1300    2000    1800    200     700     200     800     300     100     800     1100    100     1000    700     0       
257    1996 3000    2300    1700    -999999 800     600     1100    400     100     100     400     300     100     300     200     400     300     400     0       
257    1997 6500    2500    3400    900     2000    2000    1300    0       900     900     600     500     400     100     1500    300     200     800     300     
257    1998 6000    4000    2600    1800    2400    500     1400    400     1100    1200    600     600     400     0       100     900     300     200     200     
257    1999 5700    1900    3600    600     2600    1000    1600    100     300     800     1100    700     200     400     400     800     200     600     100     
257    2000 5800    2600    3300    1000    1900    1300    1000    300     600     800     400     700     600     0       700     900     0       100     700     
257    2001 5200    1400    3300    900     1400    2100    1500    100     100     400     300     700     300     1000    800     200     1100    200     0       
257    2002 5700    3700    2600    1800    1800    1200    300     800     1000    600     500     700     400     400     400     200     0       100     600     
257    2003 5600    1400    4100    1000    1600    2600    900     200     200     300     400     900     800     500     1300    200     200     500     100     
257    2004 6300    2600    3500    1500    1100    2100    1300    600     800     400     400     300     900     200     1000    700     200     400     400     
257    2005 6900    2800    3400    1200    2300    1400    2300    500     300     1000    500     800     800     500     100     700     1300    300     100     
257    2006 9200    3200    5000    1000    1900    2100    3500    600     300     600     400     900     500     1500    100     1600    1100    800     800     
257    2007 5500    5300    1900    3000    1500    400     1200    1000    1200    400     600     500     300     0       100     400     400     400     200     
257    2008 6200    2800    3500    1700    2000    1600    900     1000    500     300     500     1200    300     600     700     200     100     600     200     
257    2009 5400    2100    2600    1100    1200    1400    1800    100     800     300     600     300     400     400     600     300     600     900     100     
257    2010 3700    2100    2500    100     1500    1200    1000    0       0       500     500     500     300     700     200     300     400     300     0       
257    2011 7300    2200    2900    1100    2100    600     3000    200     900     400     1000    700     300     0       300     600     1100    1300    500     
257    2012 4500    4600    2400    1800    1500    1200    400     600     700     400     200     900     300     200     700     100     100     200     100     
257    2013 4300    -999999 2500    700     700     1600    1300    600     0       0       400     300     100     500     1000    200     1100    0       100     
257    2014 6700    2800    3300    1000    2200    1100    2500    400     500     700     900     600     200     600     300     700     1100    700     0       
257    2015 5000    2400    1300    300     600     900     1600    100     200     300     100     200     100     400     400     100     500     1000    1600    
257    2016 6400    3900    4600    2300    1300    1900    1900    400     300     100     200     1000    600     600     700     1500    200     200     600     
257    2017 6900    3200    3300    1900    2400    1300    1600    200     1100    900     200     1300    900     200     200     500     800     300     300     
257    2018 6600    1900    4700    700     2000    2300    1300    200     200     100     1000    900     700     700     900     500     200     600     600     
257    2019 5000    3000    2600    1400    1400    1500    1000    400     400     800     400     200     300     800     400     500     100     400     300     
257    2020 9700    3200    5400    2100    2000    3500    2000    800     1000    600     700     700     900     800     1800    500     300     1200    400     
257    2021 9100    4300    3800    1800    1300    2500    3100    500     900     1000    100     200     900     700     900     1000    1000    1100    800     
