EUROPEAN CLIMATE ASSESSMENT & DATASET (ECA&D), file created on: 20-01-2022
THESE DATA CAN BE USED FOR NON-COMMERCIAL RESEARCH AND EDUCATION PROVIDED THAT THE FOLLOWING SOURCE IS ACKNOWLEDGED: 

Klein Tank, A.M.G. and Coauthors, 2002. Daily dataset of 20th-century surface
air temperature and precipitation series for the European Climate Assessment.
Int. J. of Climatol., 22, 1441-1453.
Data and metadata available at http://www.ecad.eu

FILE FORMAT (MISSING VALUE CODE = -999999):

THIS FILE HOLDS DATA FOR STATION FRANCE                                   MACON                                    (STAID:   2193)
LATITUDE: dd:mm:ss +46:17:39
LONGITUDE: ddd:mm:ss +004:47:39
ELEVATION: m  219

DATA IS FOR INDEX Days with TN > 90th percentile of daily min temp (warm nights) (TN90p) with unit 0.01 No of days

01-06 SOUID: Source identifier
08-11 YEAR : YYYY
13-20 ANNUAL DATA VALUES
21-28 WINTER HALF YEAR DATA VALUES
29-36 SUMMER HALF YEAR DATA VALUES
37-44 WINTER (DJF) DATA VALUES
45-52 SPRING (MAM) DATA VALUES
53-60 SUMMER (JJA) DATA VALUES
61-68 AUTUMN (SON) DATA VALUES
69-76 JANUARY DATA VALUES
etc. 
157-164 DECEMBER DATA VALUES

2193   1943 -999999 -999999 2800    -999999 1600    800     1800    -999999 200     300     500     800     200     200     400     700     700     400     0       
2193   1944 3100    1400    2200    300     500     1400    800     300     0       0       300     200     100     100     1200    300     100     400     100     
2193   1945 4300    1300    2500    400     1800    600     1000    0       300     400     700     700     100     200     300     500     200     300     600     
2193   1946 2400    1800    1200    1000    800     600     500     200     200     300     300     200     100     400     100     100     300     100     100     
2193   1947 5200    1000    3500    200     1600    2000    1400    100     0       400     500     700     400     800     800     300     200     900     100     
2193   1948 4600    2900    2200    1200    1600    1100    400     400     700     600     300     700     700     100     300     100     200     100     400     
2193   1949 5000    1400    2900    1000    500     1200    2400    500     100     100     400     0       0       400     800     1300    800     300     300     
2193   1950 3600    2500    1800    1300    400     1200    1000    600     400     100     0       300     100     500     600     300     300     400     0       
2193   1951 2400    1300    1200    200     700     400     1100    200     0       400     300     0       300     0       100     500     0       600     0       
2193   1952 3700    1300    2200    0       1300    1500    600     0       0       700     600     0       300     800     400     100     300     200     300     
2193   1953 3600    800     2100    300     1000    800     1300    0       0       0       200     800     200     200     400     300     700     300     500     
2193   1954 2800    2000    900     800     400     500     1200    300     0       200     100     100     300     200     0       200     300     700     400     
2193   1955 4100    2500    1600    1200    900     600     1000    600     200     300     300     300     200     100     300     400     0       600     800     
2193   1956 2100    2100    800     1100    900     100     600     300     0       400     100     400     0       100     0       200     300     100     200     
2193   1957 3000    1900    1400    1000    800     700     600     300     500     500     300     0       100     500     100     400     100     100     100     
2193   1958 2800    1400    1300    1200    400     300     700     200     900     0       0       400     0       100     200     600     0       100     300     
2193   1959 4200    1600    2500    700     1200    1700    700     400     0       800     100     300     100     900     700     400     0       300     200     
2193   1960 3400    1700    1200    1100    900     600     1000    600     300     300     100     500     300     100     200     0       300     700     0       
2193   1961 6100    1900    3300    400     1700    900     2100    100     300     500     1000    200     600     300     0       1200    500     400     1000    
2193   1962 3100    3100    1800    2000    1000    500     600     1000    0       200     500     300     0       100     400     500     0       100     0       
2193   1963 2400    200     1500    0       600     500     1300    0       0       100     100     400     100     300     100     500     100     700     0       
2193   1964 4000    1700    2400    500     1200    1100    1100    0       500     400     300     500     400     600     100     500     100     500     100     
2193   1965 2200    1500    900     300     800     500     500     200     0       600     0       200     400     0       100     200     100     200     200     
2193   1966 5200    2100    2000    1800    800     800     1600    500     1100    0       300     500     500     100     200     400     1000    200     400     
2193   1967 3900    3400    1300    1400    1200    500     1100    400     600     800     200     200     0       300     200     400     700     0       100     
2193   1968 1900    1000    800     300     400     400     800     0       200     0       200     200     100     300     0       0       500     300     100     
2193   1969 2400    1500    1400    300     1200    600     400     100     100     400     400     400     0       400     200     0       100     300     0       
2193   1970 3100    1300    1700    900     400     1100    500     700     200     0       300     100     600     0       500     200     100     200     200     
2193   1971 2100    600     1600    300     600     1000    100     100     0       0       300     300     0       400     600     0       100     0       300     
2193   1972 1900    1200    700     1100    200     500     200     400     400     0       100     100     100     100     300     0       100     100     200     
2193   1973 2100    400     1500    200     500     900     500     0       0       0       0       500     100     200     600     100     0       400     200     
2193   1974 4500    2600    1300    1400    1300    700     500     900     300     800     300     200     200     0       500     100     0       400     800     
2193   1975 3600    2300    2100    1700    1100    1100    500     800     100     200     600     300     400     100     600     100     0       400     0       
2193   1976 4600    1300    3200    900     800     1900    800     700     200     0       200     600     700     1200    0       500     200     100     200     
2193   1977 4900    3000    600     1900    1400    0       1200    600     1100    800     400     200     0       0       0       0       900     300     600     
2193   1978 1800    2600    300     1000    400     100     200     100     300     400     0       0       100     0       0       200     0       0       700     
2193   1979 4600    2400    1600    1600    1300    1100    900     0       900     800     100     400     800     200     100     0       500     400     400     
2193   1980 3000    2700    1400    1500    600     900     200     300     800     300     300     0       200     0       700     200     0       0       200     
2193   1981 5200    1700    3000    300     2500    1100    1200    100     0       1400    1000    100     700     100     300     800     300     100     300     
2193   1982 4700    1500    2700    1000    400     2000    1100    600     100     100     0       300     900     700     400     400     0       700     500     
2193   1983 6200    2300    3900    1300    700     3300    1000    800     0       300     300     100     700     1800    800     200     300     500     400     
2193   1984 2400    1500    900     700     200     500     1300    100     200     0       200     0       300     100     100     200     300     800     100     
2193   1985 3300    1800    1600    500     700     800     900     100     300     200     300     200     300     400     100     300     400     200     500     
2193   1986 3500    1200    2500    600     600     1500    1300    100     0       0       0       600     900     400     200     400     400     500     0       
2193   1987 4500    1400    2500    200     1000    1000    1800    100     100     300     500     200     100     500     400     800     700     300     500     
2193   1988 5500    3400    2500    1900    1700    1300    600     1300    100     500     200     1000    100     400     800     0       400     200     500     
2193   1989 5400    2200    2700    1000    1400    1800    800     200     300     600     200     600     200     700     900     100     500     200     900     
2193   1990 5500    3000    2500    2100    1200    1400    1500    100     1100    200     0       1000    100     500     800     100     800     600     200     
2193   1991 4600    3600    2200    700     1700    1200    1000    500     0       1500    200     0       200     400     600     800     0       200     200     
2193   1992 5500    1200    3400    700     1800    1700    1100    200     300     300     400     1100    400     300     1000    200     0       900     400     
2193   1993 4500    2300    2700    1000    1200    1500    600     600     0       400     400     400     800     500     200     400     100     100     600     
2193   1994 8200    3300    3100    1700    1900    2500    1800    800     300     1400    300     200     400     1200    900     100     600     1100    900     
2193   1995 6300    4500    2300    2600    800     1700    1800    700     1000    200     300     300     300     800     600     0       1500    300     300     
2193   1996 4200    3200    2100    1100    1400    1000    500     700     100     300     800     300     600     200     200     0       100     400     500     
2193   1997 6300    2600    2700    1400    1300    1800    1500    100     800     700     200     400     600     100     1100    300     600     600     800     
2193   1998 5000    3800    2300    2200    1000    1300    1000    1000    400     400     400     200     700     100     500     400     300     300     300     
2193   1999 6300    2300    4000    1200    2300    1400    1400    600     300     500     600     1200    300     500     600     800     400     200     300     
2193   2000 6900    2000    3600    1100    2000    1400    1500    200     600     300     400     1300    700     100     600     500     300     700     1200    
2193   2001 7700    5200    2900    2800    2800    1500    1300    1000    600     1400    300     1100    0       600     900     0       1100    200     500     
2193   2002 7400    3900    3000    1700    1500    2100    1500    300     900     900     500     100     1200    100     800     300     300     900     1100    
2193   2003 10500   3400    8300    1600    2300    6200    1200    500     0       600     700     1000    2400    1100    2700    400     400     400     300     
2193   2004 6400    2300    3300    1100    1300    1900    2200    800     0       400     600     300     500     400     1000    500     1200    500     200     
2193   2005 6800    2900    4200    600     1600    2400    2300    300     100     600     300     700     1400    900     100     800     1100    400     100     
2193   2006 9200    2400    5300    400     1700    2900    3700    100     200     500     600     600     800     2100    0       1200    1300    1200    600     
2193   2007 8600    6400    4100    3200    2800    1900    800     1700    900     700     1200    900     1100    400     400     100     300     400     500     
2193   2008 6100    2700    3300    1600    1500    1900    1400    900     200     400     200     900     1000    300     600     300     600     500     200     
2193   2009 7000    1500    4800    200     2100    2400    2000    0       0       200     1000    900     600     800     1000    500     600     900     500     
2193   2010 5300    2700    3500    800     1200    2700    800     0       300     400     300     500     700     1300    700     0       300     500     300     
2193   2011 9400    2600    5300    1100    3100    2100    2600    700     100     700     1400    1000    800     100     1200    800     900     900     800     
2193   2012 8700    4100    4300    2000    1900    2400    2200    1100    100     300     300     1300    1400    300     700     300     1200    700     1000    
2193   2013 6600    3600    3700    1600    1000    2100    2300    500     100     100     600     300     400     900     800     700     1300    300     600     
2193   2014 7000    3800    3100    1900    1400    1400    2400    1100    200     300     800     300     700     300     400     600     1100    700     500     
2193   2015 9400    3200    6800    900     2200    4700    1300    300     100     500     800     900     1400    2000    1300    400     100     800     800     
2193   2016 7000    3500    4200    2400    1400    2000    2000    1000    600     200     700     500     900     700     400     1000    300     700     0       
2193   2017 6700    2200    4700    300     2200    3200    700     100     200     900     300     1000    1600    500     1100    200     300     200     300     
2193   2018 12900   3200    7900    2400    3000    4400    2100    1900    200     300     1300    1400    1300    1300    1800    800     800     500     1300    
2193   2019 8800    3700    4500    1700    1300    3200    2800    200     200     700     400     200     900     1300    1000    700     1200    900     1100    
2193   2020 10200   5300    5700    2700    1900    3100    2500    700     900     500     700     700     700     1000    1400    1200    500     800     1100    
2193   2021 5300    3600    3200    2100    700     1800    1300    400     600     200     400     100     1300    200     300     900     300     100     500     
