EUROPEAN CLIMATE ASSESSMENT & DATASET (ECA&D), file created on: 20-01-2022
THESE DATA CAN BE USED FOR NON-COMMERCIAL RESEARCH AND EDUCATION PROVIDED THAT THE FOLLOWING SOURCE IS ACKNOWLEDGED: 

Klein Tank, A.M.G. and Coauthors, 2002. Daily dataset of 20th-century surface
air temperature and precipitation series for the European Climate Assessment.
Int. J. of Climatol., 22, 1441-1453.
Data and metadata available at http://www.ecad.eu

FILE FORMAT (MISSING VALUE CODE = -999999):

THIS FILE HOLDS DATA FOR STATION GERMANY                                  SCHLUSSELFELD (KLARANLAGE)               (STAID:   4947)
LATITUDE: dd:mm:ss +49:44:45
LONGITUDE: ddd:mm:ss +010:38:40
ELEVATION: m  290

DATA IS FOR INDEX Days with TN > 90th percentile of daily min temp (warm nights) (TN90p) with unit 0.01 No of days

01-06 SOUID: Source identifier
08-11 YEAR : YYYY
13-20 ANNUAL DATA VALUES
21-28 WINTER HALF YEAR DATA VALUES
29-36 SUMMER HALF YEAR DATA VALUES
37-44 WINTER (DJF) DATA VALUES
45-52 SPRING (MAM) DATA VALUES
53-60 SUMMER (JJA) DATA VALUES
61-68 AUTUMN (SON) DATA VALUES
69-76 JANUARY DATA VALUES
etc. 
157-164 DECEMBER DATA VALUES

4947   1941 2300    -999999 700     -999999 900     400     300     0       300     600     200     100     300     100     0       0       300     0       400     
4947   1942 2600    700     1500    400     600     400     1500    0       0       0       300     300     0       100     300     500     800     200     100     
4947   1943 3000    1700    2400    400     1100    1100    500     0       300     300     500     300     0       300     800     500     0       0       0       
4947   1944 3100    500     1900    500     700     1200    700     400     100     0       400     300     200     100     900     0       400     300     0       
4947   1945 3700    1400    2500    500     1700    800     600     0       500     200     600     900     500     100     200     200     300     100     100     
4947   1946 3100    1500    2000    900     900     1300    100     200     600     200     100     600     400     500     400     0       100     0       0       
4947   1947 5100    1400    3400    300     1700    2400    700     300     0       1000    600     100     1100    700     600     300     0       400     0       
4947   1948 4400    2400    2000    1400    1400    900     700     600     800     600     300     500     400     100     400     300     200     200     0       
4947   1949 3400    1000    1900    500     1100    600     600     400     100     100     900     100     100     100     400     300     200     100     600     
4947   1950 4900    2200    2500    1600    1100    1500    1200    400     600     300     200     600     300     700     500     200     700     300     100     
4947   1951 3300    1900    1800    500     800     1100    700     200     200     400     100     300     300     100     700     300     0       400     300     
4947   1952 3700    900     3200    300     1400    1800    500     0       0       200     900     300     400     600     800     200     200     100     0       
4947   1953 5500    1200    3300    600     1500    1700    1500    200     400     300     200     1000    1000    500     200     400     800     300     200     
4947   1954 2600    1800    1000    400     600     400     1000    100     100     300     200     100     400     0       0       300     700     0       400     
4947   1955 2900    1600    1500    500     1000    600     800     0       100     400     100     500     100     200     300     300     100     400     400     
4947   1956 3400    1200    1600    500     1000    600     700     100     0       200     300     500     300     200     100     200     400     100     1000    
4947   1957 5400    4500    1900    2500    1600    1500    800     300     1200    1500    100     0       500     900     100     300     200     300     0       
4947   1958 3700    1500    2200    800     1200    1000    700     100     700     200     0       1000    100     200     700     200     300     200     0       
4947   1959 3600    1300    2600    200     1500    1500    300     200     0       600     500     400     300     600     600     200     100     0       100     
4947   1960 3700    1400    1700    800     1400    700     500     300     400     500     400     500     0       100     600     100     200     200     400     
4947   1961 5100    2200    2500    1400    2100    400     1000    100     900     400     1500    200     200     0       200     400     600     0       600     
4947   1962 2200    2200    1100    1500    500     400     400     800     100     100     200     200     100     0       300     300     0       100     0       
4947   1963 2600    100     1600    0       800     300     1500    0       0       0       500     300     100     100     100     500     0       1000    0       
4947   1964 3500    1400    2200    400     800     1000    1200    0       400     0       500     300     400     500     100     400     0       800     100     
4947   1965 1800    1200    800     300     300     600     300     200     0       100     0       200     300     300     0       0       0       300     400     
4947   1966 5600    2700    2400    2200    1200    1100    1400    400     1400    200     800     200     600     100     400     300     1000    100     100     
4947   1967 4500    2700    1800    1200    800     1000    1400    300     800     400     100     300     100     400     500     400     1000    0       200     
4947   1968 3500    1800    1900    800     400     1500    1000    300     300     0       100     300     600     300     600     0       1000    0       0       
4947   1969 3300    1200    2500    100     1200    1200    800     100     0       100     400     700     0       800     400     200     100     500     0       
4947   1970 3300    1000    1400    100     500     1000    1300    0       100     300     100     100     700     100     200     200     400     700     400     
4947   1971 3100    2100    1900    1000    800     1100    100     400     200     0       100     700     200     300     600     0       100     0       500     
4947   1972 2000    800     1400    700     500     900     400     0       200     0       400     100     100     600     200     0       0       400     0       
4947   1973 1900    500     1700    100     700     900     200     100     0       0       300     400     400     300     200     100     0       100     0       
4947   1974 3400    1700    600     900     900     200     400     600     300     700     200     0       0       100     100     200     0       200     1000    
4947   1975 4100    2500    2700    2100    1200    1300    500     900     200     200     400     600     600     300     400     400     100     0       0       
4947   1976 4600    1700    1700    1500    400     1200    1300    1400    100     100     100     200     200     800     200     200     600     500     200     
4947   1977 6600    3900    2400    1500    1500    1500    1900    200     1100    1300    200     0       700     200     600     700     700     500     400     
4947   1978 3800    3200    1300    1400    1100    400     600     600     400     600     300     200     200     200     0       400     100     100     700     
4947   1979 3200    1500    1600    700     1000    1100    400     0       0       600     0       400     900     100     100     100     100     200     700     
4947   1980 2900    1600    1500    1100    400     800     900     100     300     200     200     0       400     0       400     500     0       400     400     
4947   1981 5000    2200    2400    600     2000    1100    1700    0       200     1200    300     500     700     200     200     500     400     800     0       
4947   1982 3000    1700    1800    200     800     900     800     200     0       300     100     400     200     400     300     400     100     300     300     
4947   1983 4700    2400    2200    1400    1100    1600    800     1100    0       600     300     200     300     700     600     100     300     400     100     
4947   1984 2200    1000    1000    200     200     800     1100    100     0       100     0       100     100     200     500     100     500     500     0       
4947   1985 2300    1100    1400    100     800     300     800     0       100     0       300     500     200     0       100     300     300     200     300     
4947   1986 3000    1200    2400    600     1400    900     200     300     0       100     300     1000    400     300     200     200     0       0       200     
4947   1987 5300    800     2900    600     700     1000    2100    200     200     200     400     100     100     600     300     1400    300     400     1100    
4947   1988 5400    3500    1700    2700    800     700     1500    1100    500     100     200     500     0       300     400     300     900     300     800     
4947   1989 5900    3400    2800    1700    1000    1800    1300    400     500     500     300     200     200     1000    600     500     400     400     900     
4947   1990 4000    3400    1400    1900    900     1200    800     500     500     700     0       200     200     300     700     0       500     300     100     
4947   1991 5000    2400    2900    800     1200    1900    1000    700     0       800     300     100     300     800     800     600     100     300     200     
4947   1992 6300    2200    3500    1500    800     2800    1200    500     800     300     100     400     600     500     1700    200     400     600     200     
4947   1993 4900    2600    2500    1200    1700    900     500     1000    0       400     400     900     500     300     100     300     100     100     800     
4947   1994 9400    3600    4400    2200    1800    3300    2200    1000    400     1200    200     400     900     1300    1100    500     300     1400    700     
4947   1995 6800    4400    3300    2400    1700    1700    1600    400     1300    300     800     600     0       1000    700     200     1200    200     100     
4947   1996 2700    1600    1800    200     600     1200    800     0       100     0       200     400     700     200     300     0       300     500     0       
4947   1997 6300    3100    2700    1000    2200    1400    1100    0       1000    1300    300     600     300     200     900     400     400     300     600     
4947   1998 6600    4400    2800    2600    2300    1300    800     800     1200    1100    700     500     800     400     100     300     400     100     200     
4947   1999 6500    2000    4300    900     1900    2300    1100    700     0       600     500     800     600     1100    600     700     300     100     500     
4947   2000 6500    2800    2800    1700    2100    1200    1400    500     700     700     400     1000    700     300     200     200     800     400     600     
4947   2001 5900    4000    2300    1800    1600    1700    1100    300     900     1000    0       600     200     200     1300    0       800     300     300     
4947   2002 7700    3800    3700    2200    1600    2400    1200    700     1200    500     400     700     1000    400     1000    200     300     700     600     
4947   2003 7100    2400    5300    1000    1900    3800    700     400     0       400     200     1300    1500    800     1500    0       200     500     300     
4947   2004 4600    2600    2000    1500    800     1400    1100    300     900     400     100     300     300     300     800     200     400     500     100     
4947   2005 6400    2400    4000    900     2000    1800    1800    600     200     600     600     800     500     700     600     800     800     200     0       
4947   2006 7300    1700    4400    200     1600    2300    2700    0       200     500     700     400     600     1600    100     1000    1100    600     500     
