EUROPEAN CLIMATE ASSESSMENT & DATASET (ECA&D), file created on: 20-01-2022
THESE DATA CAN BE USED FOR NON-COMMERCIAL RESEARCH AND EDUCATION PROVIDED THAT THE FOLLOWING SOURCE IS ACKNOWLEDGED: 

Klein Tank, A.M.G. and Coauthors, 2002. Daily dataset of 20th-century surface
air temperature and precipitation series for the European Climate Assessment.
Int. J. of Climatol., 22, 1441-1453.
Data and metadata available at http://www.ecad.eu

FILE FORMAT (MISSING VALUE CODE = -999999):

THIS FILE HOLDS DATA FOR STATION SWEDEN                                   ARLANDA                                  (STAID:   5493)
LATITUDE: dd:mm:ss +59:39:36
LONGITUDE: ddd:mm:ss +017:57:00
ELEVATION: m   26

DATA IS FOR INDEX Days with TN > 90th percentile of daily min temp (warm nights) (TN90p) with unit 0.01 No of days

01-06 SOUID: Source identifier
08-11 YEAR : YYYY
13-20 ANNUAL DATA VALUES
21-28 WINTER HALF YEAR DATA VALUES
29-36 SUMMER HALF YEAR DATA VALUES
37-44 WINTER (DJF) DATA VALUES
45-52 SPRING (MAM) DATA VALUES
53-60 SUMMER (JJA) DATA VALUES
61-68 AUTUMN (SON) DATA VALUES
69-76 JANUARY DATA VALUES
etc. 
157-164 DECEMBER DATA VALUES

5493   1961 4300    -999999 1600    -999999 900     700     1700    100     900     500     200     200     500     200     0       500     1100    100     0       
5493   1962 -999999 -999999 -999999 -999999 -999999 -999999 -999999 -999999 -999999 -999999 -999999 -999999 -999999 -999999 -999999 -999999 -999999 -999999 -999999 
5493   1963 -999999 -999999 -999999 -999999 -999999 200     200     -999999 -999999 -999999 -999999 -999999 0       100     100     200     0       0       200     
5493   1964 2700    600     1700    600     900     700     100     400     0       0       700     200     300     100     300     100     0       0       600     
5493   1965 2300    1500    1200    1300    200     300     1100    700     0       200     0       0       100     0       200     900     200     0       0       
5493   1966 1700    300     800     0       500     400     400     0       0       100     100     300     200     100     100     0       300     100     400     
5493   1967 3600    2300    1200    600     1700    500     1100    0       200     1300    300     100     0       200     300     300     500     300     100     
5493   1968 3500    1700    2200    100     1700    700     1100    0       0       800     700     200     400     0       300     600     200     300     0       
5493   1969 1800    600     1400    100     500     400     800     100     0       0       300     200     0       200     200     500     200     100     0       
5493   1970 1700    300     700     0       100     200     1000    0       0       0       0       100     100     100     0       400     200     400     400     
5493   1971 3300    2200    1500    1600    600     800     400     900     300     0       200     400     100     600     100     100     100     200     300     
5493   1972 3800    600     1800    300     100     1700    100     0       0       0       100     0       400     1000    300     0       0       100     1900    
5493   1973 4300    3700    2300    2800    1000    2100    0       400     500     800     0       200     500     1400    200     0       0       0       300     
5493   1974 4200    1500    1300    1500    300     600     1000    300     900     0       300     0       300     0       300     400     0       600     1100    
5493   1975 6100    3600    2500    2500    1200    1300    1700    1300    100     500     200     500     100     300     900     500     400     800     500     
5493   1976 2300    2200    1400    800     500     1100    400     0       300     200     300     0       400     500     200     0       0       400     0       
5493   1977 2500    1100    600     0       1000    200     1100    0       0       700     0       300     200     0       0       100     500     500     200     
5493   1978 3100    1600    1600    400     700     1100    1100    200     0       200     200     300     500     200     400     0       100     1000    0       
5493   1979 2900    1400    1700    0       1200    800     400     0       0       300     0       900     400     0       400     0       300     100     500     
5493   1980 1700    900     1200    500     100     900     400     0       0       0       100     0       600     100     200     200     100     100     300     
5493   1981 2700    900     2200    500     900     1000    600     100     100     200     200     500     400     200     400     500     100     0       0       
5493   1982 5300    500     3200    100     1100    1900    1600    0       100     300     400     400     500     500     900     500     0       1100    600     
5493   1983 5600    2800    3600    1600    1100    1800    1600    1000    0       100     600     400     400     600     800     800     500     300     100     
5493   1984 5100    1400    2600    600     1400    1200    1200    500     0       0       600     800     400     200     600     0       700     500     800     
5493   1985 2600    2100    1500    800     600     1000    600     0       0       100     100     400     200     300     500     0       600     0       400     
5493   1986 3300    1100    1400    400     500     1000    1400    0       0       100     0       400     400     600     0       0       300     1100    400     
5493   1987 2000    2000    1200    600     800     400     600     0       200     0       500     300     0       200     200     0       500     100     0       
5493   1988 5300    2100    3500    1500    1200    1900    500     800     700     0       900     300     800     1100    0       400     100     0       200     
5493   1989 9800    4900    3800    3600    2800    1600    1700    1700    1700    1200    1000    600     300     800     500     600     800     300     300     
5493   1990 8200    5900    2700    3500    2800    1200    500     1100    2100    1300    700     800     100     100     1000    0       400     100     500     
5493   1991 5900    2800    2900    1600    1900    1200    1100    700     400     700     1100    100     0       600     600     500     0       600     600     
5493   1992 7000    4400    2800    2400    2600    1600    100     900     900     1400    100     1100    900     400     300     0       0       100     900     
5493   1993 3400    2900    1200    2000    2000    0       200     800     300     800     800     400     0       0       0       0       200     0       100     
5493   1994 3900    1200    1500    700     700     1100    400     600     0       300     400     0       0       900     200     0       100     300     1100    
5493   1995 4400    2900    1800    2100    700     1300    1400    200     800     400     100     200     300     300     700     200     900     300     0       
5493   1996 3600    1300    2000    100     400     1500    1100    0       100     0       400     0       300     100     1100    100     600     400     500     
5493   1997 5600    3100    3300    1300    1100    2400    1000    200     600     800     300     0       100     700     1600    600     0       400     300     
5493   1998 -999999 -999999 -999999 -999999 -999999 -999999 -999999 -999999 -999999 -999999 -999999 -999999 -999999 -999999 -999999 -999999 -999999 -999999 -999999 
5493   1999 -999999 -999999 -999999 -999999 -999999 -999999 -999999 -999999 -999999 -999999 -999999 -999999 -999999 -999999 -999999 -999999 -999999 -999999 -999999 
5493   2000 -999999 -999999 -999999 -999999 -999999 -999999 -999999 -999999 -999999 -999999 -999999 -999999 -999999 -999999 -999999 -999999 -999999 -999999 -999999 
5493   2001 -999999 -999999 -999999 -999999 -999999 -999999 -999999 -999999 -999999 -999999 -999999 -999999 -999999 -999999 -999999 -999999 -999999 -999999 -999999 
5493   2002 -999999 -999999 -999999 -999999 -999999 -999999 -999999 -999999 -999999 -999999 -999999 -999999 -999999 -999999 -999999 -999999 -999999 -999999 -999999 
5493   2003 -999999 -999999 -999999 -999999 -999999 -999999 -999999 -999999 -999999 -999999 -999999 -999999 -999999 -999999 -999999 -999999 -999999 -999999 -999999 
5493   2004 -999999 -999999 -999999 -999999 -999999 -999999 -999999 -999999 -999999 -999999 -999999 -999999 -999999 -999999 -999999 -999999 -999999 -999999 -999999 
5493   2005 -999999 -999999 -999999 -999999 -999999 -999999 -999999 -999999 -999999 -999999 -999999 -999999 -999999 -999999 -999999 -999999 -999999 -999999 -999999 
5493   2006 -999999 -999999 -999999 -999999 -999999 2800    2900    -999999 -999999 -999999 -999999 300     700     1000    1100    900     900     1100    2000    
5493   2007 6700    5900    3200    2700    2700    1500    800     700     0       1200    1200    300     200     200     1100    200     500     100     1000    
5493   2008 7400    5200    2200    3700    2100    900     1000    1300    1400    900     900     300     300     200     400     100     400     500     700     
5493   2009 5600    2300    3400    1000    1500    1400    2000    300     0       400     900     200     0       600     800     900     0       1100    400     
5493   2010 5000    1800    4300    500     1700    2500    700     0       100     200     600     900     0       1600    900     300     300     100     0       
5493   2011 8900    1100    5600    300     2300    2600    2600    200     100     400     1500    400     800     1000    800     1100    300     1200    1100    
5493   2012 6000    4600    2500    1700    2500    1000    1700    300     300     1400    800     300     0       600     400     400     200     1100    200     
5493   2013 6800    2200    3600    900     1800    1400    1500    500     200     0       500     1300    700     300     400     400     800     300     1400    
5493   2014 8400    5900    2800    3500    2500    1400    1900    900     1200    1300    700     500     200     700     500     200     500     1200    500     
5493   2015 7000    4600    2600    2000    2000    900     1300    800     700     900     1000    100     100     400     400     600     100     600     1300    
5493   2016 5500    3500    3000    2100    1900    1200    900     300     500     700     700     500     300     600     300     600     0       300     700     
5493   2017 3900    2300    2000    1300    1600    500     900     200     400     700     300     600     300     100     100     600     100     200     300     
5493   2018 7000    1100    4500    700     1500    2500    2400    400     0       100     600     800     300     1100    1100    600     700     1100    200     
5493   2019 7000    3900    3200    1500    1800    1400    1400    200     1100    600     700     500     800     200     400     600     200     600     1100    
5493   2020 8200    5400    1500    3700    1300    800     2100    1300    1300    900     400     0       200     100     500     300     800     1000    1400    
5493   2021 5300    5000    2200    2200    1100    1800    1100    100     700     1000    0       100     800     1000    0       300     600     200     500     
