EUROPEAN CLIMATE ASSESSMENT & DATASET (ECA&D), file created on: 20-01-2022
THESE DATA CAN BE USED FOR NON-COMMERCIAL RESEARCH AND EDUCATION PROVIDED THAT THE FOLLOWING SOURCE IS ACKNOWLEDGED: 

Klein Tank, A.M.G. and Coauthors, 2002. Daily dataset of 20th-century surface
air temperature and precipitation series for the European Climate Assessment.
Int. J. of Climatol., 22, 1441-1453.
Data and metadata available at http://www.ecad.eu

FILE FORMAT (MISSING VALUE CODE = -999999):

THIS FILE HOLDS DATA FOR STATION SPAIN                                    REUS/AEROPUERTO                          (STAID:   1401)
LATITUDE: dd:mm:ss +41:08:58
LONGITUDE: ddd:mm:ss +001:10:44
ELEVATION: m   71

DATA IS FOR INDEX Days with TN > 90th percentile of daily min temp (warm nights) (TN90p) with unit 0.01 No of days

01-06 SOUID: Source identifier
08-11 YEAR : YYYY
13-20 ANNUAL DATA VALUES
21-28 WINTER HALF YEAR DATA VALUES
29-36 SUMMER HALF YEAR DATA VALUES
37-44 WINTER (DJF) DATA VALUES
45-52 SPRING (MAM) DATA VALUES
53-60 SUMMER (JJA) DATA VALUES
61-68 AUTUMN (SON) DATA VALUES
69-76 JANUARY DATA VALUES
etc. 
157-164 DECEMBER DATA VALUES

1401   1952 -999999 -999999 -999999 -999999 -999999 -999999 -999999 -999999 -999999 -999999 -999999 -999999 -999999 -999999 -999999 -999999 -999999 600     300     
1401   1953 6200    -999999 4500    300     1700    2200    1700    0       0       100     700     900     700     600     900     700     300     700     -999999 
1401   1954 -999999 -999999 2700    -999999 -999999 1200    1600    100     200     -999999 500     600     700     0       500     400     600     600     600     
1401   1955 6300    3700    3500    2400    1900    1700    400     1300    500     100     100     1700    900     400     400     0       100     300     500     
1401   1956 1200    -999999 700     -999999 500     300     300     100     -999999 300     100     100     0       200     100     200     100     0       0       
1401   1957 2500    1400    700     600     900     500     500     0       600     700     200     0       0       100     400     0       300     200     0       
1401   1958 5600    1800    2800    500     1400    500     2400    500     0       800     0       600     100     0       400     1700    500     200     800     
1401   1959 4000    3200    1200    1300    1500    900     400     200     300     1200    200     100     100     400     400     0       300     100     700     
1401   1960 4200    2300    2800    1200    1500    1800    400     200     300     700     100     700     1100    300     400     200     0       200     0       
1401   1961 6600    1300    4200    1100    2400    1100    1400    200     900     0       1600    800     600     400     100     700     0       700     600     
1401   1962 5700    2600    3300    1200    1600    1500    1600    600     0       700     500     400     200     200     1100    900     600     100     400     
1401   1963 3200    2200    1300    700     1200    800     600     300     0       800     300     100     300     300     200     100     200     300     300     
1401   1964 7000    2400    5100    1300    2900    1600    1200    200     800     600     200     2100    700     700     200     1200    0       0       300     
1401   1965 -999999 1000    -999999 500     1600    -999999 1100    200     0       500     400     700     -999999 300     100     100     800     200     600     
1401   1966 4800    3600    1800    2600    800     700     800     1100    900     0       500     300     500     100     100     300     200     300     500     
1401   1967 5100    2200    2400    900     1300    1500    1900    200     200     800     200     300     200     700     600     400     700     800     0       
1401   1968 3700    2200    1200    400     1000    200     1500    400     0       300     700     0       100     100     0       300     700     500     600     
1401   1969 3300    3500    1100    1400    1800    200     300     800     0       900     600     300     0       0       200     0       300     0       200     
1401   1970 3100    1100    1500    800     200     1000    1100    300     300     0       0       200     500     200     300     300     400     400     200     
1401   1971 1500    1200    1000    400     700     200     200     0       200     0       400     300     0       0       200     100     100     0       200     
1401   1972 1400    700     600     500     500     200     300     0       300     100     400     0       0       200     0       0       0       300     100     
1401   1973 1900    700     900     200     600     300     700     0       100     200     100     300     200     100     0       200     100     400     200     
1401   1974 1600    1500    300     400     700     200     400     0       200     600     0       100     100     0       100     0       100     300     100     
1401   1975 1800    1300    1000    900     200     700     100     600     200     0       100     100     0       400     300     100     0       0       0       
1401   1976 2100    400     1200    300     500     700     200     0       300     100     100     300     400     100     200     100     100     0       400     
1401   1977 3000    1500    500     1200    500     200     1300    400     400     200     200     100     200     0       0       0       900     400     200     
1401   1978 2700    2600    700     1000    400     400     300     300     500     300     100     0       400     0       0       200     100     0       800     
1401   1979 3100    2700    600     2400    300     500     400     700     900     200     0       100     0       100     400     0       400     0       300     
1401   1980 2800    1600    1400    900     400     600     1100    100     500     300     100     0       0       0       600     700     200     200     100     
1401   1981 3400    1600    800     200     1300    200     700     100     0       1000    300     0       200     0       0       300     200     200     1100    
1401   1982 4000    3100    2200    2500    500     1900    200     1000    400     200     100     200     600     -999999 0       0       100     100     0       
1401   1983 3100    400     1800    200     300     1300    1200    0       200     0       0       300     400     800     100     200     200     800     100     
1401   1984 2000    1700    300     700     200     100     1000    300     300     0       200     0       0       100     0       0       100     900     100     
1401   1985 2400    1400    1200    300     100     1200    800     0       200     100     0       0       300     800     100     0       600     200     100     
1401   1986 2900    1300    2000    400     1000    700     800     300     0       100     0       900     0       100     600     400     200     200     100     
1401   1987 4500    1400    2400    500     1100    1200    1300    200     200     500     600     0       100     600     500     600     400     300     500     
1401   1988 5300    2400    2700    1500    1200    1300    1600    700     300     200     500     500     200     200     900     400     500     700     200     
1401   1989 6500    1700    4200    200     800     3600    1600    0       0       300     200     300     800     1300    1500    100     500     1000    500     
1401   1990 5900    3600    3600    1500    1100    2100    1600    300     700     600     200     300     800     300     1000    1000    500     100     100     
1401   1991 3600    1400    2200    100     800     1300    1100    0       0       700     100     0       300     100     900     800     100     200     400     
1401   1992 3800    1300    2400    500     1300    1000    900     0       100     500     100     700     100     0       900     600     0       300     500     
1401   1993 2500    1200    1500    700     500     1100    600     100     100     200     100     200     500     100     500     100     0       500     100     
1401   1994 7500    1100    5900    500     1100    4500    1100    400     0       100     200     800     700     1600    2200    400     300     400     400     
1401   1995 7100    2700    3400    1700    900     2700    1600    800     500     300     200     400     0       1400    1300    100     700     800     600     
1401   1996 4500    3300    2100    1700    600     1500    600     900     200     100     500     0       800     300     400     100     300     200     700     
1401   1997 6300    2400    3100    1700    1000    2100    1800    600     400     200     200     600     1100    200     800     200     1100    500     400     
1401   1998 4700    3400    3000    1400    900     2000    800     800     200     400     100     400     1000    600     400     500     100     200     0       
1401   1999 6000    1100    4400    500     1600    2800    700     400     100     300     0       1300    300     700     1800    300     300     100     400     
1401   2000 4200    1400    2200    800     1000    1300    900     0       400     200     0       800     600     400     300     100     700     100     600     
1401   2001 5600    3000    3100    900     1800    2600    900     300     0       1300    400     100     900     400     1300    0       900     0       0       
1401   2002 2400    1600    900     300     700     600     300     100     200     400     200     100     200     200     200     0       100     200     500     
1401   2003 7400    1600    6000    1100    1100    4900    800     300     300     200     400     500     2100    1500    1300    200     200     400     0       
1401   2004 3200    1600    1900    700     400     1100    900     700     0       300     0       100     100     0       1000    700     200     0       100     
1401   2005 5100    900     3600    200     1000    2800    1200    0       100     500     0       500     1000    1200    600     300     900     0       0       
1401   2006 5700    1700    3500    0       1800    2200    1700    0       0       800     500     500     600     1400    200     300     900     500     0       
1401   2007 3400    2000    2000    300     900     1400    400     0       300     300     300     300     500     400     500     0       300     100     400     
1401   2008 1500    1600    600     900     600     200     200     200     300     300     100     200     0       100     100     100     100     0       0       
1401   2009 1700    100     -999999 0       100     -999999 600     0       0       0       0       100     300     400     300     200     200     200     0       
1401   2010 1800    700     1000    0       500     800     300     0       0       300     100     100     200     500     100     0       300     0       200     
1401   2011 8100    1000    5700    300     2400    2900    2600    0       100     400     900     1100    1200    600     1100    800     800     1000    100     
1401   2012 7200    2000    5900    200     1300    3900    1800    0       100     0       700     600     1600    900     1400    700     800     300     100     
1401   2013 4500    2200    1800    200     1400    1100    1800    100     0       900     200     300     0       800     300     200     1300    300     100     
1401   2014 6500    2500    4400    600     1100    2500    2400    500     0       300     500     300     500     600     1400    1100    200     1100    0       
1401   2015 7200    2400    5300    0       2000    4300    400     0       0       1100    300     600     600     2200    1500    100     200     100     500     
1401   2016 8400    1900    5800    1400    900     4100    2300    400     500     200     500     200     1200    1800    1100    1000    1000    300     200     
1401   2017 7800    2200    6300    700     700     5600    900     100     400     200     100     400     1900    1900    1800    200     500     200     100     
1401   2018 8800    1500    7300    800     1600    4800    1700    600     100     0       700     900     1600    1800    1400    900     400     400     0       
1401   2019 5100    900     3500    0       600     2500    1500    0       0       100     300     200     100     1400    1000    500     700     300     500     
1401   2020 5700    2400    4200    1000    2100    2300    800     0       500     400     700     1000    700     700     900     200     300     300     0       
1401   2021 5200    1500    3500    600     600     2300    1200    400     200     300     100     200     1000    500     800     900     300     0       500     
