EUROPEAN CLIMATE ASSESSMENT & DATASET (ECA&D), file created on: 20-01-2022
THESE DATA CAN BE USED FOR NON-COMMERCIAL RESEARCH AND EDUCATION PROVIDED THAT THE FOLLOWING SOURCE IS ACKNOWLEDGED: 

Klein Tank, A.M.G. and Coauthors, 2002. Daily dataset of 20th-century surface
air temperature and precipitation series for the European Climate Assessment.
Int. J. of Climatol., 22, 1441-1453.
Data and metadata available at http://www.ecad.eu

FILE FORMAT (MISSING VALUE CODE = -999999):

THIS FILE HOLDS DATA FOR STATION UNITED KINGDOM                           EVERTON                                  (STAID:   1868)
LATITUDE: dd:mm:ss +50:44:30
LONGITUDE: ddd:mm:ss -001:34:26
ELEVATION: m   16

DATA IS FOR INDEX Days with TN > 90th percentile of daily min temp (warm nights) (TN90p) with unit 0.01 No of days

01-06 SOUID: Source identifier
08-11 YEAR : YYYY
13-20 ANNUAL DATA VALUES
21-28 WINTER HALF YEAR DATA VALUES
29-36 SUMMER HALF YEAR DATA VALUES
37-44 WINTER (DJF) DATA VALUES
45-52 SPRING (MAM) DATA VALUES
53-60 SUMMER (JJA) DATA VALUES
61-68 AUTUMN (SON) DATA VALUES
69-76 JANUARY DATA VALUES
etc. 
157-164 DECEMBER DATA VALUES

1868   1960 4900    -999999 2800    -999999 2300    1000    500     800     200     600     800     900     900     0       100     100     100     300     100     
1868   1961 5500    2100    3200    1200    2300    1000    700     0       1100    500     1400    400     200     200     600     400     300     0       400     
1868   1962 1000    1000    600     700     100     200     400     300     0       0       100     0       100     100     0       300     100     0       0       
1868   1963 1200    100     600     0       0       600     600     0       0       0       0       0       400     100     100     0       300     300     0       
1868   1964 3100    1100    1800    400     1100    600     700     0       400     100     400     600     100     200     300     200     0       500     300     
1868   1965 1200    1200    600     600     600     100     200     300     0       100     200     300     0       0       100     0       100     100     0       
1868   1966 4100    1800    1900    1400    700     1100    700     300     1100    200     300     200     800     0       300     300     400     0       200     
1868   1967 4600    2400    2000    1600    800     1200    900     700     700     400     100     300     400     600     200     400     500     0       300     
1868   1968 3200    1400    1200    600     1000    400     1500    300     0       300     600     100     100     200     100     100     1100    300     0       
1868   1969 3300    2100    1900    700     600     900     1100    700     0       0       100     500     100     300     500     400     700     0       0       
1868   1970 2800    1300    1100    500     300     600     1200    400     100     100     100     100     400     0       200     300     300     600     200     
1868   1971 2100    1300    1100    300     500     700     300     100     0       100     300     100     0       400     300     0       300     0       500     
1868   1972 2400    1400    1100    900     900     400     300     300     100     200     600     100     0       400     0       0       100     200     400     
1868   1973 2000    1300    1400    900     300     700     500     200     300     100     0       200     200     0       500     500     0       0       0       
1868   1974 2500    500     800     400     500     300     200     200     200     100     200     200     0       0       300     100     0       100     1100    
1868   1975 4200    2900    2300    2500    700     1700    200     1200    200     300     300     100     400     600     700     200     0       0       200     
1868   1976 5400    1500    3900    1400    800     2600    800     800     400     100     0       700     800     1500    300     600     200     0       0       
1868   1977 3900    1500    1300    400     1600    200     1400    100     300     900     500     200     0       200     0       400     700     300     300     
1868   1978 3400    2000    800     600     600     300     1600    100     200     400     0       200     300     0       0       300     500     800     600     
1868   1979 2600    -999999 1200    -999999 400     700     800     0       0       100     200     100     100     300     300     200     200     400     700     
1868   1980 4200    1800    2300    1200    600     1000    1500    0       500     0       500     100     -999999 100     400     700     100     700     600     
1868   1981 3300    -999999 1200    900     2100    300     600     200     100     1500    300     300     0       100     200     300     0       300     0       
1868   1982 6000    -999999 4200    600     1600    2600    1200    300     300     300     400     900     1300    500     800     300     100     800     0       
1868   1983 5300    2000    3000    -999999 600     2700    1200    700     0       400     0       200     400     1700    600     100     600     500     100     
1868   1984 3700    1600    1700    400     200     1100    2000    200     100     100     100     0       300     200     600     500     700     800     100     
1868   1985 3100    1900    1300    400     700     300     800     0       300     0       500     200     100     200     0       300     300     200     1000    
1868   1986 2200    1600    900     1100    0       900     600     100     0       0       0       0       700     100     100     0       200     400     600     
1868   1987 3800    1600    2000    800     1000    500     1200    100     100     200     400     400     100     200     200     700     400     100     900     
1868   1988 3800    2700    1400    1700    1800    0       600     600     200     500     400     900     0       0       0       100     200     300     600     
1868   1989 7400    3200    3800    1500    2300    2100    1700    400     500     1200    200     900     600     1000    500     600     700     400     400     
1868   1990 7200    4800    2500    2400    2300    1300    1500    800     1200    1300    100     900     400     300     600     200     700     600     100     
1868   1991 3500    3200    1100    500     1800    300     900     300     100     1400    300     100     0       100     200     400     200     300     100     
1868   1992 6200    2700    3800    1400    2400    2000    400     600     700     800     400     1200    400     700     900     200     0       200     100     
1868   1993 5100    1800    3100    -999999 2400    1100    200     800     100     600     1100    700     600     500     0       200     0       0       500     
1868   1994 7300    2400    3100    1300    2300    1800    1700    500     300     1100    500     700     500     600     700     100     200     1400    700     
1868   1995 6700    4500    3100    2500    1400    1900    1600    400     1400    400     500     500     300     1000    600     200     1000    400     0       
1868   1996 2300    -999999 900     -999999 100     600     1100    500     0       0       100     0       100     300     200     200     600     300     0       
1868   1997 4700    2000    2300    600     1100    1500    1100    0       600     500     300     300     500     0       1000    200     300     600     400     
1868   1998 5600    3000    3000    1300    2500    700     1100    400     500     800     500     1200    700     0       0       600     300     200     400     
1868   1999 6600    2300    -999999 1200    3000    -999999 1300    600     200     600     1100    1300    400     -999999 800     700     100     500     100     
1868   2000 7700    2700    4100    1200    2600    1700    1300    300     800     900     700     1000    1200    0       500     700     300     300     1000    
1868   2001 6200    2700    3600    1600    1700    2100    1800    300     300     500     500     700     500     600     1000    300     1300    200     0       
1868   2002 6900    4500    2200    2000    2600    500     1100    1100    900     1000    500     1100    100     100     300     100     200     800     700     
1868   2003 -999999 3300    5500    1600    2700    3400    -999999 600     300     700     1000    1000    1100    1200    1100    100     -999999 -999999 -999999 
