EUROPEAN CLIMATE ASSESSMENT & DATASET (ECA&D), file created on: 20-01-2022
THESE DATA CAN BE USED FOR NON-COMMERCIAL RESEARCH AND EDUCATION PROVIDED THAT THE FOLLOWING SOURCE IS ACKNOWLEDGED: 

Klein Tank, A.M.G. and Coauthors, 2002. Daily dataset of 20th-century surface
air temperature and precipitation series for the European Climate Assessment.
Int. J. of Climatol., 22, 1441-1453.
Data and metadata available at http://www.ecad.eu

FILE FORMAT (MISSING VALUE CODE = -999999):

THIS FILE HOLDS DATA FOR STATION FINLAND                                  VALASSAARET                              (STAID:   2272)
LATITUDE: dd:mm:ss +63:25:48
LONGITUDE: ddd:mm:ss +021:04:12
ELEVATION: m    4

DATA IS FOR INDEX Days with TN > 90th percentile of daily min temp (warm nights) (TN90p) with unit 0.01 No of days

01-06 SOUID: Source identifier
08-11 YEAR : YYYY
13-20 ANNUAL DATA VALUES
21-28 WINTER HALF YEAR DATA VALUES
29-36 SUMMER HALF YEAR DATA VALUES
37-44 WINTER (DJF) DATA VALUES
45-52 SPRING (MAM) DATA VALUES
53-60 SUMMER (JJA) DATA VALUES
61-68 AUTUMN (SON) DATA VALUES
69-76 JANUARY DATA VALUES
etc. 
157-164 DECEMBER DATA VALUES

2272   1959 6200    -999999 3700    -999999 3000    1800    500     200     500     1100    1000    900     400     400     1000    0       200     300     200     
2272   1960 1700    1000    1100    500     600     200     300     200     100     0       100     500     200     0       0       300     0       0       300     
2272   1961 7000    2500    1700    1400    1700    1000    2900    100     1000    1100    400     200     800     200     0       100     2100    700     300     
2272   1962 1700    3800    100     1000    100     0       700     600     100     0       100     0       0       0       0       0       300     400     200     
2272   1963 2200    900     1400    200     500     100     1500    0       0       0       300     200     0       0       100     800     500     200     100     
2272   1964 3900    2700    300     1800    500     0       900     1700    0       200     0       300     0       0       0       0       600     300     800     
2272   1965 3800    2300    2100    1400    400     400     2400    500     100     0       400     0       0       0       400     1300    1000    100     0       
2272   1966 3100    1200    2600    0       100     2500    400     0       0       100     0       0       1500    900     100     100     0       300     100     
2272   1967 5400    1800    2000    400     1500    700     2900    0       300     1100    400     0       100     100     500     900     700     1300    0       
2272   1968 2300    2300    1800    200     400     900     600     100     100     100     300     0       500     0       400     600     0       0       200     
2272   1969 2600    200     2400    200     0       2300    200     0       0       0       0       0       200     600     1500    100     0       100     100     
2272   1970 1900    200     1000    100     0       900     200     0       0       0       0       0       200     300     400     100     100     0       800     
2272   1971 2600    2200    1000    2100    200     800     100     1100    200     0       0       200     100     300     400     0       0       100     200     
2272   1972 4700    600     2600    300     400     2300    100     100     0       200     200     0       100     1500    700     100     0       0       1800    
2272   1973 7000    4600    4100    4100    1000    3600    0       1400    900     500     200     300     800     2600    200     0       0       0       100     
2272   1974 5000    1300    3100    1100    900     1300    1100    100     900     200     500     200     1000    0       300     1100    0       0       700     
2272   1975 6800    2500    3100    2200    2200    400     2400    900     600     300     700     1200    0       100     300     800     600     1000    300     
2272   1976 2100    2400    1400    800     900     500     100     100     400     0       200     700     0       0       500     0       0       100     100     
2272   1977 1800    900     300     300     500     200     400     200     0       500     0       0       200     0       0       100     0       300     500     
2272   1978 400     1100    0       600     200     0       100     100     0       200     0       0       0       0       0       0       0       100     0       
2272   1979 1200    100     700     0       200     500     200     0       0       0       100     100     100     0       400     0       0       200     300     
2272   1980 2500    700     2100    400     100     1900    400     100     0       100     0       0       800     500     600     200     200     0       0       
2272   1981 1800    600     1100    400     900     0       500     300     100     0       300     600     0       0       0       200     300     0       0       
2272   1982 3300    1000    1000    0       900     600     1200    0       0       700     200     0       200     200     200     200     200     800     600     
2272   1983 3900    2800    2600    1700    1600    700     500     900     200     100     500     1000    100     600     0       400     100     0       0       
2272   1984 4000    300     3100    200     1700    1400    300     200     0       0       300     1400    600     0       800     0       0       300     400     
2272   1985 700     700     600     400     0       300     400     0       0       0       0       0       0       0       300     300     100     0       0       
2272   1986 3100    700     1100    100     800     800     1100    100     0       500     100     200     800     0       0       0       0       1100    300     
2272   1987 1000    1500    0       300     100     0       800     0       0       100     0       0       0       0       0       0       700     100     100     
2272   1988 6200    2200    4200    1400    700     2800    1200    400     900     0       500     200     400     2200    200     700     500     0       200     
2272   1989 11700   4400    6400    2300    5600    1500    2100    1100    1000    1600    2100    1900    400     400     700     900     200     1000    400     
2272   1990 8000    5000    3300    2400    4000    600     500     0       2000    1400    1500    1100    0       0       600     100     400     0       900     
2272   1991 5600    2700    2400    1800    1100    1600    1200    700     200     500     600     0       0       0       1600    200     100     900     800     
2272   1992 7300    5600    3100    3200    2800    1300    400     1100    1300    1400    400     1000    1300    0       0       400     0       0       400     
2272   1993 3300    2100    1600    1700    2000    0       0       500     800     400     900     700     0       0       0       0       0       0       0       
2272   1994 4800    0       3400    0       1100    2200    600     0       0       0       900     200     0       900     1300    100     0       500     900     
2272   1995 6400    4000    2200    2500    1900    900     1600    700     900     1000    700     200     400     0       500     400     900     300     400     
2272   1996 4000    1700    2300    500     100     1900    1400    100     0       0       100     0       100     0       1800    300     500     600     500     
2272   1997 7400    3500    5000    1400    1400    3800    800     500     400     1000    200     200     600     1300    1900    800     0       0       500     
2272   1998 4600    2300    1800    2100    800     100     1600    900     700     200     300     300     0       0       100     1100    300     200     500     
2272   1999 8500    2100    5000    1300    2100    1900    3500    500     300     300     900     900     700     1000    200     1300    800     1400    200     
2272   2000 10100   4300    3100    1700    2500    500     4200    900     600     400     800     1300    0       0       500     500     2000    1700    1400    
2272   2001 6300    6600    2400    2900    700     700     3000    900     600     0       400     300     0       400     300     1000    1500    500     400     
2272   2002 12200   4900    9600    2300    3700    5600    900     1100    800     600     1400    1700    1600    1800    2200    900     0       0       100     
2272   2003 6300    1600    3800    900     800     2900    1300    400     400     700     0       100     0       1700    1200    800     200     300     500     
2272   2004 7400    2500    3900    1500    2200    1200    2200    300     700     500     800     900     0       300     900     1000    400     800     800     
2272   2005 9700    3700    4500    2400    1500    1900    4300    1000    600     100     700     700     400     800     700     1200    1400    1700    400     
2272   2006 11900   4600    7400    1500    1500    4000    3600    1100    0       0       800     700     600     900     2500    1900    800     900     1700    
2272   2007 8700    5100    4400    2500    3000    2000    1400    700     100     900     1500    600     200     200     1600    300     900     200     1500    
2272   2008 8100    5600    2900    3700    3200    500     1500    900     1300    800     1300    1100    400     100     0       0       700     800     700     
2272   2009 6200    2800    4400    1000    1900    1800    2100    300     0       300     500     1100    500     200     1100    1000    0       1100    100     
2272   2010 -999999 1200    -999999 100     100     -999999 500     0       0       0       100     0       100     -999999 700     100     400     0       0       
2272   2011 8800    700     4800    200     700     3000    3800    200     0       100     300     300     800     1200    1000    1200    800     1800    1100    
2272   2012 -999999 5200    1700    1200    2400    300     1700    100     0       1400    600     400     0       100     200     400     200     1100    -999999 
2272   2013 -999999 -999999 4700    -999999 1600    1600    2700    300     400     0       300     1300    900     0       700     1500    500     700     -999999 
2272   2014 -999999 -999999 6000    -999999 2800    3600    2000    -999999 -999999 1400    900     500     400     1800    1400    1000    500     500     600     
2272   2015 11700   5500    4500    2700    4200    1200    2800    800     1300    1800    1500    900     0       0       1200    900     800     1100    1400    
2272   2016 7800    5000    4600    2400    -999999 1500    1700    300     700     700     -999999 1400    300     1100    100     1200    200     300     1000    
2272   2017 -999999 -999999 1600    -999999 1400    700     900     -999999 -999999 1000    200     200     200     100     400     500     200     200     -999999 
2272   2018 -999999 -999999 7200    -999999 -999999 3400    4000    -999999 -999999 -999999 200     2200    500     1900    1000    1400    700     1900    700     
2272   2019 11600   -999999 6700    -999999 4000    3300    1100    500     -999999 1200    1700    1100    900     600     1800    600     100     400     1700    
2272   2020 18200   8000    7700    5800    4700    3800    4300    2500    1600    1700    1700    1300    2300    300     1200    900     1600    1800    1300    
2272   2021 11100   6500    7100    1800    3900    4300    2100    100     400     1300    1900    700     1600    1900    800     200     1000    900     300     
