EUROPEAN CLIMATE ASSESSMENT & DATASET (ECA&D), file created on: 20-01-2022
THESE DATA CAN BE USED FOR NON-COMMERCIAL RESEARCH AND EDUCATION PROVIDED THAT THE FOLLOWING SOURCE IS ACKNOWLEDGED: 

Klein Tank, A.M.G. and Coauthors, 2002. Daily dataset of 20th-century surface
air temperature and precipitation series for the European Climate Assessment.
Int. J. of Climatol., 22, 1441-1453.
Data and metadata available at http://www.ecad.eu

FILE FORMAT (MISSING VALUE CODE = -999999):

THIS FILE HOLDS DATA FOR STATION FINLAND                                  ROVANIEMI APUKKA                         (STAID:   7801)
LATITUDE: dd:mm:ss +66:34:44
LONGITUDE: ddd:mm:ss +026:00:54
ELEVATION: m  106

DATA IS FOR INDEX Days with TN > 90th percentile of daily min temp (warm nights) (TN90p) with unit 0.01 No of days

01-06 SOUID: Source identifier
08-11 YEAR : YYYY
13-20 ANNUAL DATA VALUES
21-28 WINTER HALF YEAR DATA VALUES
29-36 SUMMER HALF YEAR DATA VALUES
37-44 WINTER (DJF) DATA VALUES
45-52 SPRING (MAM) DATA VALUES
53-60 SUMMER (JJA) DATA VALUES
61-68 AUTUMN (SON) DATA VALUES
69-76 JANUARY DATA VALUES
etc. 
157-164 DECEMBER DATA VALUES

7801   1959 4600    -999999 2000    -999999 2000    800     700     300     200     800     400     800     300     300     200     0       200     500     600     
7801   1960 4600    1600    3700    700     1300    1900    700     100     0       200     300     800     300     1000    600     700     0       0       600     
7801   1961 6400    2000    2300    1500    600     1700    3000    500     400     500     0       100     800     800     100     500     1900    600     200     
7801   1962 2500    3900    600     1400    400     100     800     600     600     0       300     100     0       0       100     100     200     500     0       
7801   1963 4200    800     3300    100     1500    700     1600    100     0       0       500     1000    0       100     600     1100    200     300     300     
7801   1964 3300    1600    900     1100    300     600     900     800     0       0       100     200     100     100     400     0       500     400     700     
7801   1965 2100    1900    1700    1000    800     600     400     300     0       0       800     0       0       0       600     300     0       100     0       
7801   1966 2700    100     1500    0       600     900     800     0       0       0       200     400     700     100     100     0       0       800     400     
7801   1967 6000    3000    2300    800     1500    1400    2600    0       400     1400    0       100     0       400     1000    800     500     1300    100     
7801   1968 1600    2100    1100    100     600     500     300     0       0       200     300     100     100     300     100     200     0       100     200     
7801   1969 1400    400     1000    300     200     800     100     100     0       0       200     0       100     300     400     0       0       100     200     
7801   1970 2600    400     1900    200     500     900     1100    0       0       100     0       400     600     300     0       600     0       500     100     
7801   1971 2800    1600    1400    1100    300     1000    300     800     200     0       100     200     200     200     600     100     0       200     200     
7801   1972 5600    900     3600    500     1000    2400    500     300     0       200     600     200     700     1200    500     400     100     0       1400    
7801   1973 3900    3100    2100    2700    900     1500    200     700     600     300     200     400     600     700     200     0       0       200     0       
7801   1974 6200    1500    3200    1300    100     1800    1400    600     700     0       0       100     300     900     600     1300    100     0       1600    
7801   1975 4800    3600    2000    3000    1700    200     1200    900     500     500     300     900     0       200     0       600     100     500     300     
7801   1976 2700    1800    1200    1200    1100    100     100     100     800     0       500     600     0       0       100     0       0       100     500     
7801   1977 2500    1800    800     1000    1000    400     400     400     100     700     200     100     100     200     100     100     0       300     200     
7801   1978 2600    2300    800     800     1400    600     0       500     100     1200    0       200     200     100     300     0       0       0       0       
7801   1979 4100    600     2400    100     1400    1400    400     100     0       500     200     700     500     200     700     100     0       300     800     
7801   1980 2800    1100    2400    800     600     1700    300     0       0       0       400     200     1200    100     400     100     200     0       200     
7801   1981 2000    600     1100    400     300     600     900     200     0       0       300     0       0       500     100     200     600     100     0       
7801   1982 3500    1900    900     700     800     400     1100    100     600     500     100     200     0       100     300     200     100     800     500     
7801   1983 5400    2200    4200    1100    2400    800     1400    500     100     200     1000    1200    300     300     200     1200    200     0       200     
7801   1984 3800    1500    1600    1300    1000    400     700     400     700     0       300     700     200     0       200     200     400     100     600     
7801   1985 1900    1200    1700    600     400     1200    300     0       0       100     0       300     300     100     800     200     100     0       0       
7801   1986 -999999 1600    -999999 200     -999999 1100    1400    200     0       1300    -999999 -999999 900     200     0       0       400     1000    200     
7801   1987 2500    1700    500     200     400     200     1900    0       0       100     0       300     100     0       100     0       1900    0       0       
7801   1988 5500    3700    3300    1600    800     2200    900     600     1000    200     500     100     800     1200    200     500     200     200     0       
7801   1989 7000    3500    3200    1400    3700    1000    700     800     600     1700    1400    600     400     200     400     200     0       500     200     
7801   1990 5700    2900    2200    2100    1300    1200    300     0       1900    300     800     200     200     400     600     0       200     100     1000    
7801   1991 4500    1900    2100    1600    600     1500    1300    300     300     0       600     0       100     600     800     0       700     600     500     
7801   1992 5800    3900    2500    1600    2100    600     900     600     500     1000    300     800     400     200     0       800     100     0       1100    
7801   1993 3400    2500    1800    2200    1300    700     0       700     400     200     400     700     0       100     600     0       0       0       300     
7801   1994 3600    600     2000    400     1200    1000    400     100     0       200     900     100     100     600     300     0       200     200     900     
7801   1995 4900    3800    1800    2700    1600    800     500     800     1000    700     300     600     500     0       300     100     300     100     200     
7801   1996 3000    1400    800     1000    0       600     1300    600     200     0       0       0       0       0       600     200     600     500     300     
7801   1997 2900    2100    1600    800     300     1000    600     200     300     200     0       100     300     300     400     500     0       100     500     
7801   1998 4100    1400    2100    1100    1000    900     1100    500     100     200     400     400     100     700     100     400     200     500     500     
7801   1999 4400    2400    -999999 1600    -999999 1400    1200    800     300     100     500     -999999 600     700     100     600     300     300     100     
7801   2000 8000    1500    3700    700     1500    1800    3500    300     300     200     500     800     600     800     400     600     1700    1200    600     
7801   2001 4600    4000    3400    1100    900     1600    1400    400     100     0       600     300     100     900     600     900     200     300     200     
7801   2002 4300    1700    3300    800     1700    1900    100     400     200     400     700     600     300     1000    600     100     0       0       0       
7801   2003 5600    1300    3500    600     1900    2100    700     0       600     700     500     700     0       1400    700     200     0       500     300     
7801   2004 5300    2300    2900    1300    1000    1200    1600    700     300     500     200     300     0       500     700     1200    0       400     500     
7801   2005 6300    2400    2900    1900    500     2100    2300    1000    400     100     100     300     500     600     1000    400     900     1000    0       
7801   2006 5800    2600    -999999 700     1100    -999999 1800    700     0       0       500     600     500     -999999 600     700     100     1000    900     
7801   2007 6100    3700    1800    1700    1700    800     1600    800     0       900     300     500     100     200     500     200     1300    100     1200    
7801   2008 5500    5300    1500    3300    1300    700     500     1200    900     600     500     200     0       200     500     100     300     100     900     
7801   2009 5100    2000    3100    1300    1200    1300    1900    300     100     300     100     800     600     0       700     900     0       1000    300     
7801   2010 3900    1300    3300    300     1500    1400    1000    0       0       0       400     1100    0       700     700     400     500     100     0       
7801   2011 8200    1500    4300    200     2000    2000    2500    100     100     700     600     700     800     800     400     1000    600     900     1500    
7801   2012 3200    3700    1700    1900    1400    400     900     100     300     300     500     600     0       400     0       200     100     600     100     
7801   2013 7400    1900    5000    1200    1500    2600    1100    400     700     0       700     800     1000    800     800     900     200     0       1100    
7801   2014 8100    5000    3100    3600    2000    2100    700     800     1700    1200    300     500     500     700     900     200     200     300     800     
7801   2015 6800    3600    3200    2200    2100    900     1900    400     1000    900     600     600     100     200     600     1100    300     500     500     
7801   2016 6500    2900    4200    1600    2100    1700    1400    100     1000    500     900     700     500     700     500     900     0       500     200     
7801   2017 3100    1600    1500    700     800     900     400     200     300     400     200     200     200     200     500     200     100     100     500     
7801   2018 6100    1200    4100    1000    1300    2200    1900    200     300     0       200     1100    100     1000    1100    600     300     1000    200     
7801   2019 5700    2700    2600    700     1200    1600    1100    100     400     700     0       500     500     100     1000    500     0       600     1300    
7801   2020 7800    4200    2400    3000    800     1900    2600    800     900     600     200     0       800     500     600     300     1200    1100    800     
7801   2021 4400    3600    2600    900     900     2100    1000    0       100     400     100     400     500     800     800     0       700     300     300     
