EUROPEAN CLIMATE ASSESSMENT & DATASET (ECA&D), file created on: 20-01-2022
THESE DATA CAN BE USED FOR NON-COMMERCIAL RESEARCH AND EDUCATION PROVIDED THAT THE FOLLOWING SOURCE IS ACKNOWLEDGED: 

Klein Tank, A.M.G. and Coauthors, 2002. Daily dataset of 20th-century surface
air temperature and precipitation series for the European Climate Assessment.
Int. J. of Climatol., 22, 1441-1453.
Data and metadata available at http://www.ecad.eu

FILE FORMAT (MISSING VALUE CODE = -999999):

THIS FILE HOLDS DATA FOR STATION GERMANY                                  LINGEN                                   (STAID:   4360)
LATITUDE: dd:mm:ss +52:31:09
LONGITUDE: ddd:mm:ss +007:18:29
ELEVATION: m   22

DATA IS FOR INDEX Days with TN > 90th percentile of daily min temp (warm nights) (TN90p) with unit 0.01 No of days

01-06 SOUID: Source identifier
08-11 YEAR : YYYY
13-20 ANNUAL DATA VALUES
21-28 WINTER HALF YEAR DATA VALUES
29-36 SUMMER HALF YEAR DATA VALUES
37-44 WINTER (DJF) DATA VALUES
45-52 SPRING (MAM) DATA VALUES
53-60 SUMMER (JJA) DATA VALUES
61-68 AUTUMN (SON) DATA VALUES
69-76 JANUARY DATA VALUES
etc. 
157-164 DECEMBER DATA VALUES

4360   1951 2600    -999999 1200    -999999 500     500     1100    200     100     400     100     0       200     100     200     600     0       500     200     
4360   1952 1700    1100    1200    500     600     700     100     200     100     100     400     100     0       400     300     0       100     0       0       
4360   1953 4300    1100    1700    800     800     1100    1100    300     500     200     100     500     400     600     100     0       700     400     500     
4360   1954 2700    2000    800     700     400     400     1300    200     0       200     100     100     300     100     0       200     700     400     400     
4360   1955 2800    1700    2000    400     700     1200    600     0       0       200     400     100     200     300     700     300     0       300     300     
4360   1956 2000    900     400     500     400     0       500     100     100     100     0       300     0       0       0       100     400     0       900     
4360   1957 4600    3700    1200    2300    1100    1000    1100    400     1000    1000    100     0       400     500     100     100     600     400     0       
4360   1958 3400    1700    1900    600     500     1100    900     0       600     100     0       400     200     200     700     400     400     100     300     
4360   1959 3800    1700    2500    600     1600    1500    300     300     0       600     700     300     300     800     400     0       0       300     100     
4360   1960 4100    1800    1200    1200    900     500     1300    800     300     300     400     200     100     0       400     100     500     700     300     
4360   1961 5600    3300    3200    1500    1700    700     1800    100     1100    600     900     200     100     300     300     1400    400     0       200     
4360   1962 1300    1200    500     700     300     200     300     300     200     100     100     100     100     100     0       100     200     0       0       
4360   1963 1900    200     1000    0       500     400     1000    0       0       0       400     100     200     100     100     100     100     800     0       
4360   1964 3600    1600    1900    400     1200    600     900     0       400     300     600     300     200     100     300     400     0       500     500     
4360   1965 1300    1800    300     800     600     200     100     300     0       500     100     0       200     0       0       0       100     0       100     
4360   1966 4500    1600    2400    1400    1300    1100    700     400     900     100     800     400     800     100     200     100     600     0       100     
4360   1967 3700    2000    1600    1000    800     900     900     300     600     400     0       400     100     400     400     300     600     0       200     
4360   1968 4100    1600    2000    500     1500    700     1600    300     0       500     900     100     200     200     300     300     800     500     0       
4360   1969 3600    1600    2800    300     700     1800    800     300     0       0       0       700     300     1100    400     300     300     200     0       
4360   1970 2600    500     1700    0       800     800     900     0       0       0       400     400     500     100     200     100     300     500     100     
4360   1971 3700    1900    1100    900     600     700     800     600     200     200     100     300     0       200     500     0       500     300     800     
4360   1972 2600    2000    1400    1100    600     900     400     0       300     100     100     400     0       900     0       0       100     300     400     
4360   1973 2400    1300    1700    800     500     900     500     100     300     100     0       400     200     500     200     400     0       100     100     
4360   1974 3700    1600    700     1300    300     300     600     900     300     200     100     0       100     0       200     300     0       300     1300    
4360   1975 4400    3700    2300    3100    300     1600    700     1400    400     300     0       0       200     300     1100    700     0       0       0       
4360   1976 3300    900     2000    900     400     1500    500     700     200     0       100     300     800     600     100     100     300     100     0       
4360   1977 4000    2100    700     700     1200    400     1200    200     500     1000    200     0       300     0       100     100     400     700     500     
4360   1978 3100    2700    1300    900     1000    900     600     0       400     700     100     200     600     200     100     100     0       500     200     
4360   1979 3100    700     1500    200     500     600     1100    0       0       0       100     400     400     100     100     400     500     200     900     
4360   1980 2900    2200    1400    1400    200     1000    1000    0       500     100     100     0       200     200     600     300     100     600     200     
4360   1981 5300    2700    3200    600     3000    1300    600     100     300     1400    600     1000    500     300     500     300     0       300     0       
4360   1982 4800    900     3300    500     1100    1800    1400    400     100     100     200     800     800     600     400     500     300     600     0       
4360   1983 5900    2600    3200    1100    1000    2600    800     1100    0       600     400     0       600     1400    600     200     300     300     400     
4360   1984 1700    1100    900     500     0       600     1000    100     0       0       0       0       100     200     300     300     500     200     0       
4360   1985 3400    900     1500    100     1200    300     800     0       100     100     700     400     100     200     0       100     600     100     1000    
4360   1986 3400    1900    1700    1200    400     1300    1100    200     0       0       0       400     400     700     200     0       300     800     400     
4360   1987 4600    1800    2400    400     700     1500    1300    0       0       300     300     100     300     500     700     500     500     300     1100    
4360   1988 5200    3500    2400    2500    1700    600     1000    1000    400     200     300     1200    0       300     300     300     300     400     500     
4360   1989 6400    2400    3900    1100    1900    1900    1500    500     100     600     500     800     700     300     900     700     800     0       500     
4360   1990 6400    4600    2100    2700    1900    1300    1000    1000    1200    1100    200     600     400     200     700     0       600     400     0       
4360   1991 4300    2800    2200    800     1500    1500    400     600     200     1000    400     100     100     900     500     200     100     100     100     
4360   1992 5600    1800    3400    1300    1900    1700    700     600     600     300     300     1300    500     700     500     100     0       600     100     
4360   1993 4000    2000    2300    1000    2200    500     100     800     100     400     900     900     300     200     0       0       100     0       300     
4360   1994 5600    1800    3000    1000    1500    2200    900     600     100     700     600     200     200     1500    500     0       200     700     300     
4360   1995 6400    2500    3400    1500    1000    2300    1900    100     1100    100     600     300     100     1400    800     200     1200    500     0       
4360   1996 2500    1800    2000    100     700     1200    500     100     0       0       400     300     500     0       700     100     100     300     0       
4360   1997 6100    2000    3300    900     1200    2400    1000    0       900     700     100     400     400     200     1800    400     200     400     600     
4360   1998 6200    4200    2600    2800    2300    700     600     900     1300    800     800     700     400     100     200     400     200     0       400     
4360   1999 6200    1900    3900    1100    2100    900     2300    600     100     600     1100    400     0       700     200     1500    500     300     200     
4360   2000 7400    2800    3400    1600    2000    1300    1500    600     800     400     800     800     500     200     600     500     700     300     1200    
4360   2001 5400    3100    2400    1800    900     1600    2000    200     400     300     300     300     200     600     800     200     1600    200     300     
4360   2002 5500    4600    2400    2300    1100    1800    200     800     1200    500     200     400     600     400     800     0       100     100     400     
4360   2003 4800    1700    2900    900     1400    1900    800     500     0       600     500     300     600     400     900     200     0       600     200     
4360   2004 4600    2100    2300    1000    1100    1500    900     0       800     500     500     100     100     200     1200    200     400     300     300     
4360   2005 6100    2800    3000    1000    2300    1000    2000    700     0       1100    500     700     400     400     200     800     800     400     100     
4360   2006 8500    2100    4400    400     1400    2300    3400    0       300     500     300     600     500     1600    200     1200    1100    1100    1100    
4360   2007 6200    6200    2800    3400    1800    1600    200     1400    900     600     1000    200     1100    300     200     0       100     100     300     
4360   2008 4700    2200    2600    1700    1100    1600    600     1000    400     300     200     600     300     800     500     200     200     200     0       
4360   2009 4500    600     2500    200     1300    1200    1600    0       200     0       1300    0       500     400     300     0       200     1400    200     
4360   2010 4000    2700    2200    300     1000    1900    1000    0       100     800     200     0       300     1300    300     100     300     600     0       
4360   2011 5300    2300    2700    1000    1800    800     1400    600     400     400     1100    300     300     0       500     500     500     400     300     
4360   2012 6200    2800    2900    1300    2400    900     1100    700     300     600     500     1300    200     200     500     200     600     300     800     
4360   2013 4300    2600    2200    1700    600     1400    1100    800     100     0       500     100     400     600     400     200     700     200     300     
4360   2014 7600    3100    3900    1600    2500    1700    1800    800     500     600     1500    400     300     1100    300     300     1000    500     300     
4360   2015 5200    2100    1400    600     200     1100    1700    300     0       0       100     100     100     600     400     100     200     1400    1900    
4360   2016 6300    4800    4300    2900    1700    2200    1000    400     600     300     400     1000    700     900     600     700     0       300     400     
4360   2017 4900    2000    2200    1100    1600    1000    1300    0       700     600     200     800     600     200     200     200     600     500     300     
4360   2018 8400    2200    5400    1000    2800    2100    2000    700     0       100     1200    1500    900     700     500     600     700     700     800     
4360   2019 6700    3800    3200    1800    1000    2300    1900    500     500     600     400     0       700     900     700     500     1000    400     500     
4360   2020 -999999 4200    -999999 2200    1300    -999999 -999999 700     1000    600     500     200     -999999 -999999 -999999 -999999 -999999 -999999 -999999 
