EUROPEAN CLIMATE ASSESSMENT & DATASET (ECA&D), file created on: 20-01-2022
THESE DATA CAN BE USED FOR NON-COMMERCIAL RESEARCH AND EDUCATION PROVIDED THAT THE FOLLOWING SOURCE IS ACKNOWLEDGED: 

Klein Tank, A.M.G. and Coauthors, 2002. Daily dataset of 20th-century surface
air temperature and precipitation series for the European Climate Assessment.
Int. J. of Climatol., 22, 1441-1453.
Data and metadata available at http://www.ecad.eu

FILE FORMAT (MISSING VALUE CODE = -999999):

THIS FILE HOLDS DATA FOR STATION SERBIA                                   SJENICA                                  (STAID:   2933)
LATITUDE: dd:mm:ss +43:16:00
LONGITUDE: ddd:mm:ss +020:01:00
ELEVATION: m 1038

DATA IS FOR INDEX Days with TN > 90th percentile of daily min temp (warm nights) (TN90p) with unit 0.01 No of days

01-06 SOUID: Source identifier
08-11 YEAR : YYYY
13-20 ANNUAL DATA VALUES
21-28 WINTER HALF YEAR DATA VALUES
29-36 SUMMER HALF YEAR DATA VALUES
37-44 WINTER (DJF) DATA VALUES
45-52 SPRING (MAM) DATA VALUES
53-60 SUMMER (JJA) DATA VALUES
61-68 AUTUMN (SON) DATA VALUES
69-76 JANUARY DATA VALUES
etc. 
157-164 DECEMBER DATA VALUES

2933   1948 4800    -999999 1600    -999999 800     300     2200    1500    0       0       400     400     300     0       0       500     1000    700     -999999 
2933   1949 -999999 -999999 -999999 -999999 -999999 100     1300    -999999 -999999 -999999 -999999 100     0       0       100     300     400     600     100     
2933   1950 5300    1400    3200    300     1500    1400    1100    200     0       100     800     600     400     600     400     400     600     100     1100    
2933   1951 6800    3800    3400    2100    1800    1600    2100    500     500     1000    400     400     800     300     500     1000    400     700     300     
2933   1952 6300    2200    3400    800     1200    1600    2100    300     200     300     300     600     600     500     500     900     800     400     900     
2933   1953 3700    2500    2900    1300    600     2300    400     400     0       0       300     300     1200    800     300     0       400     0       0       
2933   1954 4200    1300    2500    200     1300    1500    800     100     100     700     400     200     900     300     300     400     0       400     400     
2933   1955 6400    3200    2500    2400    700     1900    1300    1000    1000    400     0       300     800     900     200     300     800     200     500     
2933   1956 3200    2300    2200    1200    1300    900     300     700     0       100     900     300     400     100     400     100     100     100     0       
2933   1957 5000    900     2600    400     1000    1200    1800    0       400     300     200     500     500     300     400     700     700     400     600     
2933   1958 4900    2900    1700    1800    500     1200    1000    400     800     0       100     400     500     300     400     0       300     700     1000    
2933   1959 5200    3200    2400    1400    1400    1700    500     400     0       800     500     100     400     800     500     100     100     300     1200    
2933   1960 5800    3200    1700    2300    1100    800     1800    300     800     500     0       600     100     100     600     300     1200    300     1000    
2933   1961 3300    2900    1500    1100    1400    400     1000    100     0       300     1000    100     200     100     100     0       500     500     400     
2933   1962 4300    2100    2100    800     1000    1300    1500    300     100     300     0       700     300     500     500     100     800     600     100     
2933   1963 4200    2500    2000    900     800     1200    1100    800     0       200     500     100     300     500     400     200     100     800     300     
2933   1964 2200    1500    900     400     500     500     1100    0       100     200     200     100     200     200     100     100     600     400     0       
2933   1965 2000    1200    1100    100     300     500     700     100     0       100     0       200     200     200     100     400     0       300     400     
2933   1966 3800    1600    1500    1000    1100    700     1200    0       600     300     700     100     300     100     300     0       1000    200     200     
2933   1967 3300    2000    1500    200     1300    500     1200    0       0       600     400     300     0       300     200     300     500     400     300     
2933   1968 4300    2100    2400    1000    1600    600     1200    0       700     200     500     900     400     0       200     400     300     500     200     
2933   1969 4400    2100    2600    900     1200    500     1900    300     400     400     200     600     100     100     300     1300    0       600     100     
2933   1970 3900    2400    1400    1500    700     800     600     900     500     300     200     200     200     300     300     200     100     300     400     
2933   1971 4400    2300    2500    1700    900     1500    500     1000    300     200     300     400     500     400     600     300     0       200     200     
2933   1972 3500    1500    2100    800     1100    1100    700     100     500     500     600     0       200     900     0       400     0       300     0       
2933   1973 3300    600     2400    300     500     1500    900     200     100     0       0       500     500     600     400     400     300     200     100     
2933   1974 2200    1700    800     900     400     200     500     400     400     300     0       100     200     0       0       500     0       0       300     
2933   1975 2600    1000    1600    300     1200    1000    400     0       0       700     400     100     400     300     300     100     100     200     0       
2933   1976 2300    500     600     200     300     200     1200    0       200     0       200     100     0       200     0       100     400     700     400     
2933   1977 4500    3800    1900    2100    1800    500     300     600     1100    600     500     700     0       200     300     200     0       100     200     
2933   1978 3200    1600    900     1300    400     600     300     600     500     200     100     100     300     100     200     100     200     0       800     
2933   1979 5100    3700    1000    2700    900     500     1200    700     1200    800     100     0       100     200     200     400     400     400     600     
2933   1980 2600    1800    1700    900     300     1200    800     100     200     100     0       200     200     400     600     300     300     200     0       
2933   1981 4300    1100    2400    0       1200    1100    1200    0       0       600     300     300     700     300     100     700     500     0       800     
2933   1982 6200    1800    3200    1000    1200    1600    2000    200     0       300     200     700     600     100     900     700     1100    200     1200    
2933   1983 3600    3200    2600    1500    1400    1600    100     100     200     400     800     200     200     800     600     0       0       100     200     
2933   1984 3700    1400    1200    1200    300     800     1400    500     500     100     0       200     200     200     400     200     1200    0       200     
2933   1985 2800    1900    1600    500     1300    400     500     200     100     200     400     700     200     0       200     100     0       400     300     
2933   1986 4800    2600    2700    1500    1500    1700    400     700     500     700     0       800     600     500     600     200     200     0       0       
2933   1987 5500    1200    3000    800     700     2100    1600    300     500     200     400     100     700     900     500     400     600     600     300     
2933   1988 -999999 2700    3200    1400    1200    1800    400     700     400     100     100     1000    200     900     700     300     100     0       -999999 
2933   1989 4400    -999999 2400    -999999 1200    1200    600     -999999 300     400     600     200     100     200     900     400     100     100     700     
2933   1990 4000    1800    1600    1200    900     800     1800    300     200     400     200     300     600     0       200     300     400     1100    0       
2933   1991 4800    2400    2700    300     900     1900    1700    300     0       600     100     200     600     400     900     500     600     600     0       
2933   1992 4500    1800    2000    300     800     1400    1600    100     200     300     400     100     600     200     600     100     1200    300     400     
2933   1993 4500    2300    2300    600     900     1100    1800    200     0       200     200     500     300     200     600     500     900     400     500     
2933   1994 6100    3700    3600    1900    1400    2000    1100    1000    400     500     500     400     500     900     600     700     400     0       200     
2933   1995 5100    1900    3000    1000    1200    2200    300     100     700     500     200     500     300     1300    600     100     0       200     600     
2933   1996 6600    1800    4000    1600    1200    2300    1600    900     100     0       300     900     700     500     1100    500     700     400     500     
2933   1997 4200    2600    2500    1500    500     1900    500     800     200     0       0       500     700     500     700     100     0       400     300     
2933   1998 6300    1900    4200    1300    1500    2200    1600    700     300     200     800     500     600     700     900     700     800     100     0       
2933   1999 7900    2100    5400    800     1500    3800    1300    600     200     400     600     500     1300    1300    1200    500     600     200     500     
2933   2000 5400    1400    3000    500     1200    1300    2400    0       0       100     600     500     300     600     400     600     1000    800     500     
2933   2001 7400    5100    3900    2000    2700    2200    1000    1300    200     1300    300     1100    400     900     900     300     400     300     0       
2933   2002 8200    2600    4700    1000    2100    3000    1500    300     700     900     400     800     400     1200    1400    500     500     500     600     
2933   2003 5600    2200    3600    1200    1000    2300    1600    600     0       0       200     800     1200    700     400     300     500     800     100     
2933   2004 6000    2800    3100    1000    1400    1600    1400    400     500     500     900     0       700     600     300     600     600     200     700     
2933   2005 4300    1500    3200    700     600     1900    1100    0       0       0       300     300     300     500     1100    700     300     100     700     
2933   2006 6000    2000    4100    1200    1700    2000    1600    100     400     400     900     400     600     500     900     800     700     100     200     
2933   2007 6400    2900    3800    1400    1700    2500    900     700     500     700     0       1000    1300    300     900     300     600     0       100     
2933   2008 5800    2000    2800    800     1200    1900    1100    400     300     600     500     100     800     500     600     300     400     400     900     
2933   2009 7800    3900    3700    2500    1300    2500    1500    1100    500     600     500     200     600     900     1000    500     600     400     900     
2933   2010 7600    3700    4100    2000    1600    2700    1400    900     200     700     400     500     1000    900     800     500     300     600     800     
2933   2011 5100    2700    3300    1400    1000    2100    900     500     100     400     100     500     1000    700     400     600     300     0       500     
2933   2012 6600    900     4600    600     500     3000    2700    100     0       0       300     200     700     1400    900     1100    600     1000    300     
2933   2013 6300    4200    2500    1700    1800    1200    1800    1100    300     900     300     600     600     200     400     400     400     1000    100     
2933   2014 8100    4000    3600    2100    1400    1700    2100    1000    1000    500     800     100     200     1000    500     1000    500     600     900     
2933   2015 5300    3200    3300    1800    1100    1900    1400    700     200     300     100     700     500     900     500     600     700     100     0       
2933   2016 7600    3000    4300    2000    800     3100    1700    1000    1000    200     500     100     1100    1100    900     600     700     400     0       
2933   2017 5700    2500    3700    700     1700    2400    500     0       700     700     400     600     1200    500     700     300     0       200     400     
2933   2018 10300   3300    5900    1900    3000    3800    1700    1000    500     1200    1200    600     1400    1400    1000    300     600     800     300     
2933   2019 8500    3000    4700    800     1500    3300    2600    100     400     800     500     200     1600    700     1000    700     200     1700    600     
2933   2020 8000    3600    4900    1200    1800    2800    1800    200     400     500     600     700     600     900     1300    800     400     600     1000    
2933   2021 7300    3900    4100    2800    900     2700    1400    900     900     100     200     600     700     1200    800     600     300     500     500     
