EUROPEAN CLIMATE ASSESSMENT & DATASET (ECA&D), file created on: 20-01-2022
THESE DATA CAN BE USED FOR NON-COMMERCIAL RESEARCH AND EDUCATION PROVIDED THAT THE FOLLOWING SOURCE IS ACKNOWLEDGED: 

Klein Tank, A.M.G. and Coauthors, 2002. Daily dataset of 20th-century surface
air temperature and precipitation series for the European Climate Assessment.
Int. J. of Climatol., 22, 1441-1453.
Data and metadata available at http://www.ecad.eu

FILE FORMAT (MISSING VALUE CODE = -999999):

THIS FILE HOLDS DATA FOR STATION ALGERIA                                  EL-GOLEA                                 (STAID:    311)
LATITUDE: dd:mm:ss +30:34:00
LONGITUDE: ddd:mm:ss +002:52:00
ELEVATION: m  397

DATA IS FOR INDEX Days with TN > 90th percentile of daily min temp (warm nights) (TN90p) with unit 0.01 No of days

01-06 SOUID: Source identifier
08-11 YEAR : YYYY
13-20 ANNUAL DATA VALUES
21-28 WINTER HALF YEAR DATA VALUES
29-36 SUMMER HALF YEAR DATA VALUES
37-44 WINTER (DJF) DATA VALUES
45-52 SPRING (MAM) DATA VALUES
53-60 SUMMER (JJA) DATA VALUES
61-68 AUTUMN (SON) DATA VALUES
69-76 JANUARY DATA VALUES
etc. 
157-164 DECEMBER DATA VALUES

311    1892 2700    -999999 300     -999999 1100    200     200     500     300     1000    0       100     100     0       100     0       200     0       400     
311    1893 2400    1100    1200    500     900     600     800     0       100     400     100     400     0       500     100     100     300     400     0       
311    1894 -999999 -999999 1100    -999999 800     500     100     -999999 100     200     200     400     100     300     100     0       0       100     0       
311    1895 3000    800     1500    600     700     700     1000    100     500     100     500     100     0       0       700     200     400     400     0       
311    1896 1200    1700    100     700     200     100     0       200     500     200     0       0       0       100     0       0       0       0       200     
311    1897 600     200     300     200     300     0       300     0       0       0       100     200     0       0       0       0       100     200     0       
311    1898 900     600     600     300     100     400     100     300     0       0       0       100     300     0       100     100     0       0       0       
311    1899 -999999 -999999 -999999 -999999 -999999 -999999 -999999 -999999 -999999 -999999 -999999 -999999 -999999 -999999 -999999 -999999 -999999 -999999 -999999 
311    1900 -999999 -999999 -999999 -999999 -999999 -999999 -999999 -999999 -999999 -999999 -999999 -999999 -999999 -999999 -999999 -999999 -999999 -999999 -999999 
311    1901 -999999 -999999 -999999 -999999 -999999 -999999 -999999 -999999 -999999 -999999 -999999 -999999 -999999 -999999 -999999 -999999 -999999 -999999 -999999 
311    1902 -999999 -999999 -999999 -999999 -999999 -999999 -999999 -999999 -999999 -999999 -999999 -999999 -999999 -999999 -999999 -999999 -999999 -999999 -999999 
311    1903 -999999 -999999 -999999 -999999 -999999 -999999 -999999 -999999 -999999 -999999 -999999 -999999 -999999 -999999 -999999 -999999 -999999 -999999 -999999 
311    1904 -999999 -999999 -999999 -999999 -999999 -999999 -999999 -999999 -999999 -999999 -999999 -999999 -999999 -999999 -999999 -999999 -999999 -999999 -999999 
311    1905 -999999 -999999 -999999 -999999 -999999 -999999 -999999 -999999 -999999 -999999 -999999 -999999 -999999 -999999 -999999 -999999 -999999 -999999 -999999 
311    1906 -999999 -999999 -999999 -999999 -999999 -999999 -999999 -999999 -999999 -999999 -999999 -999999 -999999 -999999 -999999 -999999 -999999 -999999 -999999 
311    1907 -999999 -999999 -999999 -999999 -999999 -999999 -999999 -999999 -999999 -999999 -999999 -999999 -999999 -999999 -999999 -999999 -999999 -999999 -999999 
311    1908 -999999 -999999 -999999 -999999 -999999 -999999 -999999 -999999 -999999 -999999 -999999 -999999 -999999 -999999 -999999 -999999 -999999 -999999 -999999 
311    1909 -999999 -999999 -999999 -999999 -999999 -999999 -999999 -999999 -999999 -999999 -999999 -999999 -999999 -999999 -999999 -999999 -999999 -999999 -999999 
311    1910 -999999 -999999 -999999 -999999 -999999 -999999 -999999 -999999 -999999 -999999 -999999 -999999 -999999 -999999 -999999 -999999 -999999 -999999 -999999 
311    1911 -999999 -999999 -999999 -999999 -999999 -999999 -999999 -999999 -999999 -999999 -999999 -999999 -999999 -999999 -999999 -999999 -999999 -999999 -999999 
311    1912 -999999 -999999 -999999 -999999 -999999 -999999 -999999 -999999 -999999 -999999 -999999 -999999 -999999 -999999 -999999 -999999 -999999 -999999 -999999 
311    1913 -999999 -999999 -999999 -999999 -999999 -999999 -999999 -999999 -999999 -999999 -999999 -999999 -999999 -999999 -999999 -999999 -999999 -999999 -999999 
311    1914 -999999 -999999 -999999 -999999 -999999 -999999 -999999 -999999 -999999 -999999 -999999 -999999 -999999 -999999 -999999 -999999 -999999 -999999 -999999 
311    1915 -999999 -999999 -999999 -999999 -999999 -999999 -999999 -999999 -999999 -999999 -999999 -999999 -999999 -999999 -999999 -999999 -999999 -999999 -999999 
311    1916 -999999 -999999 -999999 -999999 -999999 -999999 -999999 -999999 -999999 -999999 -999999 -999999 -999999 -999999 -999999 -999999 -999999 -999999 -999999 
311    1917 -999999 -999999 -999999 -999999 -999999 -999999 -999999 -999999 -999999 -999999 -999999 -999999 -999999 -999999 -999999 -999999 -999999 -999999 -999999 
311    1918 -999999 -999999 -999999 -999999 -999999 -999999 -999999 -999999 -999999 -999999 -999999 -999999 -999999 -999999 -999999 -999999 -999999 -999999 -999999 
311    1919 -999999 -999999 -999999 -999999 -999999 -999999 -999999 -999999 -999999 -999999 -999999 -999999 -999999 -999999 -999999 -999999 -999999 -999999 -999999 
311    1920 -999999 -999999 -999999 -999999 -999999 -999999 -999999 -999999 -999999 -999999 -999999 -999999 -999999 -999999 -999999 -999999 -999999 -999999 -999999 
311    1921 -999999 -999999 -999999 -999999 -999999 -999999 -999999 -999999 -999999 -999999 -999999 -999999 -999999 -999999 -999999 -999999 -999999 -999999 -999999 
311    1922 -999999 -999999 -999999 -999999 -999999 -999999 -999999 -999999 -999999 -999999 -999999 -999999 -999999 -999999 -999999 -999999 -999999 -999999 -999999 
311    1923 -999999 -999999 -999999 -999999 -999999 -999999 -999999 -999999 -999999 -999999 -999999 -999999 -999999 -999999 -999999 -999999 -999999 -999999 -999999 
311    1924 -999999 -999999 -999999 -999999 -999999 -999999 -999999 -999999 -999999 -999999 -999999 -999999 -999999 400     -999999 500     200     -999999 -999999 
311    1925 -999999 -999999 -999999 -999999 -999999 -999999 -999999 -999999 -999999 -999999 -999999 -999999 -999999 100     -999999 -999999 -999999 -999999 -999999 
311    1926 -999999 -999999 -999999 -999999 -999999 -999999 -999999 -999999 -999999 -999999 -999999 -999999 -999999 -999999 100     -999999 -999999 -999999 -999999 
311    1927 -999999 -999999 -999999 -999999 -999999 -999999 -999999 -999999 -999999 -999999 -999999 500     200     1300    -999999 -999999 -999999 -999999 -999999 
311    1928 -999999 -999999 -999999 -999999 -999999 -999999 -999999 -999999 -999999 200     -999999 0       100     400     900     -999999 -999999 -999999 -999999 
311    1929 -999999 -999999 -999999 -999999 -999999 -999999 -999999 -999999 200     100     400     200     -999999 -999999 -999999 -999999 -999999 -999999 0       
311    1930 -999999 -999999 -999999 -999999 -999999 -999999 -999999 700     -999999 500     -999999 100     0       -999999 -999999 -999999 -999999 -999999 -999999 
311    1931 -999999 -999999 -999999 -999999 -999999 -999999 -999999 -999999 -999999 -999999 -999999 -999999 -999999 -999999 -999999 -999999 500     300     -999999 
311    1932 -999999 -999999 -999999 -999999 -999999 -999999 -999999 -999999 -999999 -999999 -999999 -999999 -999999 -999999 -999999 -999999 -999999 -999999 300     
311    1933 -999999 -999999 -999999 -999999 -999999 -999999 -999999 -999999 -999999 400     -999999 -999999 0       -999999 -999999 -999999 -999999 -999999 -999999 
311    1934 -999999 -999999 -999999 -999999 -999999 -999999 -999999 -999999 -999999 -999999 -999999 200     600     -999999 -999999 0       100     -999999 -999999 
311    1935 -999999 -999999 -999999 -999999 -999999 -999999 900     -999999 -999999 -999999 -999999 0       700     700     700     300     300     300     -999999 
311    1936 -999999 -999999 -999999 -999999 -999999 -999999 -999999 -999999 -999999 -999999 700     -999999 -999999 -999999 -999999 -999999 -999999 0       0       
311    1937 -999999 -999999 -999999 -999999 -999999 -999999 -999999 -999999 -999999 -999999 -999999 200     300     0       600     -999999 -999999 -999999 -999999 
311    1938 -999999 -999999 -999999 -999999 100     -999999 -999999 -999999 100     0       100     -999999 -999999 300     600     -999999 500     400     -999999 
311    1939 -999999 -999999 -999999 -999999 -999999 -999999 -999999 -999999 -999999 -999999 -999999 -999999 -999999 -999999 -999999 -999999 -999999 -999999 -999999 
311    1940 3200    -999999 1100    -999999 1500    400     500     300     400     900     100     500     0       200     200     100     300     100     100     
311    1941 5000    2200    1900    1200    1200    1200    1100    600     500     600     300     300     200     300     700     100     300     700     400     
311    1942 6900    3300    2800    1100    2700    1100    1700    400     300     1200    1100    400     500     0       600     200     300     1200    700     
311    1943 4500    2900    1800    1000    1200    500     1400    300     0       400     700     100     0       200     300     500     700     200     1100    
311    1944 4700    2300    3000    1200    1800    900     1600    0       100     200     600     1000    100     500     300     500     400     700     300     
311    1945 6500    2300    4600    700     1800    2700    1200    300     100     500     700     600     700     400     1600    600     0       600     400     
311    1946 4400    1800    2300    900     800     1000    1900    500     0       300     500     0       600     0       400     800     400     700     200     
311    1947 7300    3400    3800    1200    1300    2900    1900    400     600     1100    200     0       1200    1200    500     700     800     400     200     
311    1948 -999999 2200    -999999 700     1200    1000    -999999 300     200     300     500     400     600     100     300     -999999 -999999 -999999 -999999 
311    1949 6300    -999999 2900    -999999 1300    1600    1300    100     -999999 400     500     400     1200    400     0       400     600     300     1800    
311    1950 5400    3200    4500    2000    1700    2000    1300    200     0       300     300     1100    1200    200     600     1100    200     0       200     
311    1951 5900    1600    3600    600     2100    2000    900     100     300     800     900     400     500     900     600     300     200     400     500     
311    1952 7900    2200    5300    600     1400    3500    2500    0       100     1000    100     300     1100    900     1500    1400    1000    100     400     
311    1953 5900    1600    3700    500     1100    2000    1600    0       100     0       900     200     200     1400    400     600     600     400     1100    
311    1954 4300    2800    2300    1300    1200    1200    1000    100     100     500     200     500     1000    100     100     400     0       600     700     
311    1955 10200   3000    6300    1900    1500    4600    2000    600     600     500     300     700     1300    2000    1300    700     400     900     900     
311    1956 4500    3900    2400    2300    1000    1200    800     800     600     300     300     400     100     600     500     500     300     0       100     
311    1957 3100    800     1800    400     500     700     1100    0       300     100     100     300     200     100     400     700     300     100     500     
311    1958 5700    2800    2400    2000    1200    1500    1000    600     900     400     100     700     700     600     200     100     500     400     500     
311    1959 4000    1800    2600    700     700     1200    1600    100     100     200     200     300     100     400     700     900     600     100     300     
311    1960 3900    2000    2000    900     700     1600    600     200     400     400     0       300     400     800     400     100     300     200     400     
311    1961 4200    1300    2500    700     1500    1100    1200    100     200     100     200     1200    400     500     200     0       0       1200    100     
311    1962 2800    1900    1800    400     700     900     800     300     0       300     200     200     300     400     200     500     300     0       100     
311    1963 4600    1600    2400    1300    300     1700    600     600     600     0       300     0       300     400     1000    400     0       200     800     
311    1964 4100    3000    1100    2100    900     900     400     1000    300     700     200     0       300     200     400     0       400     0       600     
311    1965 3600    2800    1100    2000    900     600     -999999 900     500     400     400     100     100     0       500     -999999 400     300     0       
311    1966 2000    1400    1100    700     200     800     300     500     200     0       100     100     200     400     200     100     100     100     0       
311    1967 2800    1300    400     600     900     0       1200    0       600     500     0       400     0       0       0       0       700     500     100     
311    1968 3200    2200    1400    500     1200    400     1100    0       400     500     700     0       0       300     100     300     300     500     100     
311    1969 4100    2500    1500    1100    1400    300     1300    300     700     600     400     400     100     0       200     400     0       900     100     
311    1970 4000    2400    700     1000    700     300     1000    700     200     500     200     0       200     100     0       200     200     600     1100    
311    1971 3000    2600    900     1400    600     500     600     100     200     400     200     0       200     100     200     200     100     300     1000    
311    1972 2700    2000    1500    1300    400     900     1000    100     200     300     100     0       400     300     200     500     200     300     100     
311    1973 2200    900     1800    200     1000    1000    0       100     0       200     100     700     900     100     0       0       0       0       100     
311    1974 2300    400     1700    100     1200    800     100     0       0       300     100     800     700     0       100     0       100     0       200     
311    1975 1800    500     900     300     300     200     800     0       100     100     200     0       0       0       200     500     300     0       400     
311    1976 3400    2000    1700    1600    600     1000    300     900     300     100     200     300     100     600     300     200     100     0       300     
311    1977 4800    2000    1400    1600    900     800     1200    900     400     300     400     200     0       300     500     0       1100    100     600     
311    1978 2300    3100    800     1500    600     600     0       400     500     400     100     100     300     100     200     0       0       0       200     
311    1979 4100    600     2700    400     700     1200    1700    100     100     200     200     300     100     300     800     1000    600     100     300     
311    1980 3300    1800    1600    1000    500     700     1200    400     300     100     200     200     500     0       200     500     0       700     200     
311    1981 4300    1600    2300    500     1400    1000    1100    0       300     400     800     200     400     600     0       300     500     300     500     
311    1982 3600    2400    1900    1200    900     800     1100    300     400     400     200     300     200     200     400     600     500     0       100     
311    1983 4900    800     3900    100     1700    1700    1300    0       0       200     600     900     200     900     600     700     200     400     200     
311    1984 2300    1700    1200    1000    500     600     400     600     200     100     300     100     100     200     300     200     200     0       0       
311    1985 4400    1100    2100    700     1100    700     1300    200     500     200     500     400     200     400     100     500     0       800     600     
311    1986 3800    2100    2300    1000    900     900     1400    100     300     300     200     400     300     300     300     800     600     0       200     
311    1987 6800    2000    3500    400     2500    1500    1400    200     0       1000    700     800     700     500     300     500     800     100     1200    
311    1988 7700    3500    5000    2400    1800    3100    1500    400     800     200     1000    600     900     1400    800     300     500     700     100     
311    1989 5200    2300    2200    800     700     1500    1800    400     300     300     200     200     300     300     900     300     900     600     500     
311    1990 5500    3900    2200    1900    1300    1000    1600    800     600     500     500     300     800     200     0       400     700     500     200     
311    1991 3400    1900    2500    400     600     1600    1000    200     0       300     100     200     500     400     700     600     300     100     0       
311    1992 3000    1400    1100    500     900     400     600     0       500     500     200     200     0       100     300     300     300     0       600     
311    1993 7100    2700    3900    1900    1100    2700    1700    1000    300     500     300     300     1000    1000    700     600     300     800     300     
311    1994 6100    2700    2500    400     1800    1600    2000    100     0       1200    100     500     700     100     800     300     700     1000    600     
311    1995 7300    3300    4700    1100    1600    2400    1900    0       500     500     300     800     700     700     1000    1200    400     300     900     
311    1996 6800    4000    3200    2400    2000    1700    1000    900     600     900     800     300     0       600     1100    400     200     400     600     
311    1997 6900    2800    4200    1800    1100    3200    1000    800     400     400     200     500     1100    1100    1000    300     600     100     400     
311    1998 5900    2900    3700    2100    900     2100    1100    800     900     100     600     200     900     600     600     800     200     100     100     
311    1999 -999999 -999999 -999999 600     -999999 -999999 -999999 500     0       500     400     1100    100     1100    700     -999999 800     300     400     
311    2000 -999999 -999999 -999999 -999999 2000    1700    1200    300     200     600     500     900     400     700     600     700     200     300     500     
311    2001 -999999 -999999 -999999 -999999 -999999 -999999 -999999 0       300     -999999 -999999 200     300     500     500     1100    1000    -999999 400     
311    2002 -999999 -999999 3500    700     1500    2200    800     0       -999999 500     300     700     400     1100    700     300     400     100     300     
311    2003 5500    1600    -999999 600     1800    1900    1500    100     200     500     700     600     500     1000    400     100     1400    0       0       
311    2004 -999999 -999999 2000    -999999 1200    1300    1300    400     900     1000    100     100     100     200     1000    500     800     0       600     
311    2005 -999999 -999999 4500    600     -999999 2300    1800    0       0       500     700     900     300     1200    800     600     700     500     100     
311    2006 3800    1400    2400    100     1200    1100    1000    0       0       100     700     400     200     400     500     200     400     400     500     
311    2007 4000    2400    2300    1300    500     1100    1500    400     400     300     100     100     300     100     700     1000    500     0       100     
311    2008 5300    1700    3200    700     1900    1200    1500    100     500     500     600     800     200     200     800     600     800     100     100     
311    2009 4700    2300    2400    900     1300    1600    400     600     200     500     0       800     500     700     400     0       400     0       600     
311    2010 7700    3400    3700    2000    2000    2200    1300    500     900     1000    900     100     500     800     900     500     500     300     800     
311    2011 -999999 -999999 -999999 -999999 -999999 -999999 -999999 -999999 -999999 -999999 -999999 -999999 -999999 -999999 -999999 -999999 -999999 -999999 -999999 
