EUROPEAN CLIMATE ASSESSMENT & DATASET (ECA&D), file created on: 20-01-2022
THESE DATA CAN BE USED FOR NON-COMMERCIAL RESEARCH AND EDUCATION PROVIDED THAT THE FOLLOWING SOURCE IS ACKNOWLEDGED: 

Klein Tank, A.M.G. and Coauthors, 2002. Daily dataset of 20th-century surface
air temperature and precipitation series for the European Climate Assessment.
Int. J. of Climatol., 22, 1441-1453.
Data and metadata available at http://www.ecad.eu

FILE FORMAT (MISSING VALUE CODE = -999999):

THIS FILE HOLDS DATA FOR STATION FINLAND                                  AHTARI MYLLYMAKI                         (STAID:    718)
LATITUDE: dd:mm:ss +62:32:04
LONGITUDE: ddd:mm:ss +024:13:14
ELEVATION: m  157

DATA IS FOR INDEX Days with TN > 90th percentile of daily min temp (warm nights) (TN90p) with unit 0.01 No of days

01-06 SOUID: Source identifier
08-11 YEAR : YYYY
13-20 ANNUAL DATA VALUES
21-28 WINTER HALF YEAR DATA VALUES
29-36 SUMMER HALF YEAR DATA VALUES
37-44 WINTER (DJF) DATA VALUES
45-52 SPRING (MAM) DATA VALUES
53-60 SUMMER (JJA) DATA VALUES
61-68 AUTUMN (SON) DATA VALUES
69-76 JANUARY DATA VALUES
etc. 
157-164 DECEMBER DATA VALUES

718    1959 3800    -999999 2200    -999999 1300    1200    600     200     400     400     300     600     400     300     500     100     200     300     100     
718    1960 4300    1000    3300    500     600     2400    500     400     0       0       200     400     300     1500    600     300     0       200     400     
718    1961 7100    2300    3500    1400    1400    2400    2200    100     900     700     100     600     1600    500     300     400     1300    500     100     
718    1962 2500    2600    800     800     700     100     900     500     200     0       600     100     100     0       0       0       500     400     100     
718    1963 3100    1000    2700    100     1200    800     900     0       0       0       300     900     100     100     600     700     200     0       200     
718    1964 4100    1100    1900    900     900     1000    800     700     0       0       700     200     500     0       500     0       600     200     700     
718    1965 4500    2800    2700    1700    800     1100    1600    1000    0       300     500     0       300     0       800     1100    300     200     0       
718    1966 2800    500     2100    0       900     1100    600     0       0       0       400     500     500     500     100     100     0       500     200     
718    1967 5400    2300    2200    700     1600    1400    1900    300     200     1100    200     300     0       500     900     300     700     900     0       
718    1968 1600    1900    1100    0       500     700     200     0       0       300     100     100     200     200     300     200     0       0       200     
718    1969 1300    200     700     200     200     300     700     0       0       0       100     100     0       200     100     200     100     400     100     
718    1970 2000    600     1300    100     0       800     900     0       0       0       0       0       100     400     300     500     0       400     300     
718    1971 3100    2200    1100    1700    600     600     300     1300    100     100     200     300     100     200     300     0       0       300     200     
718    1972 6100    1200    3400    800     600     2700    600     200     400     100     200     300     400     1500    800     200     200     200     1600    
718    1973 3200    3500    1400    2800    600     1000    100     700     500     300     200     100     700     200     100     100     0       0       300     
718    1974 4800    1700    1600    1700    200     700     1100    300     1100    0       200     0       0       500     200     700     100     300     1400    
718    1975 4900    3900    2300    3000    1600    500     1100    900     700     500     400     700     0       200     300     700     100     300     100     
718    1976 1700    1000    500     500     400     100     400     100     300     100     200     100     0       100     0       100     0       300     400     
718    1977 4000    1700    1700    600     1100    1200    1100    200     0       800     100     200     300     400     500     200     400     500     400     
718    1978 2100    2300    800     700     900     500     400     300     0       700     0       200     200     200     100     100     0       300     0       
718    1979 3600    600     2500    100     1400    1300    400     100     0       200     500     700     100     400     800     0       100     300     400     
718    1980 1200    800     1000    400     100     600     500     0       0       0       0       100     400     0       200     300     200     0       0       
718    1981 2400    600     1700    400     300     900     800     400     0       0       200     100     400     400     100     500     300     0       0       
718    1982 3400    800     1100    0       700     500     1300    0       0       500     100     100     0       300     200     400     0       900     900     
718    1983 5000    3000    3100    1600    2100    500     1400    600     100     500     800     800     200     300     0       1000    400     0       300     
718    1984 4500    1200    2200    800     1600    600     1300    300     200     0       600     1000    100     300     200     0       800     500     500     
718    1985 1800    1800    1400    500     100     1100    500     0       0       0       0       100     100     200     800     200     300     0       100     
718    1986 4600    1600    1500    300     1700    800     1700    200     0       1000    200     500     400     400     0       0       400     1300    200     
718    1987 1600    2300    500     300     700     100     700     0       100     300     100     300     0       100     0       0       700     0       0       
718    1988 5400    2700    3300    1700    800     2300    600     700     1000    300     400     100     900     1100    300     500     0       100     0       
718    1989 8200    3300    3900    2000    3100    1200    1600    1100    900     1200    1600    300     600     100     500     800     200     600     300     
718    1990 4800    3600    1200    2200    1300    500     400     300     1600    600     400     300     200     200     100     0       400     0       700     
718    1991 5000    2000    2200    1300    1300    1200    1200    200     400     300     800     200     0       300     900     0       500     700     700     
718    1992 3900    3600    1200    1500    1400    400     300     300     500     900     300     200     100     200     100     300     0       0       1000    
718    1993 3000    2600    1000    2400    800     400     100     700     700     200     100     500     0       400     0       0       100     0       300     
718    1994 3000    800     1500    400     800     900     300     100     0       300     500     0       100     300     500     100     200     0       900     
718    1995 5500    3100    2300    2300    1000    1600    1500    300     1100    600     200     200     1200    200     200     300     1100    100     0       
718    1996 2500    1600    900     400     400     500     900     300     100     0       200     200     200     0       300     0       200     700     300     
718    1997 4000    2200    2600    800     600     1900    700     100     400     500     0       100     200     1100    600     600     0       100     300     
718    1998 4400    1800    2200    1600    500     1000    1200    1000    300     100     300     100     500     500     0       800     400     0       400     
718    1999 4800    2200    2700    1500    1100    1500    900     900     200     300     800     0       800     500     200     400     300     200     200     
718    2000 8300    1900    2600    1300    1100    1500    3000    500     600     100     400     600     500     800     200     100     1800    1100    1600    
718    2001 5100    5300    3400    2200    1400    1400    1700    500     100     200     1000    200     200     900     300     800     900     0       0       
718    2002 4900    3200    2600    1900    1200    1500    300     800     1100    400     400     400     200     800     500     300     0       0       0       
718    2003 4200    400     2900    200     900     2000    500     200     0       200     100     600     0       1500    500     200     0       300     600     
718    2004 3300    1400    2100    800     800     1000    800     0       200     300     0       500     0       400     600     600     0       200     500     
718    2005 6000    2000    2400    1800    900     900     2700    1100    200     0       400     500     200     100     600     600     700     1400    200     
718    2006 6000    2600    2200    500     300     1300    2300    300     0       0       200     100     300     300     700     600     500     1200    1800    
718    2007 6000    4500    2500    2400    1700    900     1100    600     0       400     400     900     0       200     700     300     700     100     1700    
718    2008 5300    5000    1100    3700    1200    400     700     1100    900     500     500     200     0       0       400     0       300     400     1000    
718    2009 2900    2000    1500    1300    400     600     1500    300     0       0       100     300     200     100     300     500     0       1000    100     
718    2010 4800    1300    -999999 200     1900    -999999 800     0       100     100     1100    700     100     1400    -999999 500     200     100     0       
718    2011 7300    600     4500    200     900     2800    1900    200     0       100     700     100     700     1400    700     900     200     800     1500    
718    2012 4600    3300    2600    1800    1600    1000    1600    200     100     500     700     400     0       900     100     500     200     900     100     
718    2013 6800    2300    3300    1200    1000    1900    1200    600     500     0       400     600     900     500     500     400     500     300     1600    
718    2014 7500    5700    2800    4100    2000    1600    700     900     1600    800     700     500     300     800     500     0       100     600     700     
718    2015 7200    4100    1900    2700    1300    700     1900    1100    900     700     300     300     200     200     300     600     200     1100    1300    
718    2016 5700    4100    3000    2500    1400    1200    1200    300     900     300     800     300     400     600     200     700     0       500     700     
718    2017 3800    2700    1200    1600    900     700     500     500     400     600     100     200     300     200     200     200     0       300     800     
718    2018 5600    1600    3700    1300    700     2000    2200    500     0       0       400     300     100     1000    900     1000    400     800     200     
718    2019 6800    3000    3200    1200    1400    1800    1100    0       1000    600     400     400     700     300     800     600     100     400     1500    
718    2020 9700    5800    2600    4500    1000    2100    2700    1500    1500    800     100     100     1100    400     600     300     1000    1400    900     
718    2021 8500    4700    4700    1500    1800    3500    2200    300     300     800     100     900     1600    1500    400     200     1600    400     400     
