EUROPEAN CLIMATE ASSESSMENT & DATASET (ECA&D), file created on: 20-01-2022
THESE DATA CAN BE USED FOR NON-COMMERCIAL RESEARCH AND EDUCATION PROVIDED THAT THE FOLLOWING SOURCE IS ACKNOWLEDGED: 

Klein Tank, A.M.G. and Coauthors, 2002. Daily dataset of 20th-century surface
air temperature and precipitation series for the European Climate Assessment.
Int. J. of Climatol., 22, 1441-1453.
Data and metadata available at http://www.ecad.eu

FILE FORMAT (MISSING VALUE CODE = -999999):

THIS FILE HOLDS DATA FOR STATION RUSSIAN FEDERATION                       UXTA KALEVALA                            (STAID:   1088)
LATITUDE: dd:mm:ss +65:13:00
LONGITUDE: ddd:mm:ss +031:09:00
ELEVATION: m  118

DATA IS FOR INDEX Days with TN > 90th percentile of daily min temp (warm nights) (TN90p) with unit 0.01 No of days

01-06 SOUID: Source identifier
08-11 YEAR : YYYY
13-20 ANNUAL DATA VALUES
21-28 WINTER HALF YEAR DATA VALUES
29-36 SUMMER HALF YEAR DATA VALUES
37-44 WINTER (DJF) DATA VALUES
45-52 SPRING (MAM) DATA VALUES
53-60 SUMMER (JJA) DATA VALUES
61-68 AUTUMN (SON) DATA VALUES
69-76 JANUARY DATA VALUES
etc. 
157-164 DECEMBER DATA VALUES

1088   1936 6500    -999999 3600    -999999 1500    1800    1300    400     0       0       900     600     500     600     700     300     300     700     1500    
1088   1937 4500    3300    2900    2100    1200    1600    1100    600     0       200     700     300     500     300     800     300     400     400     0       
1088   1938 8500    2300    4000    1100    700     2800    2900    300     800     400     100     200     600     1300    900     900     700     1300    1000    
1088   1939 2300    3700    900     1500    200     700     800     100     400     200     0       0       300     200     200     200     100     500     100     
1088   1940 3200    700     2200    100     500     1200    1300    0       0       0       200     300     200     300     700     500     300     500     200     
1088   1941 -999999 1300    -999999 500     0       -999999 -999999 300     0       0       0       0       0       700     -999999 -999999 -999999 -999999 -999999 
1088   1942 -999999 -999999 -999999 -999999 -999999 -999999 -999999 -999999 -999999 -999999 -999999 -999999 -999999 -999999 -999999 -999999 -999999 -999999 -999999 
1088   1943 -999999 -999999 -999999 -999999 -999999 -999999 -999999 -999999 -999999 -999999 -999999 -999999 -999999 -999999 -999999 -999999 -999999 -999999 -999999 
1088   1944 -999999 -999999 -999999 -999999 -999999 -999999 -999999 -999999 -999999 -999999 -999999 -999999 -999999 -999999 -999999 -999999 -999999 -999999 -999999 
1088   1945 -999999 -999999 -999999 -999999 -999999 -999999 -999999 -999999 -999999 -999999 -999999 -999999 -999999 -999999 -999999 -999999 -999999 -999999 -999999 
1088   1946 -999999 -999999 -999999 -999999 -999999 -999999 -999999 -999999 -999999 -999999 -999999 -999999 -999999 -999999 -999999 -999999 -999999 500     1200    
1088   1947 -999999 -999999 2600    -999999 800     1100    1100    200     -999999 0       600     200     800     100     200     700     200     200     200     
1088   1948 5000    1400    3000    700     2100    800     1300    200     300     300     900     900     600     0       200     400     600     300     300     
1088   1949 6900    3400    2700    2300    1400    400     2000    1000    1000    200     600     600     0       100     300     1100    600     300     1100    
1088   1950 5100    2900    2300    1600    1700    600     1300    300     200     400     1000    300     400     0       200     400     900     0       1000    
1088   1951 4300    2200    2300    1300    800     1000    1500    100     200     0       800     0       100     100     800     500     600     400     700     
1088   1952 1800    2200    1000    1200    600     400     0       400     100     0       400     200     300     100     0       0       0       0       300     
1088   1953 5600    900     3300    700     1300    2100    900     300     100     200     900     200     900     300     900     100     400     400     900     
1088   1954 5600    2600    3300    1400    1100    2200    400     300     200     400     100     600     500     1300    400     400     0       0       1400    
1088   1955 1700    1700    1000    1700    100     300     900     0       300     0       100     0       100     0       200     600     100     200     100     
1088   1956 1600    900     600     600     300     300     0       400     100     0       0       300     200     100     0       0       0       0       500     
1088   1957 4900    1300    3200    1200    900     1900    1400    200     500     100     200     600     0       1100    800     500     200     700     0       
1088   1958 2400    1200    1000    300     200     600     1300    0       300     0       0       200     100     300     200     200     400     700     0       
1088   1959 3100    2300    1200    200     1700    500     600     200     0       1000    100     600     300     0       200     0       0       600     100     
1088   1960 5500    1200    4300    500     1800    2200    500     300     100     100     1000    700     100     1400    700     400     0       100     600     
1088   1961 6800    2400    2500    1600    700     2200    2800    400     600     700     0       0       1100    700     400     300     2100    400     100     
1088   1962 4200    3700    2000    1200    1700    300     900     700     400     0       1100    600     0       300     0       0       100     800     200     
1088   1963 3800    1400    2800    500     1000    800     1500    300     0       0       200     800     0       100     700     1000    400     100     200     
1088   1964 -999999 2000    -999999 1500    -999999 600     700     1200    100     0       300     -999999 200     100     300     100     500     100     900     
1088   1965 2900    2400    1600    1600    700     600     900     700     0       200     400     100     100     0       500     500     0       400     0       
1088   1966 1500    400     800     0       300     300     700     0       0       0       200     100     300     0       0       200     0       500     200     
1088   1967 7100    2300    3600    700     2000    2200    2400    200     300     1100    800     100     300     300     1600    500     500     1400    0       
1088   1968 1700    2400    1100    100     700     700     100     100     0       400     200     100     400     100     200     100     0       0       100     
1088   1969 1500    100     700     100     0       500     800     0       0       0       0       0       100     300     100     200     200     400     200     
1088   1970 2500    900     1600    200     100     1000    1200    0       0       100     0       0       200     600     200     600     100     500     200     
1088   1971 2000    1700    900     1100    300     600     200     900     0       0       100     200     200     0       400     0       0       200     0       
1088   1972 6100    1200    3200    700     600     2800    300     400     300     300     300     0       700     1300    800     100     200     0       1700    
1088   1973 2700    3200    1400    2600    800     1000    0       400     500     400     100     300     500     300     200     0       0       0       0       
1088   1974 6000    1200    3000    1100    100     1800    1500    300     800     100     0       0       100     1000    700     1200    300     0       1500    
1088   1975 6000    4000    2600    3000    1800    900     1300    800     700     700     300     800     200     400     300     600     100     600     500     
1088   1976 2300    1800    600     900     700     100     200     0       400     200     200     300     0       100     0       0       0       200     900     
1088   1977 3200    2200    1600    1200    1700    500     400     300     0       800     600     300     300     100     100     200     0       200     300     
1088   1978 1600    1700    300     800     800     200     100     500     0       700     100     0       100     100     0       0       100     0       0       
1088   1979 3000    500     1700    100     1000    900     400     100     0       300     0       700     400     100     400     100     0       300     600     
1088   1980 2000    1000    1600    700     300     1000    600     0       100     0       100     200     700     200     100     300     300     0       0       
1088   1981 2600    700     1600    400     400     800     1000    400     0       0       200     200     200     400     200     400     600     0       0       
1088   1982 4900    1500    1700    500     1300    600     1400    100     400     400     0       900     0       400     200     200     400     800     1100    
1088   1983 4000    3100    2700    1700    1200    700     1200    500     100     200     600     400     400     200     100     1000    200     0       300     
1088   1984 4000    1400    2200    1200    1700    300     600     500     400     0       600     1100    200     100     0       200     300     100     500     
1088   1985 1500    1000    900     500     100     800     500     0       0       100     0       0       200     100     500     100     400     0       100     
1088   1986 4400    1100    2100    200     1500    1100    1600    100     0       500     600     400     700     200     200     0       300     1300    100     
1088   1987 1600    2000    500     100     700     0       900     0       0       300     0       400     0       0       0       100     800     0       0       
1088   1988 5000    2300    3000    1300    900     1900    800     600     700     200     400     300     500     1100    300     400     300     100     100     
1088   1989 8700    3300    4600    1600    3100    2000    1500    600     900     1300    1000    800     700     300     1000    800     100     600     600     
1088   1990 5000    3900    2000    2700    1600    800     200     100     2000    500     700     400     100     400     300     100     100     0       300     
1088   1991 3700    1000    1400    900     600     700     1500    300     300     0       500     100     100     300     300     100     600     800     300     
1088   1992 5800    3600    2600    1100    1900    1100    700     300     500     1100    200     600     600     300     200     700     0       0       1300    
1088   1993 2900    2600    1300    2400    900     600     100     600     500     200     400     300     100     200     300     0       100     0       200     
1088   1994 3100    800     2000    400     1400    700     400     200     0       300     1000    100     100     400     200     200     200     0       400     
1088   1995 5200    2800    2200    2100    1700    800     1000    700     1000    500     600     600     500     100     200     200     800     0       0       
1088   1996 2600    1400    500     600     100     400     1200    300     300     0       100     0       0       0       400     0       400     800     300     
1088   1997 3100    2600    1600    900     500     1100    500     100     500     500     0       0       400     200     500     500     0       0       400     
1088   1998 3500    1400    2000    1400    600     900     800     700     300     0       300     300     300     500     100     500     100     200     200     
1088   1999 5500    1800    3300    1300    1200    1900    1200    800     300     200     900     100     1100    800     0       400     400     400     100     
1088   2000 7600    1800    3500    800     1600    1900    2600    400     300     200     900     500     700     1000    200     200     1600    800     800     
1088   2001 4700    3700    3700    1300    1600    1200    1300    400     100     0       1100    500     200     700     300     900     400     0       100     
1088   2002 4700    1700    3500    800     2100    1600    300     300     400     500     900     700     300     1000    300     300     0       0       0       
1088   2003 6200    1800    3500    1100    2000    1900    900     200     900     700     600     700     0       1300    600     300     0       600     300     
1088   2004 4500    1600    2700    600     1000    1200    1500    100     200     400     200     400     300     600     300     900     300     300     500     
1088   2005 7200    2200    3500    1500    700     2200    3300    800     200     100     300     300     100     1000    1100    700     1200    1400    0       
1088   2006 6100    3600    2700    900     500     1700    1900    900     0       100     200     200     600     300     800     600     100     1200    1100    
1088   2007 7700    4200    3000    1900    2400    1200    1600    800     0       1000    600     800     100     100     1000    400     1100    100     1700    
1088   2008 4900    5100    800     3600    500     600     600     1000    900     300     200     0       200     200     200     0       400     200     1300    
1088   2009 4700    2600    3000    1700    1200    1100    1600    400     0       300     300     600     200     600     300     1000    0       600     400     
1088   2010 5600    1200    4900    400     1900    2700    1000    0       0       200     700     1000    200     1600    900     500     300     200     0       
1088   2011 8300    1100    4600    400     2200    2100    2100    200     200     200     1100    900     400     1300    400     500     1000    600     1500    
1088   2012 3900    3600    2400    1800    1500    700     1400    300     0       200     600     700     200     400     100     400     300     700     0       
1088   2013 6800    2200    4000    1200    1400    2100    900     500     700     0       800     600     800     500     800     500     200     200     1200    
1088   2014 9400    5200    4200    3600    2900    1900    1200    800     1600    1200    800     900     400     500     1000    600     200     400     1000    
1088   2015 7100    4500    2500    2700    2400    300     2200    500     1200    1200    400     800     100     0       200     1000    500     700     500     
1088   2016 8300    3900    4800    2000    2800    2200    1000    300     1200    700     1100    1000    500     800     900     500     0       500     800     
1088   2017 3200    2700    1000    1600    800     800     400     500     300     600     100     100     0       200     600     0       0       400     400     
1088   2018 5900    1900    3700    1500    1000    1700    2100    900     200     0       200     800     0       700     1000    1000    300     800     0       
1088   2019 5300    2200    2300    500     1300    1000    1300    0       500     600     300     400     500     100     400     600     300     400     1200    
1088   2020 9800    5900    2700    4100    1500    1600    3300    1600    1300    1100    300     100     1000    200     400     700     1200    1400    500     
1088   2021 6600    4500    3200    1200    1600    2200    1800    500     200     700     200     700     900     700     600     100     800     900     300     
