EUROPEAN CLIMATE ASSESSMENT & DATASET (ECA&D), file created on: 20-01-2022
THESE DATA CAN BE USED FOR NON-COMMERCIAL RESEARCH AND EDUCATION PROVIDED THAT THE FOLLOWING SOURCE IS ACKNOWLEDGED: 

Klein Tank, A.M.G. and Coauthors, 2002. Daily dataset of 20th-century surface
air temperature and precipitation series for the European Climate Assessment.
Int. J. of Climatol., 22, 1441-1453.
Data and metadata available at http://www.ecad.eu

FILE FORMAT (MISSING VALUE CODE = -999999):

THIS FILE HOLDS DATA FOR STATION LATVIA                                   STENDE                                   (STAID:   8896)
LATITUDE: dd:mm:ss +57:10:48
LONGITUDE: ddd:mm:ss +022:33:00
ELEVATION: m   80

DATA IS FOR INDEX Days with TN > 90th percentile of daily min temp (warm nights) (TN90p) with unit 0.01 No of days

01-06 SOUID: Source identifier
08-11 YEAR : YYYY
13-20 ANNUAL DATA VALUES
21-28 WINTER HALF YEAR DATA VALUES
29-36 SUMMER HALF YEAR DATA VALUES
37-44 WINTER (DJF) DATA VALUES
45-52 SPRING (MAM) DATA VALUES
53-60 SUMMER (JJA) DATA VALUES
61-68 AUTUMN (SON) DATA VALUES
69-76 JANUARY DATA VALUES
etc. 
157-164 DECEMBER DATA VALUES

8896   1923 -999999 -999999 -999999 -999999 -999999 -999999 1000    -999999 -999999 -999999 -999999 -999999 -999999 -999999 -999999 100     400     500     200     
8896   1924 2600    1200    1200    300     200     800     1000    100     0       0       0       200     600     0       200     200     400     400     500     
8896   1925 2600    2800    900     2000    500     200     300     600     900     0       300     200     0       100     100     200     0       100     100     
8896   1926 -999999 -999999 1800    -999999 -999999 800     1500    -999999 -999999 -999999 200     800     500     300     0       0       100     1400    100     
8896   1927 2700    2800    1500    300     1100    1100    300     200     0       1000    0       100     0       700     400     300     0       0       0       
8896   1928 3300    700     1200    700     600     200     1800    400     300     0       600     0       0       100     100     400     500     900     0       
8896   1929 2800    1500    1000    0       800     200     400     0       0       100     0       700     0       100     100     100     100     200     1400    
8896   1930 3600    2800    1500    2300    1400    300     900     800     100     200     1000    200     200     0       100     0       600     300     100     
8896   1931 2000    1100    1100    200     400     700     700     0       100     0       100     300     100     400     200     0       300     400     100     
8896   1932 4100    1800    1900    1100    400     900     800     1000    0       0       200     200     0       600     300     600     100     100     1000    
8896   1933 2000    1800    1200    1100    600     600     700     100     0       500     100     0       500     100     0       500     200     0       0       
8896   1934 4900    1300    2600    700     1800    800     1300    400     300     400     600     800     0       400     400     400     400     500     300     
8896   1935 -999999 -999999 1700    1100    -999999 1100    1400    100     700     -999999 200     0       700     0       400     400     700     300     100     
8896   1936 3900    1700    2500    700     800     1600    300     600     0       0       600     200     400     900     300     100     0       200     600     
8896   1937 3600    1500    2500    1300    900     1100    900     500     200     0       500     400     200     300     600     500     100     300     0       
8896   1938 4100    1900    1800    500     1100    1100    1400    200     300     1000    100     0       100     500     500     600     400     400     0       
8896   1939 4600    1700    3300    900     400     2700    500     100     800     0       400     0       400     500     1800    200     0       300     100     
8896   1940 2200    500     1200    200     300     900     900     0       100     0       0       300     400     500     0       0       200     700     0       
8896   1941 1400    900     1200    0       0       1200    0       0       0       0       0       0       0       1100    100     0       0       0       200     
8896   1942 2300    200     1400    200     300     700     700     0       0       0       200     100     0       100     600     400     200     100     600     
8896   1943 3800    2300    1500    1500    1000    700     1000    0       900     500     400     100     300     0       400     300     700     0       200     
8896   1944 -999999 1600    -999999 900     500     -999999 -999999 600     100     0       200     300     0       -999999 -999999 -999999 -999999 -999999 -999999 
8896   1945 -999999 -999999 -999999 -999999 -999999 1000    300     -999999 -999999 -999999 -999999 200     0       300     700     200     100     0       0       
8896   1946 2000    400     1600    200     600     1100    0       100     100     100     500     0       100     500     500     0       0       0       100     
8896   1947 3100    300     2000    300     100     1400    1000    200     0       0       100     0       500     600     300     500     400     100     400     
8896   1948 3700    1300    2200    700     1200    500     1300    100     200     100     500     600     100     100     300     600     200     500     400     
8896   1949 5600    2100    2800    1400    1200    900     1800    400     600     0       400     800     300     300     300     700     600     500     700     
8896   1950 3400    2600    2100    1000    1800    600     400     0       300     500     1000    300     100     200     300     200     100     100     300     
8896   1951 4000    700     2300    500     600     1300    800     0       200     0       500     100     300     200     800     400     0       400     1100    
8896   1952 1600    1900    1100    1500    600     500     100     400     0       0       500     100     0       100     400     0       100     0       0       
8896   1953 3400    600     1700    200     1200    500     1200    0       200     300     600     300     200     200     100     300     600     300     300     
8896   1954 3900    1600    2100    300     900     1100    1200    0       0       400     0       500     300     400     400     500     500     200     700     
8896   1955 3400    1700    2000    1000    0       800     2100    200     100     0       0       0       100     200     500     1200    700     200     200     
8896   1956 1800    1100    900     200     0       600     400     0       0       0       0       0       600     0       0       300     100     0       800     
8896   1957 5300    2200    2200    2000    500     1700    1400    700     500     100     300     100     300     1000    400     100     500     800     500     
8896   1958 2500    2000    1200    700     300     800     1000    100     100     0       0       300     200     400     200     100     700     200     200     
8896   1959 4200    2300    2700    900     1700    1500    200     600     100     500     900     300     300     500     700     0       100     100     100     
8896   1960 3600    400     2000    200     400     1500    600     0       100     0       300     100     200     800     500     100     200     300     1000    
8896   1961 5500    3600    2000    2100    1600    1000    1700    300     800     1000    100     500     800     200     0       400     1000    300     100     
8896   1962 3300    2600    1000    1300    600     300     800     1100    100     0       600     0       200     100     0       100     300     400     400     
8896   1963 4000    1100    3400    400     1200    1400    1200    0       0       0       300     900     100     400     900     800     100     300     200     
8896   1964 2600    800     1500    400     300     900     700     200     0       0       300     0       400     200     300     300     100     300     500     
8896   1965 3600    1200    2700    700     700     900     1700    200     0       100     600     0       200     100     600     1200    500     0       100     
8896   1966 2600    800     1800    300     400     1300    700     0       200     0       100     300     700     400     200     100     600     0       0       
8896   1967 5300    1700    2400    200     1800    700     2600    0       200     900     700     200     0       400     300     800     1200    600     0       
8896   1968 4100    2700    2300    200     1100    1400    1400    100     100     700     300     100     600     100     700     500     200     700     0       
8896   1969 1700    1000    700     100     200     500     900     100     0       0       100     100     200     0       300     0       500     400     0       
8896   1970 2100    900     1200    0       100     800     600     0       0       0       100     0       500     300     0       300     0       300     600     
8896   1971 4200    2300    1800    1900    1300    600     400     900     400     100     700     500     100     300     200     0       300     100     600     
8896   1972 6800    1300    4500    800     800     3300    700     0       200     100     400     300     600     1500    1200    500     0       200     1800    
8896   1973 3700    3400    1900    2900    600     1500    100     300     800     300     0       300     500     900     100     100     0       0       400     
8896   1974 3300    1500    1000    1300    300     700     700     200     700     200     0       100     100     300     300     200     0       500     700     
8896   1975 6700    3100    3700    1900    2200    1100    1400    1100    100     700     100     1400    100     600     400     1100    200     100     800     
8896   1976 2400    1700    1000    1300    300     700     800     300     200     100     200     0       100     600     0       100     0       700     100     
8896   1977 4300    1500    2600    300     1500    1500    1000    100     100     500     200     800     900     300     300     100     500     400     100     
8896   1978 2100    1500    500     200     600     300     1100    100     0       400     0       200     100     0       200     0       0       1100    0       
8896   1979 2400    1300    1200    100     700     500     700     100     0       100     0       600     300     0       200     100     300     300     400     
8896   1980 2500    1000    1600    400     300     1000    600     0       0       0       300     0       600     200     200     300     0       300     600     
8896   1981 2600    1200    1900    600     1000    700     900     0       0       300     100     600     400     100     200     500     400     0       0       
8896   1982 3100    500     1300    0       400     800     1300    0       0       100     100     200     0       600     200     200     100     1000    600     
8896   1983 3900    2700    2200    1500    1000    800     1100    900     0       100     600     300     100     300     400     500     500     100     100     
8896   1984 4500    900     3200    300     2000    1100    900     200     0       0       700     1300    600     100     400     100     500     300     300     
8896   1985 2400    1100    1500    300     500     1000    700     0       0       0       100     400     0       100     900     0       700     0       200     
8896   1986 3900    1600    1700    500     1400    700     1000    300     0       400     600     400     300     200     200     0       100     900     500     
8896   1987 1300    1600    700     600     400     300     300     0       100     0       0       400     0       200     100     0       300     0       200     
8896   1988 4500    1800    3200    1500    700     2000    500     800     500     0       400     300     1000    800     200     500     0       0       0       
8896   1989 7300    4300    1900    3200    1900    1000    800     1600    1600    1100    800     0       100     400     500     100     500     200     400     
8896   1990 6100    5500    1200    3500    2100    400     300     1000    2100    1300    800     0       100     100     200     0       100     200     200     
8896   1991 4500    2500    1200    1500    1400    300     1000    800     500     700     600     100     0       0       300     200     200     600     500     
8896   1992 5200    3900    2300    2000    1700    1500    200     700     800     1100    500     100     300     500     700     200     0       0       300     
8896   1993 4000    2300    1700    1700    2200    100     300     1100    300     600     400     1200    0       100     0       0       300     0       0       
8896   1994 3400    1000    2100    400     1400    700     500     400     0       300     1100    0       0       500     200     300     0       200     400     
8896   1995 5200    2500    2600    1700    1100    1500    1300    0       1300    600     300     200     800     400     300     600     600     100     0       
8896   1996 2700    700     1500    0       600     900     1100    0       0       0       200     400     100     0       800     0       300     800     100     
8896   1997 4200    2500    2200    1000    500     1700    900     100     800     400     100     0       400     700     600     400     300     200     200     
8896   1998 5800    3000    2700    2500    1500    600     900     1000    1300    0       1200    300     500     100     0       600     300     0       500     
8896   1999 6000    1700    3600    1000    1400    1800    1800    500     0       400     900     100     900     700     200     800     300     700     500     
8896   2000 6400    3100    1900    1700    1700    500     1600    500     700     400     1100    200     300     100     100     100     800     700     1400    
8896   2001 -999999 3600    -999999 1700    1500    -999999 -999999 0       300     400     800     300     300     1000    -999999 -999999 -999999 -999999 0       
8896   2002 -999999 -999999 -999999 1900    1800    1200    400     600     1300    600     500     700     0       700     500     200     0       200     0       
8896   2003 4100    600     2300    200     500     1600    1300    200     0       200     0       300     0       1200    400     400     0       900     500     
8896   2004 4500    2100    2600    800     1300    1200    1200    0       300     400     300     600     0       300     900     500     600     100     500     
8896   2005 2800    -999999 1100    -999999 300     200     1700    -999999 0       0       300     0       0       0       200     600     200     900     300     
8896   2006 6000    1800    1900    600     400     1100    2200    200     100     100     200     100     300     100     700     500     400     1300    2000    
8896   2007 6500    5900    2900    3200    1500    1800    900     1200    0       1000    0       500     200     400     1200    600     300     0       1100    
8896   2008 5100    4400    1500    3400    1400    600     700     900     1400    700     500     200     0       0       600     200     200     300     100     
8896   2009 3200    1200    1100    700     400     400     1500    400     200     0       400     0       200     200     0       300     0       1200    300     
8896   2010 6200    2300    4300    400     1700    3000    1400    0       100     700     300     700     100     1600    1300    300     100     1000    0       
8896   2011 8900    1900    5000    700     500     3300    3100    400     300     100     300     100     1000    1500    800     1300    600     1200    1300    
8896   2012 6400    4500    3600    2000    2100    1400    2100    400     300     700     900     500     200     800     400     800     400     900     100     
8896   2013 5100    1700    2200    400     700     1000    1500    300     0       0       200     500     600     300     100     500     500     500     1600    
8896   2014 6400    4800    2800    3200    1900    1200    1300    700     900     600     900     400     0       800     400     300     500     500     400     
8896   2015 -999999 3400    1300    1700    900     700     -999999 700     600     700     200     0       0       100     600     400     100     -999999 1600    
8896   2016 4800    -999999 2100    2800    1100    1000    400     400     800     200     500     400     400     200     400     200     0       200     1100    
8896   2017 2900    2500    700     1800    900     200     -999999 300     400     500     300     100     100     0       100     100     300     -999999 500     
8896   2018 5400    -999999 3700    1000    1300    2000    1500    500     0       200     600     500     0       1300    700     600     500     400     -999999 
8896   2019 6800    -999999 2900    -999999 1800    1400    1800    -999999 400     800     500     500     1000    200     200     500     700     600     1300    
8896   2020 9100    7100    2600    4800    1300    1500    2500    2000    1500    1000    300     0       1100    100     300     800     700     1000    300     
8896   2021 4800    3000    2800    800     800     2300    600     100     400     500     100     200     400     1500    400     200     200     200     600     
