EUROPEAN CLIMATE ASSESSMENT & DATASET (ECA&D), file created on: 20-01-2022
THESE DATA CAN BE USED FOR NON-COMMERCIAL RESEARCH AND EDUCATION PROVIDED THAT THE FOLLOWING SOURCE IS ACKNOWLEDGED: 

Klein Tank, A.M.G. and Coauthors, 2002. Daily dataset of 20th-century surface
air temperature and precipitation series for the European Climate Assessment.
Int. J. of Climatol., 22, 1441-1453.
Data and metadata available at http://www.ecad.eu

FILE FORMAT (MISSING VALUE CODE = -999999):

THIS FILE HOLDS DATA FOR STATION SWEDEN                                   GENEVAD                                  (STAID:   5224)
LATITUDE: dd:mm:ss +56:34:12
LONGITUDE: ddd:mm:ss +013:01:48
ELEVATION: m   20

DATA IS FOR INDEX Days with TN > 90th percentile of daily min temp (warm nights) (TN90p) with unit 0.01 No of days

01-06 SOUID: Source identifier
08-11 YEAR : YYYY
13-20 ANNUAL DATA VALUES
21-28 WINTER HALF YEAR DATA VALUES
29-36 SUMMER HALF YEAR DATA VALUES
37-44 WINTER (DJF) DATA VALUES
45-52 SPRING (MAM) DATA VALUES
53-60 SUMMER (JJA) DATA VALUES
61-68 AUTUMN (SON) DATA VALUES
69-76 JANUARY DATA VALUES
etc. 
157-164 DECEMBER DATA VALUES

5224   1945 2900    -999999 1700    -999999 1000    1100    600     100     0       700     300     0       100     700     300     300     100     200     100     
5224   1946 2700    500     2200    200     1300    800     500     100     0       0       600     700     100     600     100     100     0       400     0       
5224   1947 2100    400     1800    0       200     1200    700     0       0       0       0       200     700     500     0       400     300     0       0       
5224   1948 -999999 -999999 -999999 -999999 -999999 -999999 -999999 -999999 -999999 -999999 -999999 -999999 -999999 -999999 -999999 -999999 -999999 -999999 -999999 
5224   1949 -999999 -999999 -999999 -999999 -999999 -999999 -999999 -999999 -999999 -999999 -999999 -999999 -999999 -999999 -999999 -999999 -999999 -999999 -999999 
5224   1950 -999999 -999999 -999999 -999999 -999999 -999999 -999999 -999999 -999999 -999999 -999999 -999999 -999999 -999999 -999999 -999999 -999999 -999999 -999999 
5224   1951 -999999 -999999 -999999 -999999 -999999 -999999 -999999 -999999 -999999 -999999 -999999 -999999 -999999 -999999 -999999 -999999 -999999 -999999 -999999 
5224   1952 -999999 -999999 -999999 -999999 -999999 -999999 -999999 -999999 -999999 -999999 -999999 -999999 -999999 -999999 -999999 -999999 -999999 -999999 -999999 
5224   1953 -999999 -999999 -999999 -999999 -999999 -999999 -999999 -999999 -999999 -999999 -999999 -999999 -999999 -999999 -999999 -999999 -999999 -999999 -999999 
5224   1954 -999999 -999999 -999999 -999999 -999999 -999999 -999999 -999999 -999999 -999999 -999999 -999999 -999999 -999999 -999999 -999999 -999999 -999999 -999999 
5224   1955 -999999 -999999 -999999 -999999 -999999 -999999 -999999 -999999 -999999 -999999 -999999 -999999 -999999 -999999 -999999 -999999 -999999 -999999 -999999 
5224   1956 -999999 -999999 -999999 -999999 -999999 -999999 -999999 -999999 -999999 -999999 -999999 -999999 -999999 -999999 -999999 -999999 -999999 -999999 -999999 
5224   1957 -999999 -999999 -999999 -999999 100     -999999 600     300     700     100     0       0       100     200     -999999 200     0       400     0       
5224   1958 -999999 500     -999999 100     -999999 -999999 200     0       100     0       -999999 100     100     -999999 -999999 100     100     0       0       
5224   1959 -999999 -999999 3400    700     -999999 2200    900     200     500     -999999 800     100     100     1100    1000    300     300     300     -999999 
5224   1960 4300    -999999 2600    -999999 600     1300    1500    600     0       100     300     200     400     200     700     800     0       700     300     
5224   1961 4600    3100    1800    1300    1800    300     1500    100     900     1100    500     200     200     0       100     800     500     200     0       
5224   1962 1100    1200    400     500     200     200     200     400     100     0       200     0       200     0       0       0       200     0       0       
5224   1963 2700    200     2100    0       700     900     1100    0       0       0       200     500     0       500     400     500     200     400     0       
5224   1964 2900    700     1900    100     1000    600     500     0       100     0       900     100     400     200     0       300     0       200     700     
5224   1965 1700    900     1300    700     0       700     1000    0       0       0       0       0       300     0       400     600     400     0       0       
5224   1966 3900    1000    2600    500     500     1500    1200    0       500     100     100     300     900     400     200     700     500     0       200     
5224   1967 5100    2100    2300    300     2000    1200    1600    0       100     1300    500     200     0       600     600     400     1000    200     200     
5224   1968 4300    2400    2200    400     1400    800     1900    100     100     800     500     100     600     100     100     800     500     600     0       
5224   1969 3300    1100    2600    0       300     1500    1500    0       0       0       100     200     200     900     400     800     500     200     0       
5224   1970 3100    700     2100    0       500     1100    1000    0       0       0       100     400     400     400     300     500     400     100     500     
5224   1971 6300    2100    2300    1500    1500    800     1700    300     700     100     700     700     200     100     500     100     900     700     1300    
5224   1972 5800    2900    3100    1300    1300    1800    1000    0       0       0       800     500     400     1200    200     0       100     900     1700    
5224   1973 3700    4300    2000    2600    1100    1400    300     200     700     700     0       400     400     600     400     200     0       100     0       
5224   1974 3700    1400    1100    1200    500     500     600     400     800     100     100     300     300     0       200     200     0       400     900     
5224   1975 7200    3800    3400    3000    1100    1900    1500    2000    100     400     0       700     100     700     1100    800     500     200     600     
5224   1976 1900    1600    1000    900     500     400     700     100     200     0       100     400     100     0       300     100     300     300     0       
5224   1977 2700    900     1400    0       700     1000    700     0       0       300     0       400     800     100     100     0       400     300     300     
5224   1978 3400    2000    800     700     1100    300     1600    300     100     600     200     300     100     100     100     0       300     1300    0       
5224   1979 2000    1600    1200    0       600     400     400     0       0       0       0       600     300     0       100     200     100     100     600     
5224   1980 2400    800     1200    600     0       1100    600     0       0       0       0       0       600     400     100     100     100     400     700     
5224   1981 2500    1600    1900    700     1300    800     400     0       0       400     100     800     300     0       500     200     100     100     0       
5224   1982 2400    200     1500    0       400     1000    900     0       0       0       200     200     300     400     300     100     100     700     100     
5224   1983 4700    2700    2300    1700    1100    1000    900     1600    0       200     700     200     100     400     500     400     300     200     100     
5224   1984 3300    900     1800    400     900     900     1000    300     0       0       300     600     300     200     400     0       600     400     200     
5224   1985 1500    1200    700     200     300     300     600     0       0       0       0       300     100     100     100     100     500     0       300     
5224   1986 2600    800     1200    300     600     600     1000    0       0       0       100     500     0       600     0       0       0       1000    400     
5224   1987 1400    1400    900     400     300     500     100     0       0       0       200     100     100     100     300     100     0       0       500     
5224   1988 5600    1800    3700    1700    1100    2100    700     900     300     100     700     300     900     700     500     600     100     0       500     
5224   1989 9700    5800    3000    4400    2000    1800    1400    1800    2100    1300    600     100     300     500     1000    500     800     100     600     
5224   1990 8900    7200    2500    4400    3100    1200    700     1700    2100    1900    1000    200     400     200     600     100     100     500     100     
5224   1991 5800    2500    2700    1000    1400    1800    1200    700     200     900     500     0       0       500     1300    400     200     600     500     
5224   1992 6500    4200    3200    2400    1700    2400    100     500     1400    1000    400     300     800     1000    600     100     0       0       400     
5224   1993 3600    1800    1900    1300    2200    200     200     700     200     500     800     900     100     0       100     0       200     0       100     
5224   1994 5200    1100    2800    600     1300    1600    1000    500     0       300     1000    0       100     800     700     200     0       800     800     
5224   1995 5500    3100    2900    1900    1100    1700    1600    0       1100    400     300     400     200     800     700     500     1100    0       0       
5224   1996 2300    1100    1700    0       800     900     600     0       0       0       700     100     100     0       800     0       200     400     0       
5224   1997 5900    2300    3500    800     1400    2200    1200    0       800     900     300     200     300     600     1300    800     400     0       300     
5224   1998 5700    4000    2100    3300    1500    500     600     1200    1800    300     800     400     200     200     100     400     200     0       100     
5224   1999 6300    1700    3800    1000    1900    1100    2100    800     100     500     1100    300     100     700     300     1300    300     500     300     
5224   2000 7200    2700    2500    1700    1500    900     2000    600     800     200     900     400     400     100     400     300     700     1000    1400    
5224   2001 5200    4400    2400    2400    1100    1600    1500    600     400     300     600     200     100     800     700     0       1300    200     0       
5224   2002 -999999 4600    -999999 2200    2900    -999999 -999999 600     1600    900     700     1300    800     -999999 -999999 -999999 -999999 -999999 -999999 
