EUROPEAN CLIMATE ASSESSMENT & DATASET (ECA&D), file created on: 20-01-2022
THESE DATA CAN BE USED FOR NON-COMMERCIAL RESEARCH AND EDUCATION PROVIDED THAT THE FOLLOWING SOURCE IS ACKNOWLEDGED: 

Klein Tank, A.M.G. and Coauthors, 2002. Daily dataset of 20th-century surface
air temperature and precipitation series for the European Climate Assessment.
Int. J. of Climatol., 22, 1441-1453.
Data and metadata available at http://www.ecad.eu

FILE FORMAT (MISSING VALUE CODE = -999999):

THIS FILE HOLDS DATA FOR STATION SWEDEN                                   OJEBYN                                   (STAID:   6793)
LATITUDE: dd:mm:ss +65:21:36
LONGITUDE: ddd:mm:ss +021:23:24
ELEVATION: m    5

DATA IS FOR INDEX Days with TN > 90th percentile of daily min temp (warm nights) (TN90p) with unit 0.01 No of days

01-06 SOUID: Source identifier
08-11 YEAR : YYYY
13-20 ANNUAL DATA VALUES
21-28 WINTER HALF YEAR DATA VALUES
29-36 SUMMER HALF YEAR DATA VALUES
37-44 WINTER (DJF) DATA VALUES
45-52 SPRING (MAM) DATA VALUES
53-60 SUMMER (JJA) DATA VALUES
61-68 AUTUMN (SON) DATA VALUES
69-76 JANUARY DATA VALUES
etc. 
157-164 DECEMBER DATA VALUES

6793   1882 -999999 -999999 -999999 -999999 -999999 1000    800     -999999 -999999 -999999 -999999 0       0       0       1000    400     400     0       0       
6793   1883 2300    800     800     300     200     600     900     0       300     100     100     0       600     0       0       100     100     700     300     
6793   1884 3000    2200    1000    1000    400     400     1400    500     200     400     0       0       0       400     0       600     200     600     100     
6793   1885 1500    1900    100     1000    200     0       100     100     800     100     100     0       0       0       0       0       0       100     300     
6793   1886 3200    800     1500    600     300     1300    900     0       300     100     200     0       600     600     100     0       100     800     400     
6793   1887 2300    2800    400     1800    400     100     300     1000    400     100     100     200     0       0       100     0       0       300     100     
6793   1888 900     400     300     100     0       100     200     0       0       0       0       0       0       100     0       200     0       0       600     
6793   1889 2200    600     300     600     300     0       -999999 0       0       0       0       300     0       0       0       0       -999999 1200    600     
6793   1890 2700    3300    1000    1400    1400    100     100     500     300     600     400     400     0       0       100     100     0       0       300     
6793   1891 3100    1300    600     1300    200     400     700     200     800     0       100     100     0       400     0       0       700     0       800     
6793   1892 400     1700    0       800     200     0       200     0       0       200     0       0       0       0       0       0       0       200     0       
6793   1893 1100    300     400     0       400     100     200     0       0       100     300     0       100     0       0       0       0       200     400     
6793   1894 3100    1300    1400    600     1200    700     900     0       200     500     300     400     200     200     300     0       0       900     100     
6793   1895 1300    1000    800     100     600     200     200     0       0       0       100     500     200     0       0       0       0       200     300     
6793   1896 1600    900     900     700     200     700     300     300     100     0       100     100     200     500     0       0       0       300     0       
6793   1897 1500    500     800     200     200     600     400     0       200     0       0       200     300     300     0       0       200     200     100     
6793   1898 1300    1200    0       800     0       0       600     700     0       0       0       0       0       0       0       0       0       600     0       
6793   1899 1000    1000    400     400     0       400     200     300     100     0       0       0       0       400     0       0       0       200     0       
6793   1900 1200    200     400     0       0       300     700     0       0       0       0       0       200     0       100     100     100     500     200     
6793   1901 4600    1700    2200    900     400     1700    1700    700     0       200     0       200     200     1300    200     300     1200    200     100     
6793   1902 900     1800    0       400     0       0       200     100     200     0       0       0       0       0       0       0       100     100     400     
6793   1903 2400    1800    400     1100    600     100     300     200     500     500     0       100     0       0       100     200     0       100     700     
6793   1904 1600    2200    100     2000    100     100     100     1200    100     100     0       0       0       100     0       0       100     0       0       
6793   1905 1900    600     700     400     300     500     300     0       400     100     0       200     300     200     0       0       0       300     400     
6793   1906 2200    1700    700     1400    600     100     100     400     600     0       300     300     0       100     0       0       100     0       400     
6793   1907 3000    1500    700     700     700     700     1000    200     100     700     0       0       700     0       0       0       300     700     300     
6793   1908 500     1500    100     500     0       100     0       200     0       0       0       0       0       0       100     0       0       0       200     
6793   1909 1500    500     400     500     0       300     500     300     0       0       0       0       0       300     0       100     400     0       400     
6793   1910 2900    1700    1400    1300    800     500     300     200     700     0       300     500     400     100     0       100     100     100     400     
6793   1911 4000    1000    2600    800     800     1300    500     300     100     0       400     400     300     200     800     500     0       0       1000    
6793   1912 2100    1200    1500    1000    500     1200    300     0       0       200     300     0       400     400     400     0       0       300     100     
6793   1913 2100    700     1400    300     800     500     500     0       200     100     700     0       -999999 400     100     200     0       300     100     
6793   1914 3600    1300    2200    800     700     1600    100     500     200     200     500     0       500     1000    100     100     0       0       500     
6793   1915 1700    700     1000    700     400     500     600     100     100     0       100     300     0       500     0       100     100     400     0       
6793   1916 2700    1100    1000    600     200     800     600     400     200     0       200     0       100     700     0       0       0       600     500     
6793   1917 1400    1300    1100    600     300     900     100     0       100     100     0       200     200     0       700     0       0       100     0       
6793   1918 -999999 1200    -999999 600     -999999 100     900     400     200     500     200     -999999 0       100     0       0       0       900     200     
6793   1919 2400    1800    1700    800     800     1000    0       600     0       100     200     500     100     900     0       0       0       0       0       
6793   1920 1700    600     300     200     600     100     700     0       200     400     0       200     0       100     0       0       0       700     100     
6793   1921 3100    1800    1700    500     2000    200     100     300     100     600     800     600     0       0       200     100     0       0       400     
6793   1922 2100    700     1300    500     300     900     700     0       100     200     0       100     600     200     100     300     0       400     100     
6793   1923 1900    1800    200     800     700     0       200     700     0       600     100     0       0       0       0       100     0       100     300     
6793   1924 3500    1100    1100    900     200     500     1500    500     100     100     100     0       0       300     200     500     400     600     700     
6793   1925 4000    3600    1800    2600    300     1300    400     1500    400     0       200     100     100     1100    100     200     0       200     100     
6793   1926 1800    400     700     100     400     400     700     0       0       100     300     0       0       0       400     0       100     600     300     
6793   1927 2500    1700    1800    800     200     1800    0       200     300     200     0       0       0       1400    400     0       0       0       0       
6793   1928 1800    500     700     300     700     100     700     0       300     200     300     200     0       0       100     100     100     500     0       
6793   1929 5200    2000    700     700     1100    0       1500    500     200     700     0       400     0       0       0       300     300     900     1900    
6793   1930 7500    5400    3300    3800    1500    2100    1200    1400    500     400     500     600     400     700     1000    100     600     500     800     
6793   1931 4100    2500    1400    1300    1000    500     1400    200     300     100     200     700     0       200     300     0       100     1300    700     
6793   1932 4400    3900    800     2500    100     700     800     1400    400     0       0       100     0       600     100     0       0       800     1000    
6793   1933 4500    4100    1900    2900    800     1300    300     1500    400     400     400     0       800     300     200     200     0       100     200     
6793   1934 7600    2300    3800    2000    700     1700    2100    1200    600     200     0       500     100     1100    500     1600    300     200     1300    
6793   1935 4000    3400    -999999 2400    500     -999999 1400    800     300     500     0       0       200     300     0       400     100     900     500     
6793   1936 4000    1900    2000    900     200     1600    800     400     0       0       100     100     1300    200     100     200     0       600     1000    
6793   1937 5900    2300    4000    1700    1300    2400    1200    700     0       0       600     700     300     700     1400    300     400     500     300     
6793   1938 8100    3100    3600    1500    1400    2000    2200    500     700     700     500     200     100     1300    600     900     800     500     1300    
6793   1939 2600    3400    1400    1800    400     1000    500     300     200     300     0       100     0       300     700     300     0       200     200     
6793   1940 2500    600     800     400     200     200     1600    200     0       0       100     100     0       100     100     400     700     500     300     
6793   1941 2800    2000    1700    700     300     1400    600     400     0       100     100     100     100     1100    200     100     0       500     100     
6793   1942 1700    600     800     100     400     400     300     0       0       0       400     0       100     0       300     0       100     200     600     
6793   1943 -999999 1200    -999999 800     -999999 700     400     100     100     100     200     -999999 200     400     100     100     100     200     800     
6793   1944 4000    -999999 700     1500    -999999 400     1300    500     200     -999999 100     0       0       100     300     200     500     600     1400    
6793   1945 3100    3100    1900    1600    900     1200    400     100     100     400     500     0       0       400     800     200     100     100     400     
6793   1946 5500    1300    3200    1100    1100    1300    1400    700     0       0       1000    100     400     800     100     800     200     400     1000    
6793   1947 2300    1600    1700    1000    400     1000    500     0       0       0       200     200     300     600     100     300     100     100     400     
6793   1948 4200    1500    2100    500     2100    200     1100    0       100     800     700     600     100     0       100     600     0       500     700     
6793   1949 5600    2700    1700    2000    700     100     3000    800     500     200     100     400     0       100     0       1100    300     1600    500     
6793   1950 3200    2800    1600    700     800     600     900     0       200     200     100     500     100     100     400     400     300     200     700     
6793   1951 3200    1400    1700    800     300     900     1500    0       100     100     200     0       0       0       900     600     400     500     400     
6793   1952 1000    1700    300     800     100     200     300     300     100     0       100     0       0       200     0       0       0       300     0       
6793   1953 5200    1100    2000    200     800     1800    1500    200     0       600     100     100     1100    0       700     0       700     800     900     
6793   1954 2400    3300    800     1400    600     400     200     500     0       400     0       200     0       200     200     200     0       0       700     
6793   1955 2600    1000    1800    1000    100     1100    800     100     200     0       100     0       0       500     600     600     200     0       300     
6793   1956 1300    1000    400     600     400     100     100     300     0       200     0       200     0       100     0       100     0       0       400     
6793   1957 2400    900     1100    900     100     1000    400     500     0       0       100     0       0       900     100     0       0       400     400     
6793   1958 2900    1200    1100    800     100     700     1700    100     300     0       0       100     200     100     400     300     300     1100    0       
6793   1959 4600    3300    1100    600     2000    400     900     100     500     1300    100     600     100     0       300     0       200     700     700     
6793   1960 2500    1800    2000    900     500     800     700     0       200     0       300     200     100     300     400     700     0       0       300     
6793   1961 5200    2000    1500    1200    900     1100    2200    100     800     800     100     0       500     400     200     300     1400    500     100     
6793   1962 1900    2300    400     400     300     100     900     100     200     0       300     0       0       0       100     0       500     400     300     
6793   1963 3000    1400    2300    400     900     800     1000    100     0       100     300     500     400     0       400     700     300     0       200     
6793   1964 2400    1500    300     1100    100     300     700     900     0       100     0       0       100     0       200     0       300     400     400     
6793   1965 1900    1700    1000    900     100     500     800     500     0       100     0       0       0       0       500     500     200     100     0       
6793   1966 2600    400     1300    0       300     1000    800     0       0       100     0       200     500     500     0       100     0       700     500     
6793   1967 3200    2100    1200    800     1000    400     1500    200     100     600     300     100     0       100     300     400     100     1000    0       
6793   1968 1800    1800    900     200     800     500     100     100     100     500     300     0       300     200     0       100     0       0       200     
6793   1969 1700    600     1100    600     0       1000    200     400     0       0       0       0       100     400     500     100     100     0       100     
6793   1970 2200    300     1000    200     0       900     600     100     0       0       0       0       600     0       300     100     0       500     600     
6793   1971 2600    1900    900     1400    300     500     600     500     300     0       100     200     200     0       300     100     200     300     400     
6793   1972 4900    1800    2700    800     700     2100    500     300     100     500     100     100     400     1500    200     400     100     0       1200    
6793   1973 4700    3100    2300    2500    700     2100    300     1000    300     500     100     100     300     1500    300     0       100     200     300     
6793   1974 4400    1600    2900    1200    800     1000    1400    700     200     100     400     300     700     200     100     1200    0       200     300     
6793   1975 6100    3000    2300    2300    1600    700     1600    600     1400    500     100     1000    200     300     200     500     600     500     200     
6793   1976 2600    1600    1400    500     800     600     400     0       300     0       400     400     100     0       500     0       0       400     500     
6793   1977 3300    2100    700     1100    600     500     1100    500     100     600     0       0       200     200     100     200     300     600     500     
6793   1978 2400    2400    1200    800     1100    500     500     300     0       700     200     200     0       200     300     300     100     100     0       
6793   1979 3500    1100    2100    200     800     1900    400     0       200     700     0       100     300     400     1200    100     0       300     200     
6793   1980 4200    900     3300    400     700     2200    900     200     0       200     400     100     1200    400     600     600     300     0       200     
6793   1981 3300    900     2300    600     1300    800     800     400     0       0       600     700     100     600     100     200     400     200     0       
6793   1982 4000    2100    1500    600     1700    400     1100    100     500     900     700     100     0       200     200     300     500     300     200     
6793   1983 4600    2300    2900    1300    1900    800     600     500     600     200     700     1000    100     500     200     400     100     100     200     
6793   1984 6000    800     3800    600     2500    1100    1000    200     200     0       700     1800    400     200     500     200     600     200     1000    
6793   1985 2100    1900    1400    1000    300     800     900     0       0       100     0       200     400     0       400     400     400     100     100     
6793   1986 3800    1400    1300    200     1000    1000    1400    0       100     700     200     100     1000    0       0       0       500     900     300     
6793   1987 2300    1800    500     300     300     300     1500    0       0       100     200     0       100     200     0       0       1100    400     200     
6793   1988 6300    3100    4200    1600    700     2700    1400    600     800     0       300     400     900     1400    400     800     400     200     100     
6793   1989 7300    3200    3400    1900    2700    700     1600    1000    800     700     1000    1000    0       300     400     700     0       900     500     
6793   1990 7400    3700    3600    2100    2800    1300    700     100     1500    700     1200    900     300     200     800     200     500     0       1000    
6793   1991 4300    2400    2300    1600    800     1700    500     600     0       300     500     0       0       400     1300    100     0       400     700     
6793   1992 5600    3400    2700    2000    1800    1100    800     800     500     1000    100     700     1100    0       0       800     0       0       600     
6793   1993 4000    2400    1800    1900    2000    300     200     400     900     500     500     1000    0       100     200     0       0       200     200     
6793   1994 4100    500     2600    300     1000    1400    800     100     0       0       600     400     100     500     800     200     100     500     800     
6793   1995 3600    2900    1200    1900    700     700     1000    700     400     400     200     100     200     0       500     200     600     200     100     
6793   1996 3400    1600    1700    800     600     800     1000    600     100     0       500     100     0       200     600     300     400     300     300     
6793   1997 6400    2200    4100    900     1100    2500    1500    300     300     600     100     400     600     1200    700     1100    200     200     700     
6793   1998 -999999 2400    -999999 1500    1400    -999999 -999999 500     300     500     300     600     300     -999999 -999999 -999999 -999999 -999999 -999999 
6793   1999 -999999 -999999 -999999 -999999 -999999 600     2300    300     200     -999999 -999999 200     100     500     0       600     200     1500    300     
6793   2000 7100    3300    2000    1500    1100    800     3100    700     500     100     400     600     200     500     100     200     1300    1600    900     
6793   2001 5600    5100    2900    2200    800     700     2500    1000    300     0       400     400     0       400     300     1400    300     800     300     
6793   2002 5300    3800    2900    2000    1900    1600    100     1200    500     700     900     300     400     600     600     100     0       0       0       
6793   2003 6000    2100    3000    700     2600    1700    500     0       700     1400    400     800     0       900     800     100     100     300     500     
6793   2004 3900    1900    2200    1200    800     1000    900     300     400     300     100     400     0       100     900     700     0       200     500     
6793   2005 5500    2000    2600    1600    800     1400    2100    800     300     200     400     200     200     500     700     600     800     700     100     
6793   2006 5400    2300    2100    800     400     900     2200    500     200     0       0       400     200     400     300     800     300     1100    1200    
6793   2007 4500    3800    1600    1700    1400    600     800     500     0       700     600     100     100     0       500     300     300     200     1200    
6793   2008 3900    4100    600     3000    1000    100     100     1100    700     600     0       400     0       0       100     100     0       0       900     
6793   2009 4300    1600    1800    1400    600     1000    1700    500     0       200     300     100     300     100     600     400     0       1300    500     
6793   2010 2900    2000    2200    700     1200    800     700     200     0       0       400     800     0       600     200     200     400     100     0       
6793   2011 7500    1400    4200    200     1400    2300    2500    200     0       700     600     100     700     700     900     1200    200     1100    1100    
6793   2012 3600    3700    1300    1400    1700    200     1300    200     100     1000    300     400     0       100     100     400     100     800     100     
6793   2013 4800    1800    2800    900     900     800     1300    200     600     0       600     300     400     200     200     1100    100     100     1000    
6793   2014 9300    5000    3900    3500    2600    2400    900     700     1800    1300    900     400     300     1500    600     200     500     200     900     
6793   2015 7000    4500    2100    2800    2100    200     2100    600     1300    1000    700     400     0       0       200     800     300     1000    700     
6793   2016 4600    3400    2000    1600    1600    400     1200    300     600     500     300     800     200     100     100     500     0       700     500     
6793   2017 4100    3500    1200    2200    1000    100     1000    1200    500     600     200     200     0       0       100     700     100     200     300     
6793   2018 4200    900     2400    600     500     1500    1300    200     100     0       0       500     100     800     600     400     200     700     600     
6793   2019 5100    2900    2500    1500    1200    1400    900     100     800     500     400     300     300     300     800     400     0       500     700     
6793   2020 8700    3800    2300    2600    1200    1500    2300    1300    600     700     300     200     800     100     600     300     900     1100    1800    
6793   2021 5200    4900    2600    2000    1600    1800    1200    0       200     900     200     500     600     900     300     100     700     400     400     
