EUROPEAN CLIMATE ASSESSMENT & DATASET (ECA&D), file created on: 20-01-2022
THESE DATA CAN BE USED FOR NON-COMMERCIAL RESEARCH AND EDUCATION PROVIDED THAT THE FOLLOWING SOURCE IS ACKNOWLEDGED: 

Klein Tank, A.M.G. and Coauthors, 2002. Daily dataset of 20th-century surface
air temperature and precipitation series for the European Climate Assessment.
Int. J. of Climatol., 22, 1441-1453.
Data and metadata available at http://www.ecad.eu

FILE FORMAT (MISSING VALUE CODE = -999999):

THIS FILE HOLDS DATA FOR STATION RUSSIAN FEDERATION                       KRASNAYA POLYANA                         (STAID:   8549)
LATITUDE: dd:mm:ss +43:40:59
LONGITUDE: ddd:mm:ss +040:12:00
ELEVATION: m  566

DATA IS FOR INDEX Days with TN > 90th percentile of daily min temp (warm nights) (TN90p) with unit 0.01 No of days

01-06 SOUID: Source identifier
08-11 YEAR : YYYY
13-20 ANNUAL DATA VALUES
21-28 WINTER HALF YEAR DATA VALUES
29-36 SUMMER HALF YEAR DATA VALUES
37-44 WINTER (DJF) DATA VALUES
45-52 SPRING (MAM) DATA VALUES
53-60 SUMMER (JJA) DATA VALUES
61-68 AUTUMN (SON) DATA VALUES
69-76 JANUARY DATA VALUES
etc. 
157-164 DECEMBER DATA VALUES

8549   1936 4500    -999999 2400    -999999 1700    1400    700     200     500     700     600     400     300     400     700     0       400     300     0       
8549   1937 5100    1200    2700    100     1100    700     2400    0       100     400     500     200     0       300     400     1300    900     200     800     
8549   1938 3800    2100    2000    1000    300     900     1800    0       200     0       200     100     100     600     200     800     600     400     600     
8549   1939 3600    2500    1800    1200    1500    400     1000    600     0       300     500     700     200     100     100     200     600     200     100     
8549   1940 5500    1500    2600    400     800     2100    1500    0       300     300     300     200     100     300     1700    0       800     700     800     
8549   1941 4300    4100    2100    1900    1400    1000    800     100     1000    700     300     400     600     400     0       400     400     0       0       
8549   1942 -999999 900     -999999 400     500     1900    -999999 100     300     100     0       400     300     400     1200    -999999 -999999 200     200     
8549   1943 2700    -999999 1500    200     500     900     1200    0       0       0       0       500     300     200     400     100     500     600     100     
8549   1944 3500    2300    1300    500     1100    600     1200    100     300     700     200     200     600     0       0       300     700     200     200     
8549   1945 1200    1200    600     300     100     400     500     100     0       0       0       100     100     200     100     100     300     100     100     
8549   1946 2400    900     900     500     300     200     1000    300     100     0       0       300     100     0       100     400     0       600     500     
8549   1947 4700    2700    1500    900     1600    800     900     0       400     1200    300     100     200     500     100     300     100     500     1000    
8549   1948 3400    3000    1700    2400    300     1200    500     1200    200     0       0       300     400     100     700     200     300     0       0       
8549   1949 2800    400     1900    100     500     1300    700     100     0       0       0       500     600     500     200     100     0       600     200     
8549   1950 3600    1100    2100    200     2000    200     900     0       0       300     700     1000    0       100     100     200     300     400     500     
8549   1951 4600    3600    1700    1200    2400    1000    500     700     0       1700    500     200     200     100     700     0       0       500     0       
8549   1952 5700    1200    2700    700     500     1600    1800    200     500     0       200     300     0       600     1000    600     800     400     1100    
8549   1953 2600    3100    1300    1900    100     1100    600     700     100     0       100     0       300     200     600     100     500     0       0       
8549   1954 3000    500     1800    0       400     1300    600     0       0       0       0       400     600     200     500     100     400     100     700     
8549   1955 6000    3700    1800    2900    900     900     1800    1000    1200    300     300     300     600     300     0       300     1000    500     200     
8549   1956 1600    2000    900     500     200     600     400     300     0       0       200     0       100     0       500     100     100     200     100     
8549   1957 5400    900     3400    500     1200    800     2500    100     300     100     500     600     200     100     500     1500    600     400     500     
8549   1958 3700    3000    1500    1700    1300    500     400     1000    200     300     200     800     400     0       100     0       200     200     300     
8549   1959 2900    1800    900     1400    500     400     600     1100    0       0       300     200     100     300     0       0       100     500     300     
8549   1960 4600    2700    1500    1900    800     800     800     900     700     200     100     500     500     200     100     100     200     500     600     
8549   1961 4600    2200    2000    1400    1000    1100    900     200     600     100     400     500     700     100     300     0       300     600     800     
8549   1962 5400    3100    1800    1100    1700    800     2000    100     200     1100    300     300     0       500     300     400     900     700     600     
8549   1963 4000    3600    1400    1800    400     500     1200    600     600     200     100     100     100     400     0       700     300     200     700     
8549   1964 2500    1800    1400    1000    600     900     400     0       300     300     200     100     700     200     0       200     0       200     300     
8549   1965 2100    800     1200    600     500     600     400     100     200     0       500     0       100     200     300     100     0       300     300     
8549   1966 8800    -999999 3100    -999999 1700    2200    1400    1300    -999999 1100    400     200     500     800     900     300     100     1000    800     
8549   1967 1900    2000    1000    900     600     300     900     100     0       0       0       600     200     0       100     100     200     600     0       
8549   1968 4100    1000    1700    200     500     800     2100    100     100     0       0       500     100     200     500     400     600     1100    500     
8549   1969 3800    2800    2200    900     1000    1100    500     300     100     200     300     500     900     0       200     300     0       200     800     
8549   1970 4100    2900    1500    2000    1600    400     700     1100    100     700     500     400     0       200     200     200     400     100     200     
8549   1971 4300    2600    2200    1500    1200    800     900     1000    300     600     200     400     0       500     300     800     100     0       100     
8549   1972 4700    300     3300    100     1500    1700    1500    0       0       100     1200    200     300     500     900     200     1200    100     0       
8549   1973 2800    2200    700     700     600     200     1300    100     600     200     200     200     0       100     100     100     1200    0       0       
8549   1974 3700    2100    1100    200     1000    800     1400    0       200     700     0       300     400     300     100     0       1200    200     300     
8549   1975 3500    1700    3000    300     1000    1700    800     0       0       0       600     400     1000    500     200     300     300     200     0       
8549   1976 -999999 700     -999999 200     100     800     -999999 200     0       0       100     0       0       200     600     -999999 200     100     500     
8549   1977 3000    2100    1600    1500    1000    600     400     0       1000    300     600     100     100     100     400     300     0       100     0       
8549   1978 3500    2000    1200    1300    800     600     700     300     1000    600     200     0       200     300     100     400     200     100     100     
8549   1979 6200    2600    2500    1500    1400    1500    1600    700     700     800     600     0       100     100     1300    400     500     700     300     
8549   1980 3500    2100    2000    500     1300    1100    300     100     100     400     400     500     100     900     100     0       100     200     600     
8549   1981 4800    2000    2000    1600    200     1200    1100    800     200     100     100     0       700     200     300     700     400     0       1300    
8549   1982 -999999 2500    1900    2000    1400    400     -999999 600     100     100     700     600     100     0       300     200     500     -999999 200     
8549   1983 2500    -999999 2000    200     900     1000    500     0       0       0       200     700     200     700     100     100     100     300     100     
8549   1984 4700    2700    2300    1300    1900    1100    500     1000    200     1000    600     300     500     600     0       300     100     100     0       
8549   1985 4800    1200    2700    800     1800    1100    1100    800     0       200     200     1400    200     0       900     0       200     900     0       
8549   1986 5200    2800    3200    1200    900     1300    1800    500     700     500     300     100     100     800     400     1500    100     200     0       
8549   1987 2300    700     1400    400     200     1100    300     300     100     0       0       200     700     300     100     100     200     0       300     
8549   1988 2200    700     1500    400     600     900     400     0       100     100     100     400     400     300     200     100     200     100     200     
8549   1989 2400    700     1900    300     1100    700     400     0       100     100     700     300     100     400     200     200     100     100     100     
8549   1990 3200    600     1600    100     600     900     1300    0       0       300     0       300     300     600     0       400     100     800     400     
8549   1991 4300    1500    3700    400     1200    2400    700     0       0       200     600     400     1200    500     700     300     300     100     0       
8549   1992 1500    400     800     0       100     300     1100    0       0       0       0       100     100     100     100     400     400     300     0       
8549   1993 1500    700     900     0       100     500     600     0       0       0       0       100     100     300     100     300     100     200     300     
8549   1994 4600    1800    2600    1100    1600    500     1700    700     100     400     900     300     200     0       300     900     600     200     0       
8549   1995 5400    2300    2700    800     1500    1400    1200    500     300     700     0       800     500     200     700     500     300     400     500     
8549   1996 6000    2600    2700    1900    500     2200    900     700     700     0       100     400     400     900     900     0       500     400     1000    
8549   1997 5000    2400    2500    1500    600     1600    1700    500     0       0       200     400     800     200     600     300     1100    300     600     
8549   1998 -999999 2300    -999999 700     -999999 3200    2100    0       100     200     1000    -999999 1800    600     800     900     800     400     700     
8549   1999 7400    4100    3300    2100    1300    2500    1100    1200    200     800     200     300     700     200     1600    300     800     0       1100    
8549   2000 5300    2200    4100    1400    1100    2600    800     200     100     0       1000    100     400     1200    1000    400     400     0       500     
8549   2001 6100    2300    3800    1100    1300    2700    1300    300     300     800     400     100     900     700     1100    600     100     600     200     
8549   2002 5400    2500    2200    700     1500    1000    2400    100     400     1100    300     100     500     400     100     800     1300    300     0       
8549   2003 6500    3000    3300    1200    1600    1300    2100    700     500     200     0       1400    200     400     700     600     1500    0       300     
8549   2004 6600    4000    2800    1500    2000    1600    1600    900     300     1000    700     300     600     200     800     200     1100    300     200     
8549   2005 5800    2400    3200    1000    1300    1300    1700    400     400     0       600     700     300     300     700     600     500     600     700     
8549   2006 6700    2500    5100    1200    1000    3700    1500    400     100     200     700     100     1300    100     2300    600     700     200     0       
8549   2007 6300    1300    4900    400     1500    2400    2000    400     0       0       0       1500    1100    400     900     1000    1000    0       0       
8549   2008 6600    2000    4300    100     2200    2400    1300    0       100     900     1100    200     300     600     1500    600     600     100     600     
8549   2009 7400    3400    2300    2400    600     1400    2300    700     1100    300     0       300     900     400     100     600     1500    200     1300    
8549   2010 14500   6800    6800    4300    1200    4500    3700    1600    1400    800     200     200     1900    1500    1100    1900    1300    500     2100    
8549   2011 5700    5300    3300    2900    1600    2000    800     700     100     600     300     700     400     1100    500     300     500     0       500     
8549   2012 9600    1500    6300    1000    2100    3600    2500    400     100     0       500     1600    1500    1100    1000    600     1400    500     900     
8549   2013 7300    5800    3700    3000    2700    1500    1000    1000    1100    900     500     1300    700     300     500     400     200     400     0       
8549   2014 13700   4200    8500    2200    4300    4200    2300    1200    1000    1400    900     2000    1000    1300    1900    1400    400     500     700     
8549   2015 11900   4100    7600    2200    2000    4400    3500    600     900     1000    100     900     1600    900     1900    2200    1000    300     500     
8549   2016 10200   4700    6300    2100    2800    4300    1500    400     1200    1300    800     700     1400    800     2100    500     500     500     0       
8549   2017 8100    2000    5900    200     1200    4400    1700    200     0       800     100     300     700     1400    2300    1100    400     200     600     
8549   2018 13800   4700    8500    2600    4700    4400    1900    900     1100    1500    700     2500    1500    1800    1100    900     700     300     800     
8549   2019 -999999 3500    -999999 2100    1900    -999999 -999999 600     700     400     200     1300    2800    -999999 -999999 -999999 500     -999999 -999999 
8549   2020 -999999 -999999 -999999 -999999 -999999 -999999 -999999 -999999 -999999 -999999 -999999 -999999 -999999 -999999 -999999 -999999 -999999 -999999 -999999 
8549   2021 -999999 -999999 -999999 -999999 -999999 -999999 -999999 -999999 -999999 -999999 -999999 -999999 -999999 -999999 -999999 -999999 -999999 500     -999999 
