EUROPEAN CLIMATE ASSESSMENT & DATASET (ECA&D), file created on: 20-01-2022
THESE DATA CAN BE USED FOR NON-COMMERCIAL RESEARCH AND EDUCATION PROVIDED THAT THE FOLLOWING SOURCE IS ACKNOWLEDGED: 

Klein Tank, A.M.G. and Coauthors, 2002. Daily dataset of 20th-century surface
air temperature and precipitation series for the European Climate Assessment.
Int. J. of Climatol., 22, 1441-1453.
Data and metadata available at http://www.ecad.eu

FILE FORMAT (MISSING VALUE CODE = -999999):

THIS FILE HOLDS DATA FOR STATION CZECH REPUBLIC                           CHEB                                     (STAID:    667)
LATITUDE: dd:mm:ss +50:04:05
LONGITUDE: ddd:mm:ss +012:23:29
ELEVATION: m  483

DATA IS FOR INDEX Days with TN > 90th percentile of daily min temp (warm nights) (TN90p) with unit 0.01 No of days

01-06 SOUID: Source identifier
08-11 YEAR : YYYY
13-20 ANNUAL DATA VALUES
21-28 WINTER HALF YEAR DATA VALUES
29-36 SUMMER HALF YEAR DATA VALUES
37-44 WINTER (DJF) DATA VALUES
45-52 SPRING (MAM) DATA VALUES
53-60 SUMMER (JJA) DATA VALUES
61-68 AUTUMN (SON) DATA VALUES
69-76 JANUARY DATA VALUES
etc. 
157-164 DECEMBER DATA VALUES

667    1961 4800    -999999 2200    -999999 2000    400     1000    100     800     700     1100    200     200     0       200     500     400     100     500     
667    1962 2700    1900    1400    1300    900     300     700     700     100     100     600     200     200     0       100     300     0       400     0       
667    1963 2700    400     1400    0       600     400     1700    0       0       0       300     300     100     200     100     400     0       1300    0       
667    1964 3300    1500    2400    200     600     1400    1100    0       200     0       400     200     600     600     200     400     0       700     0       
667    1965 1300    1100    500     300     200     400     0       300     0       100     0       100     300     100     0       0       0       0       400     
667    1966 5900    2100    2700    1900    1500    1100    1600    200     1300    200     1000    300     600     100     400     300     1300    0       200     
667    1967 4400    2900    1700    1400    700     1100    1200    400     800     200     200     300     100     600     400     100     1100    0       200     
667    1968 3700    2100    1500    800     600     1100    1400    400     200     200     200     200     300     300     500     0       1200    200     0       
667    1969 3600    1500    2500    0       1000    1400    1200    0       0       100     300     600     100     900     400     200     200     800     0       
667    1970 2900    1200    1600    200     500     800     1200    0       200     0       400     100     400     100     300     300     200     700     200     
667    1971 4200    1900    2000    1000    1000    900     700     500     300     0       200     800     0       400     500     100     400     200     800     
667    1972 2600    2000    1500    1400    400     1100    400     0       600     0       200     200     100     600     400     0       100     300     100     
667    1973 2300    800     1700    400     800     700     500     200     100     0       200     600     200     400     100     200     100     200     0       
667    1974 4200    2600    900     1100    1500    400     200     800     300     1200    200     100     0       0       400     200     0       0       1000    
667    1975 4200    2900    2100    2600    800     1100    700     1400    200     300     100     400     500     300     300     500     100     100     0       
667    1976 4000    1300    1900    900     600     1200    1300    900     0       200     100     300     400     700     100     300     400     600     0       
667    1977 6200    3700    2300    1500    1600    1200    1600    300     1200    1200    200     200     700     200     300     700     500     400     300     
667    1978 2000    1400    1000    300     700     300     200     0       0       200     300     200     300     0       0       200     0       0       800     
667    1979 3700    1200    2100    900     1100    1000    500     0       100     300     100     700     800     100     100     300     100     100     1000    
667    1980 2500    1900    800     1500    200     700     800     100     400     200     0       0       300     0       400     100     200     500     300     
667    1981 4300    2400    2000    400     1900    1100    1200    0       100     1300    200     400     600     300     200     300     200     700     0       
667    1982 4400    1400    3100    300     800     2100    900     300     0       200     200     400     800     700     600     400     200     300     300     
667    1983 4500    2700    1700    1600    900     1200    900     1200    100     600     300     0       100     800     300     200     300     400     200     
667    1984 2700    1000    1600    300     300     900     1400    100     0       0       0       300     200     300     400     400     500     500     0       
667    1985 3600    1200    2300    100     1200    700     800     0       100     100     400     700     200     100     400     500     300     0       800     
667    1986 3700    1600    2800    1200    1400    1400    300     400     0       100     200     1100    600     200     600     100     0       200     200     
667    1987 4400    800     2500    600     400     1300    1300    100     300     0       300     100     200     600     500     800     200     300     1000    
667    1988 5000    2800    2000    2300    1000    700     1400    1000    300     0       300     700     0       400     300     300     1000    100     600     
667    1989 6200    3400    2900    1600    1300    1400    1600    400     600     700     500     100     100     600     700     900     500     200     900     
667    1990 3600    3200    1400    1600    1400    900     400     300     400     900     100     400     300     200     400     0       200     200     200     
667    1991 4200    2400    2200    1200    1200    1600    300     900     100     800     300     100     200     800     600     200     100     0       100     
667    1992 5000    1700    2900    1300    800     2300    600     700     500     300     200     300     300     500     1500    100     100     400     100     
667    1993 4000    2100    2200    1300    1600    600     300     1100    100     300     800     500     200     200     200     300     0       0       300     
667    1994 7900    2500    3900    1500    1500    2700    1600    1000    200     1000    200     300     700     1100    900     700     100     800     900     
667    1995 6000    3600    3100    2500    1400    1700    1200    400     1200    200     900     300     0       1000    700     200     800     200     100     
667    1996 2400    1200    1400    200     300     1100    900     0       100     0       100     200     700     200     200     0       600     300     0       
667    1997 4800    2600    2100    900     1400    1200    800     0       900     800     100     500     100     200     900     300     200     300     500     
667    1998 5600    3600    2100    2500    1500    900     800     900     1100    600     600     300     700     200     0       300     400     100     400     
667    1999 4900    2000    3200    1100    1400    1400    1100    600     100     400     400     600     200     900     300     800     300     0       300     
667    2000 6100    2200    3000    1500    1900    1300    1000    400     800     400     800     700     600     200     500     200     500     300     700     
667    2001 5100    3000    1500    1500    1300    700     2100    400     400     700     100     500     0       0       700     200     1700    200     200     
667    2002 7400    5100    3200    2700    1300    2400    900     1100    1400    500     400     400     900     600     900     0       400     500     300     
667    2003 5300    1800    3600    700     1500    2200    700     400     0       200     200     1100    1100    400     700     100     0       600     500     
667    2004 4000    2400    1600    1400    700     1300    1000    100     800     400     200     100     200     500     600     0       400     600     100     
667    2005 5700    3000    3000    1200    2200    1000    1400    900     200     800     800     600     300     300     400     600     600     200     0       
667    2006 6200    1600    3200    400     1000    1700    2500    0       400     400     400     200     600     900     200     900     600     1000    600     
667    2007 7300    5800    3100    3900    1800    1600    200     2000    1300    300     600     900     900     600     100     0       100     100     400     
667    2008 6300    2700    3100    2100    1100    1900    1300    800     900     400     200     500     700     500     700     500     200     600     300     
667    2009 5600    1600    3600    400     2000    1300    2000    0       100     400     1000    600     400     600     300     700     400     900     200     
667    2010 4000    2100    2800    400     1000    2200    600     0       200     400     200     400     600     1200    400     0       100     500     0       
667    2011 4700    1900    2600    800     1200    1400    800     600     200     500     600     100     400     200     800     500     200     100     500     
667    2012 6300    2700    3600    1800    1900    2200    500     900     400     600     400     900     600     900     700     100     200     200     400     
667    2013 4600    1800    2700    1300    900     1500    1100    900     0       100     400     400     500     600     400     400     500     200     200     
667    2014 8100    2400    3800    1000    2200    1600    2600    600     200     700     1000    500     400     1000    200     700     1100    800     900     
667    2015 8700    3500    4800    1400    1300    3500    1700    500     0       200     500     600     500     1400    1600    200     300     1200    1700    
667    2016 7200    4500    4700    2900    1200    2400    2000    500     700     100     600     500     500     1200    700     1200    200     600     400     
667    2017 6500    2900    4000    1200    2100    2700    700     0       800     900     500     700     700     1200    800     100     500     100     200     
667    2018 9300    2500    5800    1600    2700    2900    1400    1400    0       300     1000    1400    800     700     1400    500     300     600     900     
667    2019 6900    3100    3800    1400    1100    3200    1500    400     100     800     100     200     1200    1000    1000    300     800     400     600     
667    2020 6900    4300    3100    2400    1000    2300    1500    400     1400    700     200     100     600     200     1500    500     400     600     300     
667    2021 4200    1700    2800    600     200     2100    800     100     200     100     0       100     1300    500     300     600     100     100     800     
