EUROPEAN CLIMATE ASSESSMENT & DATASET (ECA&D), file created on: 20-01-2022
THESE DATA CAN BE USED FOR NON-COMMERCIAL RESEARCH AND EDUCATION PROVIDED THAT THE FOLLOWING SOURCE IS ACKNOWLEDGED: 

Klein Tank, A.M.G. and Coauthors, 2002. Daily dataset of 20th-century surface
air temperature and precipitation series for the European Climate Assessment.
Int. J. of Climatol., 22, 1441-1453.
Data and metadata available at http://www.ecad.eu

FILE FORMAT (MISSING VALUE CODE = -999999):

THIS FILE HOLDS DATA FOR STATION RUSSIAN FEDERATION                       SEVERNOE                                 (STAID:   8220)
LATITUDE: dd:mm:ss +56:19:59
LONGITUDE: ddd:mm:ss +078:22:00
ELEVATION: m  124

DATA IS FOR INDEX Days with TN > 90th percentile of daily min temp (warm nights) (TN90p) with unit 0.01 No of days

01-06 SOUID: Source identifier
08-11 YEAR : YYYY
13-20 ANNUAL DATA VALUES
21-28 WINTER HALF YEAR DATA VALUES
29-36 SUMMER HALF YEAR DATA VALUES
37-44 WINTER (DJF) DATA VALUES
45-52 SPRING (MAM) DATA VALUES
53-60 SUMMER (JJA) DATA VALUES
61-68 AUTUMN (SON) DATA VALUES
69-76 JANUARY DATA VALUES
etc. 
157-164 DECEMBER DATA VALUES

8220   1938 -999999 -999999 2600    -999999 -999999 1100    1100    -999999 -999999 -999999 900     500     200     400     500     100     200     800     -999999 
8220   1939 4000    -999999 2800    -999999 1500    700     900     100     300     0       1200    300     400     100     200     600     100     200     500     
8220   1940 4500    1500    3000    700     2000    1100    1100    0       200     500     1300    200     100     600     400     400     100     600     100     
8220   1941 2300    1500    1400    500     700     700     500     300     100     300     0       400     500     0       200     300     200     0       0       
8220   1942 2700    400     1900    200     0       1500    1000    0       200     0       0       0       300     500     700     400     200     400     0       
8220   1943 -999999 -999999 -999999 -999999 -999999 -999999 1100    0       -999999 -999999 700     -999999 -999999 -999999 500     500     500     100     0       
8220   1944 -999999 -999999 -999999 500     -999999 -999999 700     200     300     -999999 -999999 200     -999999 0       300     500     200     0       -999999 
8220   1945 -999999 -999999 -999999 -999999 -999999 -999999 300     0       0       -999999 700     400     100     -999999 0       100     200     0       -999999 
8220   1946 -999999 -999999 -999999 -999999 -999999 -999999 -999999 -999999 -999999 -999999 -999999 -999999 -999999 -999999 -999999 -999999 -999999 -999999 -999999 
8220   1947 -999999 -999999 -999999 -999999 -999999 -999999 -999999 -999999 -999999 -999999 -999999 -999999 -999999 -999999 -999999 100     -999999 200     -999999 
8220   1948 -999999 -999999 1600    -999999 500     1100    800     -999999 0       100     0       400     0       900     200     100     700     0       300     
8220   1949 3000    1800    1400    1000    700     800     800     600     100     100     300     300     300     200     300     0       700     100     0       
8220   1950 3300    1400    1700    500     300     700     1300    0       500     100     100     100     100     300     300     800     400     100     500     
8220   1951 3400    1400    2300    600     1600    500     600     100     0       300     800     500     0       500     0       500     100     0       600     
8220   1952 3800    1100    3000    1000    500     1600    1100    200     200     0       0       500     400     400     800     900     200     0       200     
8220   1953 4200    1300    3000    800     900     1700    800     0       600     300     100     500     300     800     600     700     100     0       200     
8220   1954 2300    300     1200    200     0       600     1700    0       0       0       0       0       0       100     500     600     600     500     0       
8220   1955 2900    1500    1700    300     600     1200    500     0       300     100     0       500     200     100     900     0       300     200     300     
8220   1956 -999999 1200    -999999 600     500     600     -999999 300     0       100     300     100     0       100     500     -999999 500     200     300     
8220   1957 3600    1900    1700    1200    600     800     900     200     700     0       200     400     300     300     200     300     200     400     400     
8220   1958 2700    1700    1200    900     500     600     700     0       500     200     0       300     100     100     400     300     300     100     400     
8220   1959 2500    1600    1600    1000    800     700     400     500     100     200     0       600     100     400     200     300     100     0       0       
8220   1960 2200    700     900     600     200     200     1000    0       600     0       100     100     100     0       100     500     100     400     200     
8220   1961 3900    1800    1700    700     1800    200     1100    200     300     600     600     600     0       100     100     300     0       800     300     
8220   1962 4800    3100    1900    1800    1200    900     900     600     900     500     300     400     200     500     200     300     500     100     300     
8220   1963 3200    1900    800     1100    300     500     1200    200     600     200     0       100     100     200     200     200     400     600     400     
8220   1964 3300    1900    1300    900     300     900     900     500     0       0       0       300     0       200     700     100     100     700     700     
8220   1965 3700    2600    2100    1400    1200    1000    700     500     200     400     0       800     400     300     300     300     300     100     100     
8220   1966 1700    1000    900     200     500     600     500     100     0       400     0       100     300     100     200     200     300     0       0       
8220   1967 4900    1000    2100    0       1600    1200    1800    0       0       700     700     200     300     500     400     0       1200    600     300     
8220   1968 2400    2700    1400    500     900     700     500     100     100     400     300     200     0       600     100     200     300     0       100     
8220   1969 -999999 400     -999999 100     300     1700    1200    0       0       0       200     100     600     900     200     500     100     600     200     
8220   1970 2500    -999999 1300    900     800     600     300     200     500     200     500     100     400     100     100     100     100     100     100     
8220   1971 5900    1900    2500    1400    1000    1400    2000    1200    100     300     300     400     700     400     300     400     700     900     200     
8220   1972 1700    2000    1200    400     800     400     200     0       200     0       500     300     200     0       200     0       0       200     100     
8220   1973 4300    900     2500    300     900     1100    -999999 0       200     400     300     200     300     200     600     900     200     -999999 700     
8220   1974 -999999 -999999 -999999 1000    800     -999999 300     0       300     200     100     500     -999999 300     500     100     200     0       0       
8220   1975 4000    1500    1700    1100    800     900     700     800     300     200     200     400     200     500     200     200     400     100     500     
8220   1976 -999999 1800    1200    -999999 400     700     200     600     -999999 0       100     300     400     100     200     100     100     0       400     
8220   1977 3900    -999999 1900    800     900     1100    1300    0       400     400     400     100     700     300     100     300     300     700     200     
8220   1978 3900    2000    1800    900     600     900     1400    300     400     100     500     0       400     200     300     400     500     500     300     
8220   1979 3900    2300    1600    1000    800     800     1000    200     500     300     100     400     100     500     200     300     200     500     600     
8220   1980 2200    1300    1500    600     400     800     700     0       0       0       100     300     600     200     0       300     300     100     300     
8220   1981 4500    2300    2300    1400    1300    1100    800     500     600     500     500     300     400     0       700     400     100     300     200     
8220   1982 5300    900     3300    300     1700    1500    1300    100     0       200     900     600     600     200     700     300     400     600     700     
8220   1983 5800    3900    1400    2500    700     1100    1100    1000    800     400     200     100     500     300     300     0       1100    0       1100    
8220   1984 3100    3200    1600    2000    300     800     1100    800     100     100     0       200     200     200     400     600     500     0       0       
8220   1985 2300    900     1700    400     500     700     500     400     0       0       400     100     100     100     500     500     0       0       200     
8220   1986 2100    400     1300    300     500     500     800     100     0       100     100     300     100     300     100     400     200     200     200     
8220   1987 4100    1500    2500    800     1100    1500    500     100     500     300     0       800     200     500     800     200     300     0       400     
8220   1988 5900    1300    3600    800     1200    1700    1800    400     0       200     1000    0       500     400     800     900     400     500     800     
8220   1989 4300    3000    2300    1800    800     1700    300     200     800     300     300     200     300     900     500     100     200     0       500     
8220   1990 6900    3600    2600    1700    3200    800     1500    500     700     1700    300     1200    300     300     200     300     700     500     200     
8220   1991 6600    2400    4100    1200    1200    1800    2400    800     200     0       800     400     500     1100    200     1100    800     500     200     
8220   1992 5300    3400    1900    2000    500     1000    1600    900     900     100     100     300     200     200     600     500     700     400     400     
8220   1993 5000    3100    2500    1700    400     2300    800     1000    300     300     0       100     500     700     1100    100     700     0       200     
8220   1994 5400    1600    3100    600     1400    1800    1800    300     100     300     200     900     800     500     500     200     1000    600     0       
8220   1995 8000    4000    3700    1900    2500    1100    2300    500     1400    500     1600    400     0       600     500     600     800     900     200     
8220   1996 3900    2200    1900    300     700     1400    1300    100     0       200     100     400     200     1100    100     0       400     900     400     
8220   1997 5700    3500    2900    1500    2800    400     1400    400     700     700     1300    800     0       100     300     400     800     200     0       
8220   1998 6100    1700    3300    600     800     2400    1400    0       600     100     200     500     500     700     1200    200     700     500     900     
8220   1999 8100    3800    3300    2600    1700    1500    1900    400     1300    0       500     1200    100     800     600     100     1200    600     1300    
8220   2000 3600    4500    2000    2600    600     1400    300     500     800     100     200     300     400     400     600     100     200     0       0       
8220   2001 5700    1800    2200    400     2200    1000    1800    200     200     1200    300     700     400     100     500     200     200     1400    300     
8220   2002 6000    6000    1600    3500    1400    500     900     1800    1400    900     0       500     100     200     200     600     100     200     0       
8220   2003 5200    1200    2800    800     1200    1200    1100    400     400     100     200     900     500     300     400     500     600     0       900     
8220   2004 6500    2800    3100    1900    1400    1400    2600    200     800     300     200     900     600     500     300     600     1200    800     100     
8220   2005 6000    3900    2900    1000    1500    1600    1900    900     0       900     500     100     400     300     900     700     500     700     100     
8220   2006 5700    1800    2400    300     600     1400    2200    0       200     300     0       300     900     400     100     700     600     900     1300    
8220   2007 7400    4900    4200    3000    1500    2100    1900    1200    500     400     800     300     400     1000    700     1000    700     200     200     
8220   2008 7400    2500    3000    700     1900    1800    2700    0       500     900     400     600     100     1100    600     200     1100    1400    500     
8220   2009 4400    3400    2700    500     1600    900     1800    0       0       400     600     600     300     300     300     600     700     500     100     
8220   2010 5000    1900    2400    400     1100    1400    2100    0       300     300     700     100     400     300     700     200     700     1200    100     
8220   2011 6700    3000    3600    800     1900    1700    2000    200     500     300     1300    300     1300    100     300     300     1400    300     400     
8220   2012 5300    2300    4300    500     1100    2900    1200    100     0       100     900     100     900     1300    700     400     600     200     0       
8220   2013 6500    1500    2000    400     700     1200    2900    200     200     300     400     0       100     200     900     400     600     1900    1300    
8220   2014 6500    5900    3300    2200    2700    1800    400     800     100     1200    1000    500     200     300     1300    0       100     300     700     
8220   2015 7400    3700    2800    2500    2100    1000    1100    1000    800     800     800     500     500     200     300     500     300     300     1400    
8220   2016 6200    4300    3800    2500    2600    1700    800     100     1000    1200    1200    200     400     700     600     700     0       100     0       
8220   2017 4600    1600    2400    1000    1600    1100    700     600     400     500     600     500     400     300     400     200     0       500     200     
8220   2018 4400    1200    2500    700     500     1500    1600    300     200     0       500     0       300     400     800     500     1000    100     300     
8220   2019 6800    3300    2600    1200    1600    1400    1800    300     600     1000    300     300     100     800     500     600     1000    200     1100    
8220   2020 11000   6800    4100    4100    3800    1400    2600    1400    1600    1500    1300    1000    0       600     800     400     1200    1000    200     
8220   2021 6200    3500    2700    1000    1400    1400    1500    300     500     300     400     700     200     400     800     200     500     800     1100    
