EUROPEAN CLIMATE ASSESSMENT & DATASET (ECA&D), file created on: 20-01-2022
THESE DATA CAN BE USED FOR NON-COMMERCIAL RESEARCH AND EDUCATION PROVIDED THAT THE FOLLOWING SOURCE IS ACKNOWLEDGED: 

Klein Tank, A.M.G. and Coauthors, 2002. Daily dataset of 20th-century surface
air temperature and precipitation series for the European Climate Assessment.
Int. J. of Climatol., 22, 1441-1453.
Data and metadata available at http://www.ecad.eu

FILE FORMAT (MISSING VALUE CODE = -999999):

THIS FILE HOLDS DATA FOR STATION GERMANY                                  FREIBURG I.BR.                           (STAID:    815)
LATITUDE: dd:mm:ss +48:00:00
LONGITUDE: ddd:mm:ss +007:51:00
ELEVATION: m  300

DATA IS FOR INDEX Days with TN > 90th percentile of daily min temp (warm nights) (TN90p) with unit 0.01 No of days

01-06 SOUID: Source identifier
08-11 YEAR : YYYY
13-20 ANNUAL DATA VALUES
21-28 WINTER HALF YEAR DATA VALUES
29-36 SUMMER HALF YEAR DATA VALUES
37-44 WINTER (DJF) DATA VALUES
45-52 SPRING (MAM) DATA VALUES
53-60 SUMMER (JJA) DATA VALUES
61-68 AUTUMN (SON) DATA VALUES
69-76 JANUARY DATA VALUES
etc. 
157-164 DECEMBER DATA VALUES

815    1958 3100    -999999 1300    -999999 500     400     600     200     800     0       0       500     100     100     200     400     200     0       600     
815    1959 2800    1700    1700    1000    1000    1000    200     400     0       500     300     200     0       700     300     200     0       0       200     
815    1960 3200    1300    1300    900     1000    700     600     500     200     400     300     300     100     0       600     0       0       600     200     
815    1961 3900    1900    1400    1000    1000    0       1300    300     500     300     500     200     0       0       0       700     500     100     800     
815    1962 2100    2300    1200    1600    500     600     200     800     0       100     300     100     300     100     200     200     0       0       0       
815    1963 1200    0       600     0       200     400     600     0       0       0       200     0       200     100     100     0       0       600     0       
815    1964 2600    800     1700    100     700     800     800     0       100     100     300     300     200     400     200     300     0       500     200     
815    1965 1900    1300    700     400     500     600     100     200     0       400     0       100     500     0       100     0       0       100     500     
815    1966 3500    1900    1100    1800    600     500     1000    300     1000    0       400     200     400     0       100     0       900     100     100     
815    1967 3700    2700    1200    1500    500     500     1100    400     1000    200     0       300     200     200     100     400     700     0       200     
815    1968 4100    2300    1400    1000    1600    400     1200    300     500     600     800     200     200     200     0       0       800     400     100     
815    1969 3000    2000    2000    400     1200    1200    300     300     0       400     300     500     0       900     300     0       0       300     0       
815    1970 3300    700     1900    400     500     1000    1200    200     200     0       500     0       600     0       400     400     100     700     200     
815    1971 3600    1200    2600    400     1600    900     600     100     100     0       300     1300    0       400     500     100     400     100     300     
815    1972 2100    1200    1300    600     900     500     100     100     200     100     500     300     100     200     200     0       0       100     300     
815    1973 3200    500     2900    300     800     1500    900     0       0       100     0       700     400     400     700     700     100     100     0       
815    1974 4400    2200    1200    1300    800     500     1000    800     500     700     100     0       0       0       500     600     0       400     800     
815    1975 3800    2900    2000    2000    800     1000    800     1100    100     500     300     0       300     200     500     700     0       100     0       
815    1976 5300    1000    3400    800     700     2400    1400    700     100     100     300     300     1200    1200    0       400     700     300     0       
815    1977 5600    3700    600     1400    1400    100     2400    100     1300    1300    100     0       100     0       0       400     1100    900     300     
815    1978 2200    2700    700     500     300     600     100     0       200     200     0       100     500     100     0       0       0       100     1000    
815    1979 3500    1700    1300    1200    800     700     1000    0       200     400     0       400     600     100     0       200     400     400     800     
815    1980 2500    2500    800     1500    300     600     800     100     600     200     100     0       200     0       400     100     100     600     100     
815    1981 4600    2200    2700    200     2700    1000    800     0       100     1300    900     500     600     200     200     300     0       500     0       
815    1982 4400    1200    2800    600     700     1900    800     500     100     100     100     500     900     800     200     300     0       500     400     
815    1983 7100    2600    4100    1500    900     3300    1300    1100    0       600     300     0       600     1400    1300    500     400     400     500     
815    1984 2500    1500    1200    600     300     800     1300    100     0       100     200     0       200     400     200     200     600     500     0       
815    1985 4000    1600    2100    400     800     800     1200    0       400     100     400     300     300     300     200     600     500     100     800     
815    1986 4200    2000    2800    1400    900     1600    900     600     0       0       0       900     900     500     200     300     200     400     200     
815    1987 5200    1300    4100    500     1300    1600    1400    100     200     200     900     200     100     800     700     1400    0       0       600     
815    1988 5200    2100    2800    1900    1800    900     1000    1100    200     200     500     1100    0       200     700     300     400     300     200     
815    1989 6600    3000    2600    1200    2300    1200    1100    500     500     1100    400     800     200     300     700     200     700     200     1000    
815    1990 7100    4500    3000    2800    1800    1900    1400    500     1300    800     0       1000    200     500     1200    100     1000    300     200     
815    1991 4500    3300    2300    1100    1000    1700    700     900     0       900     100     0       400     800     500     500     0       200     200     
815    1992 6300    1300    4300    800     1800    2500    1000    300     300     300     500     1000    200     500     1800    300     0       700     400     
815    1993 6600    3000    3700    1800    2700    1400    300     1400    0       500     1200    1000    600     500     300     100     200     0       800     
815    1994 9700    3600    4800    1900    2100    3700    1900    800     300     1500    400     200     800     1700    1200    500     400     1000    900     
815    1995 6300    3500    3300    2100    1100    2200    1500    300     900     0       600     500     300     1300    600     0       1400    100     300     
815    1996 2600    2100    1600    400     700     1100    600     100     0       200     400     100     800     200     100     0       300     300     100     
815    1997 6200    2400    3000    900     1300    2100    1400    100     700     900     100     300     600     0       1500    500     500     400     600     
815    1998 6300    3600    3200    2100    1700    1700    1000    1100    400     600     500     600     700     500     500     400     500     100     400     
815    1999 6000    2000    4200    1100    1900    1300    1900    600     100     300     500     1100    300     300     700     1300    500     100     200     
815    2000 8500    2700    4300    1600    2600    1800    1600    600     800     500     800     1300    1200    0       600     400     400     800     1100    
