EUROPEAN CLIMATE ASSESSMENT & DATASET (ECA&D), file created on: 20-01-2022
THESE DATA CAN BE USED FOR NON-COMMERCIAL RESEARCH AND EDUCATION PROVIDED THAT THE FOLLOWING SOURCE IS ACKNOWLEDGED: 

Klein Tank, A.M.G. and Coauthors, 2002. Daily dataset of 20th-century surface
air temperature and precipitation series for the European Climate Assessment.
Int. J. of Climatol., 22, 1441-1453.
Data and metadata available at http://www.ecad.eu

FILE FORMAT (MISSING VALUE CODE = -999999):

THIS FILE HOLDS DATA FOR STATION ALGERIA                                  IN-AMENAS                                (STAID:    312)
LATITUDE: dd:mm:ss +28:03:00
LONGITUDE: ddd:mm:ss +009:37:59
ELEVATION: m  561

DATA IS FOR INDEX Days with TN > 90th percentile of daily min temp (warm nights) (TN90p) with unit 0.01 No of days

01-06 SOUID: Source identifier
08-11 YEAR : YYYY
13-20 ANNUAL DATA VALUES
21-28 WINTER HALF YEAR DATA VALUES
29-36 SUMMER HALF YEAR DATA VALUES
37-44 WINTER (DJF) DATA VALUES
45-52 SPRING (MAM) DATA VALUES
53-60 SUMMER (JJA) DATA VALUES
61-68 AUTUMN (SON) DATA VALUES
69-76 JANUARY DATA VALUES
etc. 
157-164 DECEMBER DATA VALUES

312    1958 -999999 -999999 -999999 -999999 -999999 -999999 -999999 -999999 -999999 -999999 -999999 -999999 -999999 -999999 -999999 -999999 200     900     700     
312    1959 4200    2600    2600    1200    600     1600    1300    400     100     300     100     200     200     300     1100    700     300     300     200     
312    1960 5200    1300    3200    600     900     1700    -999999 100     300     100     600     200     600     400     700     700     900     -999999 500     
312    1961 1300    1800    600     700     500     200     400     200     0       100     100     300     200     0       0       0       100     300     0       
312    1962 3100    1000    700     300     600     400     1600    100     200     300     300     0       100     300     0       0       300     1300    200     
312    1963 4700    3000    2700    1300    300     900     1700    500     600     100     200     0       100     700     100     1600    0       100     700     
312    1964 3500    1900    1300    1300    800     1000    100     400     200     500     200     100     400     100     500     0       0       100     1000    
312    1965 3500    2300    1600    2000    800     300     1300    700     300     200     500     100     0       0       300     700     500     100     100     
312    1966 3100    2000    1300    1200    300     900     700     700     400     200     0       100     0       800     100     300     300     100     100     
312    1967 2700    900     1300    500     500     500     1200    0       400     0       400     100     500     0       0       300     400     500     100     
312    1968 3100    1700    2100    600     1400    900     100     100     400     200     1000    200     200     300     400     0       0       100     200     
312    1969 6700    2500    3300    1600    1500    1300    2400    300     1100    800     300     400     700     200     400     1300    600     500     100     
312    1970 3000    2600    1200    900     1000    600     300     700     100     600     400     0       300     100     200     200     0       100     300     
312    1971 3300    1600    1200    600     2100    0       300     100     200     900     400     800     0       0       0       0       0       300     600     
312    1972 3700    1600    2100    1000    500     1200    1200    100     300     300     200     0       400     500     300     700     200     300     400     
312    1973 2900    1300    1700    600     600     1100    200     100     100     200     300     100     500     200     400     200     0       0       800     
312    1974 2700    1500    1300    800     1000    800     800     0       0       700     100     200     500     100     200     200     600     0       100     
312    1975 3000    1200    1100    100     1000    500     200     0       0       500     100     400     400     0       100     100     0       100     1300    
312    1976 4300    2500    2000    2300    600     1400    900     600     400     100     300     200     0       1100    300     100     600     200     400     
312    1977 4700    2200    2800    1200    1200    1800    600     600     200     200     300     700     100     600     1100    0       500     100     300     
312    1978 2300    1900    900     1100    800     300     400     600     200     200     200     400     0       0       300     0       200     200     0       
312    1979 4300    3000    800     1900    900     500     900     1200    700     700     100     100     100     100     300     100     700     100     100     
312    1980 2200    1900    200     800     300     100     1100    400     300     300     0       0       100     0       0       100     300     700     0       
312    1981 4400    1700    2800    500     1500    1300    800     0       500     200     800     500     400     400     500     200     500     100     300     
312    1982 3200    1400    800     600     800     200     1500    200     100     200     400     200     0       200     0       0       1100    400     400     
312    1983 3300    2200    2700    700     1100    1300    600     100     200     0       500     600     400     0       900     300     0       300     0       
312    1984 5300    1100    3400    300     2200    1000    1600    100     200     500     300     1400    300     0       700     700     700     200     200     
312    1985 3900    2500    1300    1200    1300    400     700     300     700     400     400     500     200     100     100     0       100     600     500     
312    1986 4900    2500    2500    1200    900     1800    1500    200     500     600     300     0       500     900     400     400     1000    100     0       
312    1987 6700    1900    4200    200     1500    3100    1100    200     0       600     0       900     600     1900    600     200     400     500     800     
312    1988 7900    3700    4900    2300    1700    3600    900     500     1000    500     400     800     1700    1200    700     100     600     200     200     
312    1989 4300    1100    3100    300     1200    1200    1500    0       100     0       400     800     500     300     400     700     100     700     300     
312    1990 4500    1800    2000    1000    600     1000    1900    700     0       0       600     0       400     100     500     400     400     1100    300     
312    1991 4000    2900    1700    900     900     1200    1200    300     300     500     100     300     300     300     600     100     1000    100     100     
312    1992 2900    2600    1000    1000    600     900     400     400     500     500     100     0       500     400     0       0       200     200     100     
312    1993 6200    1300    3200    900     700     1400    3000    100     700     0       300     400     1100    200     100     1100    400     1500    300     
312    1994 4300    3700    2000    1100    1500    500     1400    600     200     700     100     700     0       100     400     700     300     400     100     
312    1995 6900    1500    5300    500     700     2700    2400    100     300     300     0       400     600     400     1700    2200    200     0       700     
312    1996 7100    2900    4300    2200    1300    1900    2000    1000    500     500     300     500     0       600     1300    1600    200     200     400     
312    1997 5900    1300    4200    900     900     3000    1400    400     100     0       100     800     800     700     1500    300     900     200     100     
312    1998 7100    1900    5400    700     1500    2000    2600    0       600     100     700     700     800     200     1000    2000    600     0       400     
312    1999 -999999 1900    -999999 900     1300    -999999 -999999 300     200     400     400     500     200     600     1100    -999999 900     800     200     
312    2000 -999999 -999999 -999999 -999999 1800    700     -999999 100     100     200     900     700     0       600     100     400     1000    100     -999999 
312    2001 -999999 -999999 -999999 -999999 -999999 1300    -999999 0       100     100     -999999 100     0       700     600     1800    400     -999999 400     
312    2002 6400    -999999 5000    800     1500    3200    1100    100     300     500     500     500     0       1400    1800    800     100     200     200     
312    2003 -999999 1000    3100    700     200     1500    -999999 300     200     0       100     100     200     600     700     1400    1500    500     700     
312    2004 6300    -999999 2700    -999999 1500    1900    700     -999999 900     700     400     400     400     300     1200    0       200     500     900     
312    2005 8000    2900    4200    1200    1500    2700    2600    0       300     1000    200     300     300     1100    1300    1000    1000    600     900     
312    2006 5900    3500    3800    1800    800     1800    1900    400     500     100     400     300     100     400     1300    1300    400     200     500     
312    2007 5000    2200    2600    1600    700     1200    1400    600     500     0       300     400     100     100     1000    700     200     500     600     
312    2008 7300    2700    3300    1800    1300    1500    3000    700     500     200     200     900     300     1000    200     700     1400    900     300     
312    2009 6000    4300    3100    1300    800     1800    1600    800     200     700     0       100     600     800     400     1200    300     100     800     
312    2010 11400   3800    6100    2400    2200    4000    2400    500     1100    1000    700     500     1400    1200    1400    900     1200    300     1200    
312    2011 -999999 -999999 -999999 -999999 -999999 -999999 -999999 -999999 -999999 -999999 -999999 -999999 -999999 -999999 -999999 -999999 -999999 -999999 -999999 
