EUROPEAN CLIMATE ASSESSMENT & DATASET (ECA&D), file created on: 20-01-2022
THESE DATA CAN BE USED FOR NON-COMMERCIAL RESEARCH AND EDUCATION PROVIDED THAT THE FOLLOWING SOURCE IS ACKNOWLEDGED: 

Klein Tank, A.M.G. and Coauthors, 2002. Daily dataset of 20th-century surface
air temperature and precipitation series for the European Climate Assessment.
Int. J. of Climatol., 22, 1441-1453.
Data and metadata available at http://www.ecad.eu

FILE FORMAT (MISSING VALUE CODE = -999999):

THIS FILE HOLDS DATA FOR STATION TURKMENISTAN                             KRASNOVODSK                              (STAID:   2974)
LATITUDE: dd:mm:ss +40:01:48
LONGITUDE: ddd:mm:ss +052:58:48
ELEVATION: m   89

DATA IS FOR INDEX Days with TN > 90th percentile of daily min temp (warm nights) (TN90p) with unit 0.01 No of days

01-06 SOUID: Source identifier
08-11 YEAR : YYYY
13-20 ANNUAL DATA VALUES
21-28 WINTER HALF YEAR DATA VALUES
29-36 SUMMER HALF YEAR DATA VALUES
37-44 WINTER (DJF) DATA VALUES
45-52 SPRING (MAM) DATA VALUES
53-60 SUMMER (JJA) DATA VALUES
61-68 AUTUMN (SON) DATA VALUES
69-76 JANUARY DATA VALUES
etc. 
157-164 DECEMBER DATA VALUES

2974   1933 -999999 -999999 -999999 -999999 -999999 -999999 -999999 -999999 -999999 -999999 -999999 -999999 -999999 -999999 -999999 -999999 -999999 -999999 -999999 
2974   1934 -999999 -999999 -999999 -999999 -999999 -999999 -999999 -999999 -999999 -999999 -999999 -999999 -999999 -999999 -999999 -999999 -999999 -999999 -999999 
2974   1935 -999999 -999999 -999999 -999999 -999999 -999999 -999999 -999999 -999999 -999999 -999999 -999999 -999999 -999999 -999999 -999999 -999999 -999999 -999999 
2974   1936 -999999 -999999 -999999 -999999 -999999 -999999 2800    300     900     300     600     -999999 -999999 -999999 1900    1000    1200    600     700     
2974   1937 10100   2900    6900    1000    600     4000    4900    100     200     100     300     200     100     1600    2300    2400    1700    800     300     
2974   1938 12800   5200    7100    2300    1500    4000    5300    1100    900     400     600     500     600     1600    1800    2000    2300    1000    0       
2974   1939 10700   5000    6700    1200    2200    3600    2700    400     800     500     400     1300    700     1100    1800    1400    600     700     1000    
2974   1940 12400   3400    7600    1700    1800    4200    4600    200     500     400     800     600     600     900     2700    2000    1700    900     1100    
2974   1941 14000   7400    7400    3200    3900    3400    4100    600     1500    1600    1200    1100    700     1800    900     1700    1400    1000    500     
2974   1942 -999999 4200    5200    1500    1400    3000    3900    900     100     300     300     800     700     800     1500    1100    1800    1000    -999999 
2974   1943 -999999 -999999 -999999 -999999 -999999 -999999 -999999 100     100     100     1000    -999999 -999999 -999999 -999999 -999999 1500    500     200     
2974   1944 -999999 6900    -999999 2800    3700    -999999 -999999 700     1900    2100    700     900     1000    -999999 -999999 -999999 1700    1200    0       
2974   1945 -999999 -999999 -999999 -999999 -999999 -999999 -999999 -999999 100     200     400     -999999 -999999 -999999 -999999 -999999 2200    500     100     
2974   1946 -999999 -999999 -999999 -999999 -999999 -999999 -999999 -999999 -999999 -999999 -999999 -999999 -999999 -999999 -999999 -999999 -999999 -999999 -999999 
2974   1947 -999999 -999999 -999999 -999999 2600    -999999 4100    900     300     1400    800     400     -999999 -999999 -999999 900     1400    1800    1100    
2974   1948 -999999 -999999 -999999 -999999 -999999 -999999 -999999 1900    -999999 200     400     -999999 -999999 -999999 -999999 -999999 -999999 300     100     
2974   1949 -999999 -999999 -999999 400     -999999 -999999 1500    200     100     200     -999999 -999999 -999999 -999999 -999999 1100    200     200     200     
2974   1950 -999999 1900    -999999 600     2800    -999999 -999999 200     200     900     1100    800     -999999 -999999 -999999 -999999 2300    300     100     
2974   1951 -999999 4300    -999999 500     3700    -999999 -999999 400     0       1200    1700    800     -999999 -999999 -999999 -999999 400     600     300     
2974   1952 -999999 3000    -999999 1600    1300    -999999 -999999 500     800     400     300     600     0       -999999 -999999 -999999 2300    800     0       
2974   1953 11900   6500    7600    3000    2200    4600    2100    1300    1700    400     1100    700     1400    600     2600    1200    800     100     0       
2974   1954 14100   1200    8500    200     1600    5100    6300    200     0       100     0       1500    1400    1800    1900    1900    2500    1900    900     
2974   1955 13800   8700    7100    3800    2100    3700    4500    1000    1900    500     600     1000    1200    700     1800    1800    2000    700     600     
2974   1956 8000    4800    4100    1800    1100    2400    3100    400     800     300     800     0       600     100     1700    900     1500    700     200     
2974   1957 13400   4200    9500    1300    3700    3700    4500    0       1100    700     1300    1700    1300    600     1800    2800    1300    400     400     
2974   1958 -999999 7300    -999999 4000    3300    -999999 -999999 1800    1800    1600    100     1600    -999999 -999999 -999999 -999999 -999999 -999999 -999999 
2974   1959 -999999 -999999 -999999 -999999 -999999 -999999 -999999 -999999 -999999 -999999 -999999 -999999 -999999 -999999 -999999 -999999 -999999 -999999 -999999 
2974   1960 -999999 -999999 -999999 -999999 -999999 -999999 -999999 -999999 -999999 -999999 -999999 -999999 -999999 -999999 -999999 -999999 2000    400     0       
2974   1961 11600   4200    6500    1200    3200    3000    2800    700     500     600     900     1700    1600    600     800     900     800     1100    1400    
2974   1962 11900   7400    6000    3200    4000    3300    2300    600     1200    2300    900     800     800     1400    1100    1000    1000    300     500     
2974   1963 9700    4900    3800    3200    1300    1400    4200    1300    1400    400     600     300     100     1000    300     1500    2200    500     100     
2974   1964 6400    3900    4100    600     2100    1600    2200    100     400     600     500     1000    1200    300     100     1000    600     600     0       
2974   1965 8200    1700    4600    100     1600    2100    3000    0       100     400     200     1000    400     700     1000    1300    600     1100    1400    
2974   1966 4300    5200    1900    3200    900     1300    300     1200    600     300     400     200     400     400     500     0       100     200     0       
2974   1967 3300    1200    1200    700     600     600     1000    500     200     200     200     200     100     0       500     200     400     400     400     
2974   1968 2300    2300    900     1300    600     200     600     700     200     200     100     300     0       100     100     300     200     100     0       
2974   1969 1000    300     400     0       0       400     200     0       0       0       0       0       300     0       100     0       100     100     400     
2974   1970 2300    1600    1300    800     1500    400     0       0       400     600     500     400     0       200     200     0       0       0       0       
2974   1971 2700    500     1700    200     500     1300    400     100     100     300     100     100     100     700     500     200     0       200     300     
2974   1972 2400    600     1600    300     400     1100    900     0       0       100     200     100     300     500     300     200     400     300     0       
2974   1973 1300    1300    500     400     500     200     200     100     300     200     100     200     100     0       100     0       100     100     0       
2974   1974 1300    400     700     0       400     400     500     0       0       200     0       200     100     100     200     100     200     200     0       
2974   1975 2700    900     1700    400     500     1100    700     300     100     100     200     200     600     300     200     200     200     300     0       
2974   1976 1200    700     800     200     200     600     100     200     0       0       200     0       0       0       600     0       0       100     100     
2974   1977 1700    600     1300    100     800     700     200     0       0       400     100     300     100     200     400     200     0       0       0       
2974   1978 2200    900     600     500     600     300     400     300     200     400     200     0       200     0       100     100     300     0       400     
2974   1979 3300    1900    1100    1200    900     300     1300    400     400     400     500     0       100     200     0       300     700     300     0       
2974   1980 2300    1100    1100    0       600     600     500     0       0       100     400     100     100     400     100     0       100     400     600     
2974   1981 2600    2500    100     1500    600     0       500     500     400     500     0       100     0       0       0       0       200     300     600     
2974   1982 2200    1600    1600    1000    900     500     400     300     100     100     800     0       0       200     300     300     100     0       0       
2974   1983 3100    800     1800    600     800     1000    400     300     300     100     200     500     0       500     500     100     100     200     300     
2974   1984 1600    700     1100    400     400     600     500     0       100     0       400     0       0       500     100     100     200     200     0       
2974   1985 1600    900     600     500     300     300     300     0       500     0       100     200     200     0       100     0       0       300     200     
2974   1986 3000    1500    1000    1100    400     600     500     800     100     100     200     100     0       500     100     100     300     100     600     
2974   1987 3000    2400    1000    1500    700     800     200     500     400     500     0       200     600     100     100     0       0       200     400     
2974   1988 2600    1400    1300    900     900     600     200     200     300     300     400     200     400     100     100     100     0       100     400     
2974   1989 2200    800     1300    500     400     800     700     0       100     200     200     0       100     400     300     300     100     300     200     
2974   1990 2100    1200    600     500     400     400     500     100     200     300     100     0       300     100     0       100     100     300     500     
2974   1991 3400    1300    2400    800     400     2000    400     0       300     100     200     100     500     1000    500     100     300     0       300     
2974   1992 1100    1000    400     700     100     300     300     200     200     0       100     0       300     0       0       0       100     200     0       
2974   1993 1800    1100    600     600     700     0       100     500     100     200     100     400     0       0       0       100     0       0       400     
2974   1994 1800    1100    400     900     600     0       700     400     100     200     300     100     0       0       0       0       200     500     0       
2974   1995 4400    1500    2200    800     1300    700     1100    500     300     0       600     700     0       200     500     200     200     700     500     
2974   1996 3500    2000    2000    900     1000    900     500     200     200     200     0       800     0       300     600     300     200     0       700     
2974   1997 1600    1200    700     1000    200     500     500     300     0       0       200     0       200     100     200     0       500     0       100     
2974   1998 2900    700     2200    200     700     1300    400     0       100     0       500     200     1100    0       200     200     200     0       400     
2974   1999 -999999 -999999 -999999 -999999 -999999 1200    -999999 -999999 700     300     200     -999999 200     0       1000    300     400     200     500     
2974   2000 -999999 -999999 -999999 -999999 -999999 -999999 -999999 700     -999999 -999999 800     -999999 400     100     500     500     100     -999999 -999999 
2974   2001 -999999 -999999 -999999 -999999 -999999 500     -999999 -999999 -999999 -999999 -999999 0       200     100     200     100     0       -999999 -999999 
2974   2002 -999999 -999999 -999999 -999999 -999999 -999999 -999999 -999999 -999999 800     -999999 100     -999999 600     100     600     700     -999999 -999999 
2974   2003 -999999 -999999 -999999 -999999 -999999 -999999 -999999 -999999 -999999 -999999 -999999 0       0       200     600     200     400     -999999 -999999 
2974   2004 -999999 -999999 -999999 -999999 -999999 1100    -999999 -999999 -999999 -999999 -999999 500     400     0       700     0       300     -999999 -999999 
2974   2005 -999999 -999999 -999999 -999999 -999999 600     -999999 -999999 -999999 -999999 -999999 300     100     300     200     500     300     -999999 -999999 
2974   2006 -999999 -999999 -999999 -999999 -999999 -999999 -999999 -999999 -999999 -999999 -999999 0       700     300     700     200     -999999 -999999 -999999 
2974   2007 -999999 -999999 -999999 -999999 -999999 -999999 -999999 -999999 -999999 -999999 -999999 300     400     -999999 300     400     100     -999999 -999999 
2974   2008 -999999 -999999 -999999 -999999 -999999 700     -999999 -999999 -999999 900     300     -999999 300     100     300     500     0       -999999 -999999 
2974   2009 -999999 -999999 -999999 -999999 -999999 1300    -999999 -999999 -999999 -999999 -999999 0       600     700     0       200     100     -999999 -999999 
2974   2010 -999999 -999999 -999999 -999999 -999999 2300    -999999 -999999 -999999 -999999 -999999 0       1300    800     200     200     500     -999999 700     
2974   2011 -999999 -999999 -999999 -999999 -999999 -999999 -999999 -999999 -999999 -999999 -999999 -999999 -999999 -999999 -999999 -999999 -999999 -999999 -999999 
