EUROPEAN CLIMATE ASSESSMENT & DATASET (ECA&D), file created on: 20-01-2022
THESE DATA CAN BE USED FOR NON-COMMERCIAL RESEARCH AND EDUCATION PROVIDED THAT THE FOLLOWING SOURCE IS ACKNOWLEDGED: 

Klein Tank, A.M.G. and Coauthors, 2002. Daily dataset of 20th-century surface
air temperature and precipitation series for the European Climate Assessment.
Int. J. of Climatol., 22, 1441-1453.
Data and metadata available at http://www.ecad.eu

FILE FORMAT (MISSING VALUE CODE = -999999):

THIS FILE HOLDS DATA FOR STATION ITALY                                    RICCIONE_URBANA                          (STAID:  21785)
LATITUDE: dd:mm:ss +44:00:01
LONGITUDE: ddd:mm:ss +012:39:18
ELEVATION: m   22

DATA IS FOR INDEX Days with TN > 90th percentile of daily min temp (warm nights) (TN90p) with unit 0.01 No of days

01-06 SOUID: Source identifier
08-11 YEAR : YYYY
13-20 ANNUAL DATA VALUES
21-28 WINTER HALF YEAR DATA VALUES
29-36 SUMMER HALF YEAR DATA VALUES
37-44 WINTER (DJF) DATA VALUES
45-52 SPRING (MAM) DATA VALUES
53-60 SUMMER (JJA) DATA VALUES
61-68 AUTUMN (SON) DATA VALUES
69-76 JANUARY DATA VALUES
etc. 
157-164 DECEMBER DATA VALUES

21785  1951 10800   -999999 5200    -999999 2100    2300    3300    1200    1400    800     500     800     900     200     1200    1600    300     1400    500     
21785  1952 9800    2400    8800    700     2600    5000    1800    200     0       0       1400    1200    1700    1400    1900    1200    600     0       200     
21785  1953 7700    800     4600    200     2000    1900    2500    0       0       0       1000    1000    300     900     700     700     1700    100     1300    
21785  1954 8200    4300    5300    1400    1900    3200    2000    0       100     1100    400     400     1700    600     900     1300    300     400     1000    
21785  1955 -999999 4100    2900    3300    700     2000    900     1600    700     100     100     500     900     800     300     300     200     400     -999999 
21785  1956 -999999 -999999 6500    -999999 1700    3400    1800    700     100     0       800     900     200     1100    2100    1400    200     200     500     
21785  1957 9100    2800    5300    1500    2400    3600    1100    0       1000    900     900     600     1700    1300    600     200     300     600     1000    
21785  1958 7700    3000    3200    2100    800     1900    2700    300     800     0       100     700     600     300     1000    500     600     1600    1200    
21785  1959 5300    4400    2500    1400    1800    1000    1100    200     0       800     800     200     300     400     300     500     100     500     1200    
21785  1960 5700    2800    1800    1800    1300    700     1900    100     500     400     500     400     400     100     200     200     800     900     1200    
21785  1961 3700    3300    1800    1400    800     1100    1100    200     0       200     500     100     500     300     300     100     600     400     500     
21785  1962 3100    2200    1900    1000    800     600     1100    400     100     200     300     300     200     0       400     700     100     300     100     
21785  1963 4600    1200    2000    700     600     900     2200    600     0       100     400     100     200     200     500     600     0       1600    300     
21785  1964 4300    2400    2100    500     1000    1200    800     0       200     300     400     300     600     200     400     200     500     100     1100    
21785  1965 2400    2200    1400    1600    200     800     800     400     100     0       0       200     300     400     100     400     100     300     100     
21785  1966 6000    2000    2800    900     2000    1300    1900    0       800     700     1000    300     800     300     200     200     1600    100     0       
21785  1967 3500    2600    1800    300     1300    800     1000    0       300     600     200     500     0       300     500     300     300     400     100     
21785  1968 3100    1800    1700    900     1400    200     600     0       800     200     800     400     0       200     0       300     0       300     100     
21785  1969 3600    1100    2000    100     2100    500     1000    0       0       700     200     1200    200     0       300     100     0       900     0       
21785  1970 3000    1900    1700    800     700     700     800     600     200     200     300     200     400     100     200     500     0       300     0       
21785  1971 3400    1800    1500    1100    800     1000    500     900     200     400     300     100     100     200     700     100     100     300     0       
21785  1972 5500    3400    1000    2100    1200    700     600     700     1400    900     300     0       200     300     200     0       200     400     900     
21785  1973 2600    2400    1300    1700    200     1000    300     800     0       100     0       100     400     400     200     200     100     0       300     
21785  1974 2400    1900    400     1700    300     200     500     600     800     100     100     100     100     100     0       0       0       500     0       
21785  1975 2900    1900    900     1200    300     300     700     800     400     200     0       100     0       200     100     500     0       200     400     
21785  1976 2200    800     600     600     200     200     1200    0       200     0       0       200     100     100     0       200     600     400     400     
21785  1977 6400    4400    2100    2400    1900    1100    1100    900     1100    1000    400     500     300     300     500     100     600     400     300     
21785  1978 2800    2400    1000    900     800     500     400     500     100     500     200     100     300     0       200     200     200     0       500     
21785  1979 4400    2200    2300    1400    900     1900    500     300     600     600     200     100     1300    400     200     100     400     0       200     
21785  1980 1700    1000    1100    500     200     800     400     300     0       100     100     0       200     100     500     200     200     0       0       
21785  1981 3500    900     1600    100     1000    500     1500    0       100     600     200     200     200     0       300     700     800     0       400     
21785  1982 4600    1500    3500    700     400     2400    1000    200     100     0       0       400     900     1300    200     700     100     200     500     
21785  1983 4800    1300    3900    700     1600    2200    500     200     0       300     600     700     300     1200    700     400     100     0       300     
21785  1984 2500    500     1100    400     400     400     700     0       100     0       0       400     200     200     0       300     200     200     900     
21785  1985 4400    1700    3100    900     1800    1400    500     0       0       400     700     700     500     500     400     300     100     100     700     
21785  1986 3400    1300    2200    800     1900    400     1000    0       100     300     700     900     0       100     300     200     100     700     0       
21785  1987 4900    1600    2900    500     600     1300    2400    0       500     300     300     0       100     800     400     1300    800     300     100     
21785  1988 5300    2500    2800    1300    700     2000    1200    900     300     100     100     500     200     1000    800     200     1000    0       200     
21785  1989 3300    2200    1700    600     1600    700     100     0       400     600     700     300     0       100     600     0       0       100     500     
21785  1990 4900    1900    2000    1400    1100    1200    1500    500     400     400     200     500     600     300     300     100     900     500     200     
21785  1991 5000    3000    3100    700     900     2000    1600    500     0       900     0       0       300     700     1000    1100    200     300     0       
21785  1992 5000    900     2900    300     800     1900    1200    200     100     100     300     400     400     100     1400    300     400     500     800     
21785  1993 4400    2400    2500    1400    700     1600    1200    600     0       100     100     500     500     400     700     300     500     400     300     
21785  1994 7200    2500    4300    1400    1100    2900    1400    700     400     200     200     700     600     800     1500    500     300     600     700     
21785  1995 2900    2000    1500    1100    600     800     600     100     300     0       200     400     0       800     0       100     100     400     500     
21785  1996 4100    2000    1400    1300    600     1000    900     700     100     200     100     300     900     100     0       0       100     800     800     
21785  1997 5100    2800    2400    1900    500     1400    1700    800     300     0       0       500     900     200     300     500     500     700     400     
21785  1998 5900    2400    4600    1000    800     3800    700     500     100     200     500     100     1300    1200    1300    200     300     200     0       
21785  1999 5900    1000    3700    300     1200    2000    2200    300     0       200     100     900     700     400     900     700     900     600     200     
21785  2000 6500    2200    4000    500     1900    2100    1500    100     200     200     900     800     800     400     900     200     500     800     700     
21785  2001 -999999 6500    8100    3100    5200    4700    -999999 1600    800     2100    500     2600    1100    1200    2400    300     2300    -999999 -999999 
21785  2002 -999999 -999999 -999999 -999999 -999999 5000    -999999 -999999 -999999 -999999 -999999 2600    2000    1400    1600    1200    1200    -999999 -999999 
21785  2003 -999999 -999999 -999999 -999999 -999999 8600    -999999 -999999 -999999 -999999 -999999 2500    3000    2600    3000    1300    -999999 -999999 -999999 
21785  2004 -999999 -999999 -999999 -999999 -999999 6700    -999999 400     300     200     -999999 1200    2300    2000    2400    1500    2100    -999999 -999999 
21785  2005 6100    -999999 3400    -999999 1500    1900    2000    200     100     500     200     800     1200    400     300     500     700     800     400     
21785  2006 10900   3100    6900    1200    3200    3700    2300    400     400     400     1700    1100    1600    1800    300     400     900     1000    900     
21785  2007 9400    6000    5400    3200    2600    3600    700     1200    1100    900     400     1300    1400    1500    700     100     300     300     200     
21785  2008 10500   3100    5600    1900    2300    3000    2600    1000    700     600     600     1100    900     900     1200    900     900     800     900     
21785  2009 11800   4300    7600    1900    3300    4100    2700    500     500     700     1000    1600    1200    800     2100    900     500     1300    700     
21785  2010 7500    3900    5000    1600    2000    3200    1100    500     400     500     500     1000    1200    1300    700     300     200     600     300     
21785  2011 8500    2000    6000    800     1600    3400    2100    200     300     400     500     700     900     900     1600    1400    200     500     900     
21785  2012 9800    2300    7400    1300    1700    5300    2100    200     200     300     700     700     1800    1800    1700    700     300     1100    300     
21785  2013 8200    3000    4400    900     2500    2200    2200    500     100     700     900     900     900     500     800     400     900     900     700     
21785  2014 11500   6600    3000    4200    1700    1600    3600    1900    1600    600     700     400     700     200     700     300     1400    1900    1100    
21785  2015 11100   6800    7500    2700    2500    4900    1800    800     800     800     600     1100    1300    2300    1300    900     500     400     300     
21785  2016 10100   4500    5400    2700    2700    2800    2000    800     1600    900     1100    700     700     1400    700     800     400     800     200     
21785  2017 10000   3400    7100    1300    2500    5200    400     200     900     900     900     700     2100    1400    1700    300     0       100     800     
21785  2018 11300   2700    7800    2100    3100    4200    2600    1200    100     500     1000    1600    1100    1200    1900    1000    600     1000    100     
21785  2019 9000    3300    5000    600     1700    4000    1800    200     300     1100    300     300     1300    1000    1700    400     600     800     1000    
21785  2020 11700   4500    7400    2800    1900    4200    2700    700     1100    300     500     1100    300     1100    2800    1600    400     700     1100    
21785  2021 14200   4300    9900    3000    2200    6900    2500    800     1100    200     600     1400    2400    2400    2100    1000    600     900     700     
